0.000250,0.085213
0.000750,0.102585
0.001250,-0.019954
0.001750,-0.086618
0.002250,-0.242132
0.002750,-0.010979
0.003250,0.130080
0.003750,0.047429
0.004250,0.355628
0.004750,0.569692
0.005250,0.910323
0.005750,0.704357
0.006250,0.688595
0.006750,0.524158
0.007250,0.729063
0.007750,0.585437
0.008250,0.688806
0.008750,0.608653
0.009250,0.472788
0.009750,0.464252
0.010250,0.369039
0.010750,0.494731
0.011250,1.125281
0.011750,0.699480
0.012250,0.680667
0.012750,0.939100
0.013250,0.790072
0.013750,1.135918
0.014250,1.194569
0.014750,1.308160
0.015250,1.507127
0.015750,1.835004
0.016250,1.449766
0.016750,1.775161
0.017250,1.732192
0.017750,1.643654
0.018250,1.049824
0.018750,1.376882
0.019250,1.579421
0.019750,1.868928
0.020250,1.158490
0.020750,1.719201
0.021250,1.520500
0.021750,1.519405
0.022250,1.170638
0.022750,1.004371
0.023250,1.122530
0.023750,0.998044
0.024250,1.075433
0.024750,0.993341
0.025250,1.124527
0.025750,1.292712
0.026250,1.290808
0.026750,1.372845
0.027250,1.555447
0.027750,1.531119
0.028250,1.664472
0.028750,1.045915
0.029250,1.402279
0.029750,1.300180
0.030250,1.696028
0.030750,1.761711
0.031250,1.667458
0.031750,2.086279
0.032250,1.814177
0.032750,2.387001
0.033250,2.106482
0.033750,1.789335
0.034250,1.840389
0.034750,1.988613
0.035250,2.148676
0.035750,2.382175
0.036250,1.710161
0.036750,1.544060
0.037250,2.182970
0.037750,1.868999
0.038250,1.218923
0.038750,1.701463
0.039250,1.258249
0.039750,1.050136
0.040250,1.944348
0.040750,1.843861
0.041250,1.755469
0.041750,1.193048
0.042250,1.247831
0.042750,1.246506
0.043250,1.025623
0.043750,0.637409
0.044250,0.162000
0.044750,0.123790
0.045250,0.744901
0.045750,1.268992
0.046250,1.332163
0.046750,0.991743
0.047250,0.768356
0.047750,0.295421
0.048250,1.095254
0.048750,0.717298
0.049250,1.362970
0.049750,0.352544
0.050250,0.709884
0.050750,0.913577
0.051250,0.833856
0.051750,1.600745
0.052250,-0.028117
0.052750,1.134242
0.053250,0.703976
0.053750,1.591303
0.054250,1.880796
0.054750,1.283005
0.055250,1.504311
0.055750,1.974507
0.056250,1.594511
0.056750,1.794933
0.057250,1.618296
0.057750,1.306080
0.058250,1.868961
0.058750,2.013292
0.059250,1.255081
0.059750,1.997914
0.060250,1.222120
0.060750,1.239221
0.061250,1.256880
0.061750,0.798454
0.062250,1.158630
0.062750,1.574706
0.063250,1.272108
0.063750,1.460676
0.064250,1.927838
0.064750,1.478590
0.065250,0.591892
0.065750,0.703152
0.066250,1.234985
0.066750,0.779363
0.067250,1.272052
0.067750,0.690795
0.068250,1.330862
0.068750,1.225023
0.069250,0.128152
0.069750,0.955176
0.070250,-0.579904
0.070750,0.565714
0.071250,-0.144160
0.071750,0.337052
0.072250,0.888599
0.072750,0.140225
0.073250,0.037345
0.073750,0.487316
0.074250,-0.085187
0.074750,0.333221
0.075250,0.907595
0.075750,0.381810
0.076250,0.907667
0.076750,0.830815
0.077250,0.886131
0.077750,-0.167683
0.078250,0.738126
0.078750,0.614821
0.079250,0.135197
0.079750,0.086947
0.080250,0.214899
0.080750,1.073260
0.081250,0.959772
0.081750,0.956248
0.082250,0.476578
0.082750,0.952210
0.083250,0.683953
0.083750,2.050515
0.084250,0.676254
0.084750,1.427215
0.085250,1.244656
0.085750,0.734179
0.086250,1.823161
0.086750,0.683403
0.087250,1.532136
0.087750,1.017795
0.088250,0.909975
0.088750,0.934517
0.089250,0.790825
0.089750,1.144175
0.090250,0.744528
0.090750,0.665469
0.091250,0.739522
0.091750,0.514478
0.092250,-0.315008
0.092750,0.669624
0.093250,0.188893
0.093750,-0.198290
0.094250,0.644440
0.094750,0.490529
0.095250,0.480895
0.095750,0.464430
0.096250,0.900596
0.096750,0.630396
0.097250,0.378519
0.097750,-0.176421
0.098250,-0.324443
0.098750,-0.203721
0.099250,0.244753
0.099750,0.372525
0.100250,0.106477
0.100750,-0.604202
0.101250,-1.248162
0.101750,-0.343126
0.102250,-0.086278
0.102750,-1.324179
0.103250,-1.012610
0.103750,-1.267632
0.104250,-1.412833
0.104750,-1.442420
0.105250,-0.507133
0.105750,-0.133403
0.106250,-0.228634
0.106750,0.071625
0.107250,-0.927206
0.107750,-0.711127
0.108250,-1.280338
0.108750,-1.333436
0.109250,-1.906745
0.109750,-1.853906
0.110250,-0.974752
0.110750,0.431229
0.111250,-1.123842
0.111750,-0.825703
0.112250,-1.728698
0.112750,-1.417917
0.113250,-1.975793
0.113750,-0.604328
0.114250,-0.939535
0.114750,-1.473600
0.115250,-0.420782
0.115750,-1.208024
0.116250,-1.430622
0.116750,-1.169747
0.117250,-0.833062
0.117750,-0.746228
0.118250,-0.379641
0.118750,0.206240
0.119250,0.056201
0.119750,-0.431031
0.120250,-0.082181
0.120750,-0.247429
0.121250,0.049481
0.121750,-0.476107
0.122250,-0.393578
0.122750,0.194848
0.123250,0.104541
0.123750,-0.476708
0.124250,-0.518472
0.124750,-0.557019
0.125250,-0.307986
0.125750,-0.194117
0.126250,-0.449525
0.126750,-0.276199
0.127250,-0.143183
0.127750,-0.282077
0.128250,-0.322741
0.128750,-0.747736
0.129250,-1.056048
0.129750,0.159171
0.130250,-0.876880
0.130750,-1.008600
0.131250,-1.626491
0.131750,-0.808229
0.132250,-1.442831
0.132750,-1.384357
0.133250,-1.355738
0.133750,-0.687191
0.134250,-1.120852
0.134750,-0.694869
0.135250,-1.834630
0.135750,-1.304129
0.136250,-1.669692
0.136750,-1.490721
0.137250,-2.302754
0.137750,-1.852616
0.138250,-1.820683
0.138750,-1.936192
0.139250,-2.240192
0.139750,-0.566613
0.140250,-1.687213
0.140750,-1.339502
0.141250,-1.906402
0.141750,-2.994396
0.142250,-2.307317
0.142750,-1.560749
0.143250,-3.586332
0.143750,-3.257043
0.144250,-2.390246
0.144750,-3.745372
0.145250,-2.292331
0.145750,-3.994664
0.146250,-3.193146
0.146750,-2.069487
0.147250,-1.495704
0.147750,-2.109476
0.148250,-2.582537
0.148750,-1.790975
0.149250,-1.278303
0.149750,-2.766276
0.150250,-2.876840
0.150750,-1.462177
0.151250,-2.364854
0.151750,-2.021557
0.152250,-1.593583
0.152750,-2.861589
0.153250,-1.649710
0.153750,-2.788138
0.154250,-2.734579
0.154750,-3.063097
0.155250,-2.993048
0.155750,-1.802335
0.156250,-2.356429
0.156750,-1.910849
0.157250,-1.727256
0.157750,-2.293354
0.158250,-1.655735
0.158750,-2.172366
0.159250,-2.700174
0.159750,-1.933736
0.160250,-2.488806
0.160750,-2.208004
0.161250,-1.080558
0.161750,-2.202119
0.162250,-1.479980
0.162750,-1.706581
0.163250,-1.718301
0.163750,-1.797614
0.164250,-1.725815
0.164750,-2.487099
0.165250,-1.993937
0.165750,-1.947314
0.166250,-1.417306
0.166750,-0.776186
0.167250,-0.910240
0.167750,-2.200570
0.168250,-2.576449
0.168750,-2.045736
0.169250,-1.466678
0.169750,-2.611618
0.170250,-1.264769
0.170750,-2.389161
0.171250,-1.342148
0.171750,-1.555586
0.172250,-2.721357
0.172750,-2.642047
0.173250,-1.076593
0.173750,-2.250567
0.174250,-1.950139
0.174750,-2.462619
0.175250,-1.970209
0.175750,-1.249565
0.176250,-2.398173
0.176750,-1.842005
0.177250,-1.267380
0.177750,-2.071621
0.178250,-1.733810
0.178750,-1.985779
0.179250,-1.362148
0.179750,-0.987740
0.180250,-1.797531
0.180750,-1.666015
0.181250,-1.612431
0.181750,-1.154299
0.182250,-2.068574
0.182750,-3.121605
0.183250,-2.726883
0.183750,-3.134572
0.184250,-2.857847
0.184750,-1.864754
0.185250,-3.236866
0.185750,-2.035589
0.186250,-4.136659
0.186750,-3.584555
0.187250,-2.635624
0.187750,-3.673029
0.188250,-1.872730
0.188750,-3.035617
0.189250,-3.303928
0.189750,-3.324793
0.190250,-3.380910
0.190750,-2.981708
0.191250,-1.526574
0.191750,-0.854067
0.192250,-3.528390
0.192750,-2.837310
0.193250,-1.551072
0.193750,-2.523978
0.194250,-3.102242
0.194750,-3.703780
0.195250,-1.170824
0.195750,-1.878672
0.196250,-2.239014
0.196750,-1.391846
0.197250,-2.083189
0.197750,-3.074207
0.198250,-3.161928
0.198750,-3.757229
0.199250,-2.289699
0.199750,-1.366351
0.200250,-2.288828
0.200750,-1.082479
0.201250,-2.423762
0.201750,-2.954992
0.202250,-4.715374
0.202750,-1.707726
0.203250,-3.269232
0.203750,-2.796066
0.204250,-3.845333
0.204750,-2.544690
0.205250,-3.824236
0.205750,-1.588340
0.206250,-0.425301
0.206750,-2.412703
0.207250,-0.771876
0.207750,-2.013326
0.208250,-2.218122
0.208750,-1.666198
0.209250,-0.960040
0.209750,-0.216787
0.210250,-0.161198
0.210750,-2.018548
0.211250,-0.729375
0.211750,0.041436
0.212250,-2.105409
0.212750,-1.306208
0.213250,-1.949522
0.213750,0.679159
0.214250,-0.555649
0.214750,-1.449181
0.215250,-0.484042
0.215750,-1.163179
0.216250,-0.157629
0.216750,-1.268939
0.217250,-1.559179
0.217750,-0.814985
0.218250,-1.204835
0.218750,-0.700519
0.219250,-0.166751
0.219750,-2.234350
0.220250,-2.117042
0.220750,-1.664001
0.221250,-0.064559
0.221750,-0.128074
0.222250,-0.640882
0.222750,-1.798298
0.223250,-0.604042
0.223750,-1.863139
0.224250,-2.360106
0.224750,-2.529418
0.225250,-1.150140
0.225750,-1.850413
0.226250,-1.297994
0.226750,-1.368520
0.227250,-0.508247
0.227750,-1.002290
0.228250,-1.460609
0.228750,-1.971518
0.229250,-0.262126
0.229750,-0.961091
0.230250,-0.877102
0.230750,-1.885752
0.231250,-0.628285
0.231750,-1.893063
0.232250,-1.135341
0.232750,-2.462001
0.233250,-1.808269
0.233750,-0.940872
0.234250,-0.280436
0.234750,-2.655954
0.235250,-0.096569
0.235750,-2.665398
0.236250,-2.526831
0.236750,-3.466648
0.237250,-2.349848
0.237750,-2.811277
0.238250,-3.219571
0.238750,-3.171424
0.239250,-2.510937
0.239750,-3.423292
0.240250,-2.128098
0.240750,-3.339871
0.241250,-0.968498
0.241750,-1.277707
0.242250,-2.966599
0.242750,-2.074933
0.243250,-1.697592
0.243750,-2.551262
0.244250,-2.524543
0.244750,-1.299265
0.245250,-2.034858
0.245750,-3.146985
0.246250,-1.651843
0.246750,-0.495779
0.247250,-2.787289
0.247750,-2.003174
0.248250,-2.927483
0.248750,-0.242338
0.249250,-1.557081
0.249750,-1.225452
0.250250,-2.265017
0.250750,-0.627450
0.251250,-1.223302
0.251750,-2.679735
0.252250,-1.261740
0.252750,-1.364706
0.253250,-0.921283
0.253750,-1.511283
0.254250,-0.865347
0.254750,-2.665593
0.255250,-1.719824
0.255750,-1.991791
0.256250,-1.671661
0.256750,-2.257377
0.257250,0.184325
0.257750,-0.362336
0.258250,-0.956826
0.258750,-0.994492
0.259250,-0.587075
0.259750,-1.269292
0.260250,-1.645368
0.260750,-0.913791
0.261250,-0.657058
0.261750,0.070972
0.262250,-0.504180
0.262750,-0.262761
0.263250,-0.582519
0.263750,-1.243130
0.264250,0.366089
0.264750,-1.176385
0.265250,-0.761157
0.265750,0.915942
0.266250,0.813952
0.266750,0.557618
0.267250,0.304703
0.267750,0.168369
0.268250,-0.212104
0.268750,-1.600072
0.269250,-0.124795
0.269750,-0.859117
0.270250,0.802646
0.270750,-0.248406
0.271250,-0.743784
0.271750,-0.543717
0.272250,-1.626989
0.272750,0.689349
0.273250,0.015712
0.273750,-0.356407
0.274250,0.865322
0.274750,0.321732
0.275250,-0.730446
0.275750,1.097806
0.276250,-0.666317
0.276750,-1.944633
0.277250,-2.352605
0.277750,-0.146921
0.278250,-0.542890
0.278750,0.453724
0.279250,0.157621
0.279750,0.643121
0.280250,-0.686245
0.280750,-0.696183
0.281250,1.330233
0.281750,-0.163859
0.282250,0.215298
0.282750,-1.561845
0.283250,0.181469
0.283750,-0.671500
0.284250,0.780257
0.284750,-2.241616
0.285250,-1.505231
0.285750,0.116477
0.286250,0.055794
0.286750,-1.327275
0.287250,0.451168
0.287750,0.502352
0.288250,1.234617
0.288750,1.284203
0.289250,-0.768433
0.289750,-0.142785
0.290250,0.251042
0.290750,-0.518061
0.291250,-0.354739
0.291750,-0.633464
0.292250,0.114792
0.292750,-1.259020
0.293250,-1.869550
0.293750,-0.924188
0.294250,-3.037984
0.294750,-2.323153
0.295250,-0.390094
0.295750,-0.226697
0.296250,-1.664117
0.296750,-3.303426
0.297250,-1.970595
0.297750,-0.534774
0.298250,-1.899665
0.298750,-1.973824
0.299250,-2.171889
0.299750,-1.186429
0.300250,-2.290257
0.300750,-1.854031
0.301250,-0.943948
0.301750,-1.053492
0.302250,-0.148732
0.302750,-0.071983
0.303250,0.628987
0.303750,-0.896369
0.304250,-1.291128
0.304750,-0.301693
0.305250,-1.500497
0.305750,0.565864
0.306250,-0.361753
0.306750,-1.065727
0.307250,0.642627
0.307750,1.778337
0.308250,0.951947
0.308750,0.081559
0.309250,0.963559
0.309750,0.747687
0.310250,-1.001213
0.310750,-0.648278
0.311250,-1.183428
0.311750,-0.476693
0.312250,-0.351632
0.312750,-1.486956
0.313250,0.214892
0.313750,-1.292504
0.314250,-0.510772
0.314750,-0.426572
0.315250,-0.161750
0.315750,1.330847
0.316250,-0.660944
0.316750,-1.631094
0.317250,1.632407
0.317750,0.877957
0.318250,-0.130027
0.318750,0.175283
0.319250,-0.024012
0.319750,0.438438
0.320250,0.323491
0.320750,0.257328
0.321250,0.994524
0.321750,0.637340
0.322250,0.532210
0.322750,-0.018235
0.323250,2.437061
0.323750,1.823895
0.324250,3.046342
0.324750,1.105915
0.325250,2.398208
0.325750,2.669669
0.326250,1.192713
0.326750,1.900209
0.327250,0.280002
0.327750,0.310690
0.328250,1.648780
0.328750,1.249493
0.329250,0.699424
0.329750,0.748132
0.330250,1.827578
0.330750,-0.394526
0.331250,2.159256
0.331750,1.162966
0.332250,0.639702
0.332750,1.347272
0.333250,2.610811
0.333750,1.993953
0.334250,1.225290
0.334750,1.708063
0.335250,1.449234
0.335750,2.033050
0.336250,1.064341
0.336750,2.400872
0.337250,0.302097
0.337750,1.536565
0.338250,-0.218055
0.338750,0.177272
0.339250,1.337275
0.339750,1.736475
0.340250,1.301313
0.340750,0.474093
0.341250,1.028074
0.341750,1.472446
0.342250,1.529512
0.342750,1.887689
0.343250,-0.672983
0.343750,0.834922
0.344250,-0.094942
0.344750,2.200164
0.345250,1.489531
0.345750,0.899568
0.346250,1.348801
0.346750,3.185265
0.347250,2.115478
0.347750,2.682878
0.348250,2.106746
0.348750,0.622950
0.349250,1.909888
0.349750,2.275283
0.350250,2.688530
0.350750,0.622729
0.351250,1.242480
0.351750,1.622802
0.352250,0.084287
0.352750,3.552460
0.353250,2.250017
0.353750,0.128415
0.354250,1.431090
0.354750,1.216839
0.355250,0.800104
0.355750,1.484157
0.356250,0.771632
0.356750,0.714923
0.357250,0.363759
0.357750,1.497985
0.358250,1.280463
0.358750,1.511773
0.359250,1.177013
0.359750,0.868127
0.360250,2.026041
0.360750,2.001283
0.361250,-1.055006
0.361750,0.781532
0.362250,1.985182
0.362750,0.705665
0.363250,1.622542
0.363750,-0.487628
0.364250,-0.334423
0.364750,0.580784
0.365250,-0.361985
0.365750,0.628712
0.366250,1.057676
0.366750,2.285633
0.367250,1.384626
0.367750,1.209249
0.368250,2.178255
0.368750,1.057955
0.369250,2.640538
0.369750,2.332142
0.370250,1.737040
0.370750,3.627114
0.371250,3.434776
0.371750,1.890788
0.372250,2.007226
0.372750,0.676981
0.373250,3.330388
0.373750,1.322384
0.374250,3.018687
0.374750,3.799759
0.375250,1.435501
0.375750,1.075803
0.376250,0.996861
0.376750,1.699176
0.377250,3.878299
0.377750,1.808298
0.378250,1.363144
0.378750,2.762384
0.379250,2.064726
0.379750,1.375462
0.380250,0.132437
0.380750,2.201970
0.381250,1.581804
0.381750,1.958916
0.382250,2.671116
0.382750,1.873867
0.383250,2.630257
0.383750,3.061456
0.384250,1.706930
0.384750,3.551153
0.385250,2.434839
0.385750,4.091979
0.386250,4.620044
0.386750,2.614315
0.387250,1.593237
0.387750,4.055128
0.388250,3.878034
0.388750,3.709968
0.389250,1.984516
0.389750,3.688215
0.390250,3.874102
0.390750,2.950032
0.391250,3.032117
0.391750,3.650774
0.392250,5.023927
0.392750,3.564570
0.393250,4.541932
0.393750,4.855760
0.394250,3.990274
0.394750,3.163297
0.395250,3.320828
0.395750,2.473341
0.396250,2.775590
0.396750,3.378917
0.397250,3.383407
0.397750,3.887222
0.398250,3.854526
0.398750,3.004103
0.399250,4.966838
0.399750,5.067292
0.400250,4.857360
0.400750,3.471501
0.401250,3.609814
0.401750,5.014784
0.402250,3.206980
0.402750,5.139216
0.403250,4.111544
0.403750,3.454651
0.404250,4.120260
0.404750,5.394763
0.405250,2.614354
0.405750,3.671105
0.406250,4.863373
0.406750,2.731204
0.407250,3.354240
0.407750,3.091061
0.408250,3.461949
0.408750,1.657818
0.409250,3.560124
0.409750,3.244065
0.410250,2.613283
0.410750,2.159736
0.411250,3.071311
0.411750,3.854905
0.412250,3.819577
0.412750,4.447303
0.413250,3.469348
0.413750,2.923324
0.414250,4.467401
0.414750,3.982169
0.415250,4.732441
0.415750,2.712408
0.416250,3.228014
0.416750,5.229918
0.417250,4.235116
0.417750,4.695008
0.418250,3.812978
0.418750,1.830284
0.419250,4.142018
0.419750,3.733175
0.420250,3.356494
0.420750,3.107397
0.421250,2.188392
0.421750,2.928459
0.422250,4.245291
0.422750,3.228639
0.423250,2.434130
0.423750,4.361015
0.424250,3.749859
0.424750,1.678014
0.425250,3.924877
0.425750,3.906631
0.426250,1.041992
0.426750,4.189810
0.427250,2.637972
0.427750,3.037030
0.428250,2.245219
0.428750,1.155720
0.429250,0.919879
0.429750,1.574362
0.430250,2.292667
0.430750,4.991941
0.431250,4.330998
0.431750,2.996889
0.432250,0.729049
0.432750,4.038487
0.433250,1.995379
0.433750,3.556975
0.434250,3.872892
0.434750,2.445466
0.435250,2.414331
0.435750,3.637627
0.436250,3.151833
0.436750,1.452486
0.437250,2.321418
0.437750,3.864407
0.438250,5.531197
0.438750,4.842491
0.439250,5.061418
0.439750,3.353286
0.440250,4.314609
0.440750,2.969586
0.441250,3.451355
0.441750,5.524312
0.442250,2.626280
0.442750,4.173944
0.443250,3.106423
0.443750,2.753221
0.444250,3.654039
0.444750,2.108324
0.445250,1.938858
0.445750,2.726258
0.446250,4.345769
0.446750,1.663783
0.447250,3.240093
0.447750,4.888717
0.448250,4.355628
0.448750,4.433954
0.449250,4.362970
0.449750,1.723553
0.450250,4.217699
0.450750,2.908631
0.451250,2.907515
0.451750,4.475177
0.452250,4.318471
0.452750,4.208511
0.453250,4.453461
0.453750,5.170134
0.454250,2.189639
0.454750,4.329342
0.455250,4.203127
0.455750,4.520741
0.456250,4.637117
0.456750,2.201938
0.457250,4.225701
0.457750,4.747290
0.458250,3.567506
0.458750,3.810576
0.459250,2.776275
0.459750,5.131587
0.460250,3.280375
0.460750,3.344946
0.461250,4.214592
0.461750,2.932334
0.462250,4.877614
0.462750,3.999905
0.463250,2.779771
0.463750,3.039725
0.464250,3.289387
0.464750,3.396613
0.465250,3.790617
0.465750,6.522206
0.466250,3.459186
0.466750,4.488848
0.467250,3.681494
0.467750,6.012703
0.468250,4.667815
0.468750,4.673612
0.469250,5.777210
0.469750,3.860744
0.470250,3.305901
0.470750,4.579424
0.471250,6.366730
0.471750,4.849978
0.472250,3.177617
0.472750,3.778792
0.473250,3.166779
0.473750,4.387012
0.474250,4.075560
0.474750,2.476136
0.475250,4.672543
0.475750,4.583460
0.476250,3.956027
0.476750,3.146603
0.477250,5.876857
0.477750,3.614525
0.478250,1.343387
0.478750,5.208351
0.479250,3.999457
0.479750,2.034273
0.480250,2.259753
0.480750,3.613909
0.481250,4.715125
0.481750,3.860138
0.482250,5.469794
0.482750,4.369946
0.483250,2.595763
0.483750,3.938826
0.484250,4.081141
0.484750,5.673274
0.485250,3.526527
0.485750,3.409429
0.486250,3.346786
0.486750,3.657502
0.487250,2.767559
0.487750,5.694325
0.488250,4.320314
0.488750,4.186135
0.489250,4.621489
0.489750,3.607912
0.490250,2.711550
0.490750,3.212310
0.491250,4.677762
0.491750,2.968882
0.492250,5.215457
0.492750,3.321996
0.493250,2.740927
0.493750,3.553351
0.494250,3.269353
0.494750,3.903302
0.495250,3.421513
0.495750,4.817141
0.496250,2.834308
0.496750,1.791993
0.497250,2.077970
0.497750,2.030459
0.498250,1.611335
0.498750,4.071550
0.499250,3.025337
0.499750,2.188411
0.500250,2.061515
0.500750,3.543705
0.501250,2.908109
0.501750,1.027864
0.502250,1.367141
0.502750,3.497947
0.503250,3.695590
0.503750,1.714287
0.504250,1.993155
0.504750,3.498126
0.505250,0.634191
0.505750,3.600086
0.506250,0.716657
0.506750,1.879564
0.507250,2.123637
0.507750,4.870681
0.508250,0.622528
0.508750,2.011400
0.509250,1.678990
0.509750,2.805129
0.510250,-0.281372
0.510750,4.107315
0.511250,4.506546
0.511750,-0.105725
0.512250,2.797698
0.512750,1.435049
0.513250,0.891084
0.513750,1.821777
0.514250,2.686988
0.514750,2.283685
0.515250,2.623171
0.515750,3.575207
0.516250,2.248152
0.516750,2.217507
0.517250,1.847109
0.517750,1.653407
0.518250,3.149570
0.518750,4.711080
0.519250,1.099902
0.519750,2.485393
0.520250,2.309300
0.520750,3.331408
0.521250,3.189324
0.521750,3.052000
0.522250,4.577745
0.522750,3.508184
0.523250,3.822244
0.523750,2.863171
0.524250,2.927238
0.524750,0.264450
0.525250,2.109079
0.525750,1.555031
0.526250,0.335920
0.526750,3.096933
0.527250,2.274776
0.527750,1.637920
0.528250,-0.150258
0.528750,0.949409
0.529250,3.634935
0.529750,3.976700
0.530250,3.809667
0.530750,1.647943
0.531250,1.228287
0.531750,2.397784
0.532250,2.050564
0.532750,-0.340696
0.533250,2.584712
0.533750,2.803993
0.534250,5.249047
0.534750,2.824516
0.535250,3.181804
0.535750,3.565621
0.536250,2.920648
0.536750,3.236401
0.537250,3.383563
0.537750,4.317220
0.538250,4.237509
0.538750,4.356932
0.539250,3.963431
0.539750,4.239576
0.540250,3.336087
0.540750,4.290279
0.541250,2.944173
0.541750,5.558974
0.542250,3.010558
0.542750,0.457304
0.543250,3.887389
0.543750,4.002636
0.544250,2.221921
0.544750,2.518953
0.545250,3.589701
0.545750,3.903035
0.546250,1.606983
0.546750,3.510514
0.547250,5.596703
0.547750,3.150279
0.548250,1.683652
0.548750,3.522040
0.549250,3.422920
0.549750,1.764174
0.550250,1.005685
0.550750,3.153573
0.551250,2.774947
0.551750,3.580352
0.552250,1.707740
0.552750,4.565011
0.553250,5.110342
0.553750,4.398108
0.554250,4.528168
0.554750,3.417112
0.555250,2.139001
0.555750,3.121560
0.556250,2.020807
0.556750,4.745217
0.557250,2.102726
0.557750,2.040057
0.558250,2.439629
0.558750,3.445639
0.559250,2.027066
0.559750,3.307357
0.560250,4.630988
0.560750,3.290513
0.561250,1.414131
0.561750,4.258408
0.562250,3.001496
0.562750,2.928221
0.563250,0.917633
0.563750,2.471599
0.564250,2.757112
0.564750,1.448397
0.565250,3.111437
0.565750,3.340284
0.566250,3.512091
0.566750,4.481191
0.567250,3.568190
0.567750,4.616958
0.568250,2.559990
0.568750,1.723293
0.569250,3.204417
0.569750,2.836358
0.570250,1.909944
0.570750,2.741620
0.571250,1.462905
0.571750,4.657254
0.572250,1.702925
0.572750,1.849531
0.573250,1.507667
0.573750,2.655475
0.574250,4.116933
0.574750,1.080702
0.575250,3.941809
0.575750,0.233911
0.576250,1.077650
0.576750,0.444843
0.577250,3.357444
0.577750,-0.147422
0.578250,1.366722
0.578750,1.942966
0.579250,2.139070
0.579750,3.622894
0.580250,1.361399
0.580750,1.328043
0.581250,-2.078924
0.581750,0.548398
0.582250,1.474756
0.582750,-0.648709
0.583250,1.591684
0.583750,-0.188183
0.584250,2.713215
0.584750,0.209883
0.585250,1.021568
0.585750,2.552924
0.586250,0.536819
0.586750,2.726506
0.587250,2.133660
0.587750,2.884522
0.588250,2.495907
0.588750,0.917917
0.589250,0.454318
0.589750,0.542095
0.590250,-0.192229
0.590750,0.201986
0.591250,0.431146
0.591750,1.769539
0.592250,2.432817
0.592750,0.743769
0.593250,1.447622
0.593750,0.813850
0.594250,1.303899
0.594750,0.624515
0.595250,2.400085
0.595750,-0.517211
0.596250,1.890296
0.596750,-0.814670
0.597250,0.443626
0.597750,1.624278
0.598250,1.041737
0.598750,2.195222
0.599250,0.899315
0.599750,2.305125
0.600250,1.642305
0.600750,3.242886
0.601250,4.503183
0.601750,2.164723
0.602250,1.883744
0.602750,2.451731
0.603250,1.513715
0.603750,1.229844
0.604250,0.177217
0.604750,1.751694
0.605250,-0.550497
0.605750,1.654090
0.606250,0.095342
0.606750,1.867821
0.607250,1.832449
0.607750,0.029082
0.608250,1.149619
0.608750,-1.483488
0.609250,-0.380426
0.609750,1.958437
0.610250,-0.774506
0.610750,0.941407
0.611250,0.017334
0.611750,0.856698
0.612250,1.123972
0.612750,1.925820
0.613250,0.617923
0.613750,2.599710
0.614250,2.133105
0.614750,-0.444228
0.615250,-0.234010
0.615750,2.108799
0.616250,1.593468
0.616750,-1.317443
0.617250,0.795038
0.617750,3.175284
0.618250,2.053554
0.618750,2.484077
0.619250,2.415699
0.619750,0.669072
0.620250,-0.770975
0.620750,0.062339
0.621250,0.594689
0.621750,0.268385
0.622250,1.673978
0.622750,2.725397
0.623250,3.209707
0.623750,2.487608
0.624250,4.266016
0.624750,2.087071
0.625250,2.037057
0.625750,2.525938
0.626250,3.896677
0.626750,4.465582
0.627250,2.859019
0.627750,1.916316
0.628250,2.276883
0.628750,3.837402
0.629250,0.438122
0.629750,2.964615
0.630250,2.664518
0.630750,3.401445
0.631250,3.340272
0.631750,3.453287
0.632250,2.081019
0.632750,1.047132
0.633250,4.178530
0.633750,0.653987
0.634250,2.214554
0.634750,0.997233
0.635250,1.198573
0.635750,2.787303
0.636250,2.966568
0.636750,2.122183
0.637250,0.587960
0.637750,5.227780
0.638250,0.677860
0.638750,-1.036219
0.639250,3.281168
0.639750,2.510138
0.640250,2.865806
0.640750,0.056053
0.641250,4.776739
0.641750,-0.453571
0.642250,0.869003
0.642750,1.077821
0.643250,3.271777
0.643750,1.026952
0.644250,-1.720504
0.644750,-0.766495
0.645250,0.159267
0.645750,0.277032
0.646250,2.554029
0.646750,2.933963
0.647250,0.180329
0.647750,2.125559
0.648250,0.394572
0.648750,2.504809
0.649250,-0.915369
0.649750,2.721457
0.650250,1.084795
0.650750,1.965568
0.651250,1.552150
0.651750,0.469462
0.652250,1.373576
0.652750,2.148679
0.653250,0.731303
0.653750,0.752022
0.654250,1.301937
0.654750,0.948028
0.655250,1.810882
0.655750,1.435063
0.656250,3.446296
0.656750,3.853353
0.657250,1.368128
0.657750,2.399120
0.658250,1.164730
0.658750,2.532689
0.659250,-0.947636
0.659750,-0.233894
0.660250,-0.262760
0.660750,-0.610961
0.661250,-2.218071
0.661750,0.189958
0.662250,2.874725
0.662750,0.030311
0.663250,-0.642722
0.663750,-1.172377
0.664250,-0.046857
0.664750,2.873193
0.665250,-0.379337
0.665750,1.454639
0.666250,-1.348400
0.666750,0.668411
0.667250,0.313290
0.667750,-0.909691
0.668250,-0.204569
0.668750,-0.787952
0.669250,0.286900
0.669750,0.040233
0.670250,1.654890
0.670750,-0.692908
0.671250,1.416445
0.671750,-1.635925
0.672250,-0.549022
0.672750,0.491675
0.673250,-2.367874
0.673750,-0.447016
0.674250,-1.556045
0.674750,0.329410
0.675250,-2.785844
0.675750,-1.014491
0.676250,-2.031184
0.676750,-0.102822
0.677250,-1.257169
0.677750,-1.382997
0.678250,-0.575204
0.678750,-0.938688
0.679250,0.876942
0.679750,-0.401685
0.680250,-0.577433
0.680750,0.048724
0.681250,2.255345
0.681750,0.308193
0.682250,-2.496526
0.682750,-0.533827
0.683250,-0.481071
0.683750,-0.437889
0.684250,-1.680997
0.684750,-0.906269
0.685250,-1.510035
0.685750,-2.356977
0.686250,-0.973649
0.686750,-2.936289
0.687250,-1.286845
0.687750,0.472619
0.688250,-0.560815
0.688750,-0.946981
0.689250,-0.552435
0.689750,1.197785
0.690250,-1.604860
0.690750,-0.083951
0.691250,0.268593
0.691750,-1.511173
0.692250,-1.535826
0.692750,-0.375187
0.693250,0.756522
0.693750,-0.989414
0.694250,-0.539956
0.694750,-2.103286
0.695250,0.175309
0.695750,-1.761100
0.696250,0.788112
0.696750,0.827174
0.697250,1.940664
0.697750,-0.056898
0.698250,-0.475084
0.698750,-3.277722
0.699250,-1.032055
0.699750,0.363658
0.700250,1.196878
0.700750,-0.979171
0.701250,0.654879
0.701750,-2.297058
0.702250,-2.103712
0.702750,-0.059395
0.703250,-3.682336
0.703750,-2.821877
0.704250,-0.629500
0.704750,-2.559365
0.705250,-2.910964
0.705750,-3.894020
0.706250,-1.914595
0.706750,-4.215698
0.707250,-0.500937
0.707750,-2.040093
0.708250,-1.002325
0.708750,-0.871269
0.709250,-4.504608
0.709750,-0.631178
0.710250,-1.875958
0.710750,-2.471580
0.711250,-1.182204
0.711750,-0.328355
0.712250,-0.644685
0.712750,-0.984135
0.713250,-0.182234
0.713750,1.432271
0.714250,-1.519025
0.714750,-1.259460
0.715250,-0.609341
0.715750,-2.094465
0.716250,-0.498767
0.716750,-1.629933
0.717250,0.189257
0.717750,0.230448
0.718250,1.892610
0.718750,0.464147
0.719250,-1.106971
0.719750,-1.644869
0.720250,2.424001
0.720750,-1.356444
0.721250,-2.029890
0.721750,-3.935184
0.722250,-2.635710
0.722750,-2.513066
0.723250,2.284109
0.723750,0.318620
0.724250,0.339666
0.724750,-0.124831
0.725250,0.113850
0.725750,0.033578
0.726250,-1.102236
0.726750,-2.489219
0.727250,0.244231
0.727750,-0.207426
0.728250,-0.543030
0.728750,-2.048253
0.729250,0.390530
0.729750,0.285596
0.730250,0.294072
0.730750,-0.683336
0.731250,-0.910435
0.731750,-3.742725
0.732250,-0.516315
0.732750,-1.529119
0.733250,-1.389317
0.733750,-0.471041
0.734250,-3.286736
0.734750,-1.614838
0.735250,-0.264270
0.735750,-1.415945
0.736250,-2.898603
0.736750,0.286514
0.737250,-0.717504
0.737750,-0.518117
0.738250,-0.350750
0.738750,-1.783781
0.739250,-3.851291
0.739750,-2.011973
0.740250,0.003900
0.740750,-0.951424
0.741250,-1.274936
0.741750,0.578976
0.742250,-0.188893
0.742750,-2.294842
0.743250,-1.110454
0.743750,-2.980222
0.744250,-2.247176
0.744750,-1.471822
0.745250,0.266387
0.745750,-0.983799
0.746250,-1.317060
0.746750,-2.845648
0.747250,-2.965038
0.747750,0.349153
0.748250,-2.539310
0.748750,-0.027287
0.749250,0.727948
0.749750,-1.697439
0.750250,-0.220471
0.750750,-0.760285
0.751250,-1.204549
0.751750,0.976258
0.752250,-1.477919
0.752750,-2.404646
0.753250,0.583557
0.753750,-2.239429
0.754250,-3.134953
0.754750,0.843207
0.755250,1.079957
0.755750,-3.570830
0.756250,-3.035111
0.756750,-1.924828
0.757250,0.035124
0.757750,-3.904889
0.758250,-1.750080
0.758750,-2.016250
0.759250,-3.995097
0.759750,-2.659492
0.760250,-0.816091
0.760750,-1.832785
0.761250,-1.274559
0.761750,-3.806439
0.762250,-3.733834
0.762750,-3.886106
0.763250,-4.527948
0.763750,-1.590359
0.764250,-2.211742
0.764750,-2.958239
0.765250,-4.188511
0.765750,-3.453656
0.766250,-1.414679
0.766750,-3.385137
0.767250,-6.032571
0.767750,-1.755681
0.768250,-6.158626
0.768750,-2.719221
0.769250,-4.034652
0.769750,-3.855253
0.770250,-4.458646
0.770750,-3.667866
0.771250,-0.092042
0.771750,-2.242145
0.772250,-3.940322
0.772750,-2.884924
0.773250,-3.458814
0.773750,-3.063717
0.774250,-3.610005
0.774750,-1.696325
0.775250,-1.338031
0.775750,-2.048087
0.776250,-2.758136
0.776750,-3.721473
0.777250,-4.042815
0.777750,-2.892173
0.778250,-3.644699
0.778750,0.088275
0.779250,-5.143049
0.779750,-4.323291
0.780250,-3.890004
0.780750,-4.842883
0.781250,-4.422376
0.781750,-1.875626
0.782250,-3.717831
0.782750,-4.357626
0.783250,-2.786357
0.783750,-0.631135
0.784250,-2.824288
0.784750,-2.270059
0.785250,-1.957047
0.785750,-2.760956
0.786250,-4.239746
0.786750,-5.339684
0.787250,-3.604911
0.787750,-2.573215
0.788250,-4.856736
0.788750,-0.885441
0.789250,-6.297428
0.789750,-3.164371
0.790250,-0.502461
0.790750,-4.069146
0.791250,-3.353965
0.791750,-4.257285
0.792250,-5.033999
0.792750,-2.075830
0.793250,-3.353848
0.793750,-1.798658
0.794250,-2.259139
0.794750,-3.396698
0.795250,-5.612365
0.795750,-3.025013
0.796250,-2.747483
0.796750,-1.503256
0.797250,-3.827223
0.797750,-1.719018
0.798250,-4.371000
0.798750,-3.096514
0.799250,-3.965452
0.799750,-4.033768
0.800250,-3.041263
0.800750,-1.480400
0.801250,-3.166009
0.801750,-5.657445
0.802250,-0.649773
0.802750,-4.085316
0.803250,-3.023491
0.803750,-1.774289
0.804250,-5.131537
0.804750,-3.454284
0.805250,-0.657438
0.805750,-7.522194
0.806250,-2.456622
0.806750,-4.070593
0.807250,-3.184744
0.807750,-3.821494
0.808250,-3.032124
0.808750,-2.350133
0.809250,-1.699505
0.809750,-4.283474
0.810250,-1.848989
0.810750,-2.621145
0.811250,-0.546592
0.811750,-4.430954
0.812250,-2.193206
0.812750,-1.985543
0.813250,-3.961782
0.813750,-1.608775
0.814250,-3.522694
0.814750,-5.025365
0.815250,-1.514167
0.815750,-2.127903
0.816250,-1.042680
0.816750,-3.338777
0.817250,-2.978344
0.817750,-0.613208
0.818250,-1.504006
0.818750,-1.948205
0.819250,-3.602020
0.819750,-3.019293
0.820250,-5.761474
0.820750,0.408149
0.821250,-0.942201
0.821750,-1.764274
0.822250,-2.621987
0.822750,-3.032885
0.823250,-0.853889
0.823750,-1.475726
0.824250,0.718334
0.824750,-2.060744
0.825250,-2.103306
0.825750,-2.447876
0.826250,-1.379502
0.826750,-1.020467
0.827250,-1.980430
0.827750,-2.809080
0.828250,-0.516433
0.828750,-0.878211
0.829250,-4.054794
0.829750,-0.518513
0.830250,-6.638416
0.830750,-4.850474
0.831250,-4.525326
0.831750,-3.606549
0.832250,-3.186262
0.832750,-1.740183
0.833250,-5.680474
0.833750,-2.798803
0.834250,-1.463346
0.834750,-2.507650
0.835250,-2.014883
0.835750,-5.659584
0.836250,-1.788809
0.836750,-3.855053
0.837250,-1.460272
0.837750,-1.730374
0.838250,-4.372220
0.838750,-0.541147
0.839250,-2.954447
0.839750,-4.769806
0.840250,-5.388684
0.840750,-2.274496
0.841250,-1.601187
0.841750,-6.790111
0.842250,-2.418140
0.842750,-2.079666
0.843250,-1.828578
0.843750,-5.362536
0.844250,-3.906139
0.844750,-2.310265
0.845250,-3.413163
0.845750,-0.879897
0.846250,-0.330967
0.846750,-3.650729
0.847250,-4.283791
0.847750,-3.488535
0.848250,-1.093713
0.848750,-1.466393
0.849250,-4.323449
0.849750,-2.497809
0.850250,-1.006746
0.850750,-3.035834
0.851250,-0.919232
0.851750,-4.392618
0.852250,-2.798067
0.852750,-1.714180
0.853250,-0.278891
0.853750,-1.600961
0.854250,-2.591802
0.854750,-1.370181
0.855250,-4.152851
0.855750,-2.211429
0.856250,-5.408382
0.856750,-4.577498
0.857250,-5.180991
0.857750,-3.093242
0.858250,-3.011166
0.858750,-4.573479
0.859250,-3.415201
0.859750,-4.588046
0.860250,-0.866519
0.860750,-1.971856
0.861250,-4.816059
0.861750,-2.053133
0.862250,-5.060454
0.862750,-5.693770
0.863250,-8.083417
0.863750,-1.472900
0.864250,-4.498241
0.864750,-3.562876
0.865250,-5.090063
0.865750,-6.031535
0.866250,-1.008241
0.866750,-3.601939
0.867250,-5.504585
0.867750,-4.430225
0.868250,-3.488692
0.868750,-2.104608
0.869250,-4.265517
0.869750,-4.549078
0.870250,-3.257228
0.870750,-5.844628
0.871250,-3.414467
0.871750,-3.905235
0.872250,-5.595394
0.872750,-2.926188
0.873250,-4.875612
0.873750,-2.460471
0.874250,-4.209615
0.874750,-4.869971
0.875250,-4.844867
0.875750,-6.177312
0.876250,-4.474903
0.876750,-4.331284
0.877250,-3.298473
0.877750,-8.797472
0.878250,-4.611381
0.878750,-5.320876
0.879250,-2.924010
0.879750,-5.202922
0.880250,-3.608975
0.880750,-5.176300
0.881250,-4.471122
0.881750,-5.962760
0.882250,-3.803642
0.882750,-7.251715
0.883250,-2.885522
0.883750,-1.597811
0.884250,-4.118031
0.884750,-2.719867
0.885250,-5.872593
0.885750,-5.213070
0.886250,-6.119075
0.886750,-3.185028
0.887250,-5.153933
0.887750,-2.054925
0.888250,-3.738618
0.888750,-4.650332
0.889250,-3.597462
0.889750,-1.931714
0.890250,-6.332093
0.890750,-3.114121
0.891250,-1.553116
0.891750,-4.620609
0.892250,-3.501226
0.892750,-4.972820
0.893250,-5.117600
0.893750,-2.725251
0.894250,-4.715850
0.894750,-2.489668
0.895250,-3.695334
0.895750,0.174680
0.896250,-2.172020
0.896750,-4.926990
0.897250,-6.102136
0.897750,-5.588296
0.898250,0.833089
0.898750,-1.442998
0.899250,-4.328578
0.899750,-4.165915
0.900250,-6.574363
0.900750,-2.710016
0.901250,-2.621373
0.901750,-4.226284
0.902250,-2.371042
0.902750,-2.145587
0.903250,-3.142530
0.903750,-1.970123
0.904250,-1.334463
0.904750,-2.138492
0.905250,-5.668880
0.905750,-4.590630
0.906250,-2.280786
0.906750,-4.051283
0.907250,-2.087846
0.907750,-2.965321
0.908250,-1.850452
0.908750,-4.179683
0.909250,-5.226812
0.909750,-3.544622
0.910250,-2.626448
0.910750,-2.807872
0.911250,-1.628551
0.911750,-1.917899
0.912250,-3.953165
0.912750,-2.746077
0.913250,-2.074344
0.913750,-1.765274
0.914250,-0.493717
0.914750,1.438309
0.915250,-1.644005
0.915750,-2.642672
0.916250,0.872617
0.916750,-2.082199
0.917250,-1.337597
0.917750,-1.883470
0.918250,-1.347353
0.918750,-1.607166
0.919250,-2.873858
0.919750,-1.550565
0.920250,-2.772623
0.920750,-3.233661
0.921250,-4.200406
0.921750,-0.148790
0.922250,-2.146466
0.922750,-4.463895
0.923250,0.177637
0.923750,-1.735566
0.924250,0.356814
0.924750,-3.937607
0.925250,-1.090612
0.925750,-3.398516
0.926250,0.696291
0.926750,-1.391406
0.927250,-0.349407
0.927750,-1.803469
0.928250,1.693717
0.928750,-1.447187
0.929250,-2.742500
0.929750,-2.738768
0.930250,-0.406481
0.930750,-0.916393
0.931250,1.115445
0.931750,1.410649
0.932250,-3.976283
0.932750,-1.109031
0.933250,-4.393451
0.933750,-1.368294
0.934250,-2.242201
0.934750,-1.480449
0.935250,-1.930262
0.935750,-3.346702
0.936250,-5.121059
0.936750,-4.380159
0.937250,-2.925436
0.937750,-3.920646
0.938250,-1.641883
0.938750,-4.101585
0.939250,-2.873754
0.939750,-3.321423
0.940250,-4.127379
0.940750,-3.743090
0.941250,-1.555288
0.941750,-1.318476
0.942250,-1.366839
0.942750,-1.076261
0.943250,-3.498028
0.943750,-0.947067
0.944250,-2.789046
0.944750,-1.213230
0.945250,-4.393981
0.945750,-2.772374
0.946250,-0.307165
0.946750,-2.043121
0.947250,-1.463763
0.947750,-4.086455
0.948250,-3.816706
0.948750,-1.745958
0.949250,-2.434078
0.949750,-2.744977
0.950250,-1.934820
0.950750,-2.222040
0.951250,-1.962671
0.951750,-1.184632
0.952250,-1.883565
0.952750,-3.562662
0.953250,-0.590949
0.953750,-2.347956
0.954250,-1.116320
0.954750,-1.723267
0.955250,-0.864663
0.955750,-1.806914
0.956250,-5.047345
0.956750,-1.884369
0.957250,-1.477265
0.957750,-0.322914
0.958250,-1.201753
0.958750,-2.593984
0.959250,-2.633280
0.959750,-3.135332
0.960250,-2.314148
0.960750,-4.460137
0.961250,-1.343088
0.961750,-3.616760
0.962250,-2.368312
0.962750,-0.148618
0.963250,-3.658214
0.963750,-1.985912
0.964250,-1.891286
0.964750,-2.131786
0.965250,-4.320135
0.965750,-1.956938
0.966250,-4.204242
0.966750,-2.580058
0.967250,-2.811732
0.967750,-4.857678
0.968250,-4.149716
0.968750,-2.184781
0.969250,-3.146615
0.969750,-2.882470
0.970250,-3.568122
0.970750,-5.475817
0.971250,-0.997487
0.971750,-5.094942
0.972250,-5.237151
0.972750,-0.956787
0.973250,-4.822840
0.973750,-4.290537
0.974250,-3.182878
0.974750,-1.879770
0.975250,-5.082059
0.975750,-5.640539
0.976250,-4.659888
0.976750,-4.046201
0.977250,-2.157016
0.977750,-3.469500
0.978250,-4.928833
0.978750,-3.317933
0.979250,-3.448056
0.979750,-5.714104
0.980250,-3.796887
0.980750,-4.745003
0.981250,-2.111752
0.981750,-2.259933
0.982250,-4.848472
0.982750,-1.927228
0.983250,-2.723976
0.983750,-1.818734
0.984250,-3.770429
0.984750,-3.917724
0.985250,-6.235359
0.985750,-1.988803
0.986250,0.152119
0.986750,-1.406423
0.987250,-5.851783
0.987750,-3.527952
0.988250,-2.300998
0.988750,1.334378
0.989250,-2.872410
0.989750,-3.917882
0.990250,-1.746646
0.990750,-3.520694
0.991250,-1.726163
0.991750,-1.646495
0.992250,-4.823578
0.992750,-5.057255
0.993250,-2.369624
0.993750,-2.943356
0.994250,-3.413675
0.994750,-2.387361
0.995250,-4.357544
0.995750,-1.442248
0.996250,-3.880988
0.996750,0.207985
0.997250,-2.570189
0.997750,-1.567863
0.998250,-3.650442
0.998750,-1.115970
0.999250,-2.760055
0.999750,-4.502148
