0.000250,0.049087
0.000750,0.061968
0.001250,0.042049
0.001750,-0.006526
0.002250,-0.007710
0.002750,0.079148
0.003250,0.097851
0.003750,0.087198
0.004250,0.128889
0.004750,0.243592
0.005250,0.337485
0.005750,0.291222
0.006250,0.306419
0.006750,0.253257
0.007250,0.310498
0.007750,0.270769
0.008250,0.273556
0.008750,0.278500
0.009250,0.231980
0.009750,0.239581
0.010250,0.142807
0.010750,0.201821
0.011250,0.352821
0.011750,0.289603
0.012250,0.321296
0.012750,0.300657
0.013250,0.379988
0.013750,0.384968
0.014250,0.409342
0.014750,0.532166
0.015250,0.573244
0.015750,0.638820
0.016250,0.527722
0.016750,0.562405
0.017250,0.551826
0.017750,0.520785
0.018250,0.470953
0.018750,0.535235
0.019250,0.551371
0.019750,0.705784
0.020250,0.611206
0.020750,0.590335
0.021250,0.577354
0.021750,0.542488
0.022250,0.528852
0.022750,0.436108
0.023250,0.481949
0.023750,0.415240
0.024250,0.407514
0.024750,0.341423
0.025250,0.451773
0.025750,0.478891
0.026250,0.629875
0.026750,0.558674
0.027250,0.516052
0.027750,0.472774
0.028250,0.512553
0.028750,0.493803
0.029250,0.467774
0.029750,0.488000
0.030250,0.589713
0.030750,0.544064
0.031250,0.664232
0.031750,0.728493
0.032250,0.689196
0.032750,0.853491
0.033250,0.804199
0.033750,0.794378
0.034250,0.839840
0.034750,0.848162
0.035250,0.806075
0.035750,0.762433
0.036250,0.682203
0.036750,0.649921
0.037250,0.683173
0.037750,0.639539
0.038250,0.585844
0.038750,0.699057
0.039250,0.617079
0.039750,0.615584
0.040250,0.678741
0.040750,0.710399
0.041250,0.758386
0.041750,0.588490
0.042250,0.612790
0.042750,0.511873
0.043250,0.517506
0.043750,0.428069
0.044250,0.359424
0.044750,0.246785
0.045250,0.440418
0.045750,0.537328
0.046250,0.515749
0.046750,0.497206
0.047250,0.518549
0.047750,0.524121
0.048250,0.558743
0.048750,0.430632
0.049250,0.571863
0.049750,0.285271
0.050250,0.457518
0.050750,0.477808
0.051250,0.342674
0.051750,0.524896
0.052250,0.278877
0.052750,0.570949
0.053250,0.582902
0.053750,0.727929
0.054250,0.713310
0.054750,0.480264
0.055250,0.652952
0.055750,0.740490
0.056250,0.737675
0.056750,0.722580
0.057250,0.684541
0.057750,0.713268
0.058250,0.739276
0.058750,0.788905
0.059250,0.455963
0.059750,0.597593
0.060250,0.454894
0.060750,0.584580
0.061250,0.547339
0.061750,0.251529
0.062250,0.434679
0.062750,0.499985
0.063250,0.470514
0.063750,0.619015
0.064250,0.585123
0.064750,0.569496
0.065250,0.468698
0.065750,0.504584
0.066250,0.538546
0.066750,0.425373
0.067250,0.509746
0.067750,0.381417
0.068250,0.382043
0.068750,0.372381
0.069250,0.300760
0.069750,0.142568
0.070250,-0.060077
0.070750,0.114558
0.071250,0.067408
0.071750,0.316661
0.072250,0.187834
0.072750,0.045600
0.073250,0.069750
0.073750,0.076343
0.074250,0.044122
0.074750,0.287284
0.075250,0.233696
0.075750,0.284871
0.076250,0.180892
0.076750,0.182665
0.077250,0.137570
0.077750,0.090099
0.078250,0.313314
0.078750,0.074290
0.079250,0.122446
0.079750,0.080346
0.080250,0.010040
0.080750,0.102975
0.081250,0.125478
0.081750,0.222381
0.082250,0.109538
0.082750,0.028237
0.083250,0.207764
0.083750,0.291205
0.084250,0.290035
0.084750,0.392043
0.085250,0.386089
0.085750,0.187587
0.086250,0.520063
0.086750,0.372728
0.087250,0.412313
0.087750,0.290095
0.088250,0.277319
0.088750,0.259244
0.089250,0.268266
0.089750,0.248451
0.090250,0.168207
0.090750,0.002849
0.091250,0.102265
0.091750,0.031475
0.092250,0.060725
0.092750,0.172112
0.093250,0.065666
0.093750,-0.099441
0.094250,-0.024430
0.094750,-0.036501
0.095250,0.044903
0.095750,-0.004716
0.096250,0.121026
0.096750,0.117337
0.097250,0.144483
0.097750,-0.045460
0.098250,-0.082216
0.098750,-0.123074
0.099250,-0.266381
0.099750,-0.135895
0.100250,-0.096483
0.100750,-0.481616
0.101250,-0.366982
0.101750,-0.336576
0.102250,-0.372251
0.102750,-0.243878
0.103250,-0.387000
0.103750,-0.377436
0.104250,-0.472244
0.104750,-0.222427
0.105250,-0.431663
0.105750,-0.169019
0.106250,-0.254137
0.106750,-0.238536
0.107250,-0.260564
0.107750,-0.266187
0.108250,-0.359383
0.108750,-0.350277
0.109250,-0.342402
0.109750,-0.493351
0.110250,-0.384786
0.110750,-0.244800
0.111250,-0.394393
0.111750,-0.531141
0.112250,-0.470788
0.112750,-0.447650
0.113250,-0.627842
0.113750,-0.437375
0.114250,-0.503978
0.114750,-0.600621
0.115250,-0.390077
0.115750,-0.631226
0.116250,-0.657125
0.116750,-0.504406
0.117250,-0.366768
0.117750,-0.211783
0.118250,-0.257520
0.118750,-0.251757
0.119250,0.059668
0.119750,-0.149132
0.120250,-0.130575
0.120750,-0.140056
0.121250,-0.231786
0.121750,-0.152369
0.122250,-0.375083
0.122750,-0.056280
0.123250,-0.318138
0.123750,-0.231424
0.124250,-0.429570
0.124750,-0.289043
0.125250,-0.294441
0.125750,-0.265491
0.126250,-0.404502
0.126750,-0.307471
0.127250,-0.214903
0.127750,-0.375905
0.128250,-0.176193
0.128750,-0.425522
0.129250,-0.479204
0.129750,-0.523315
0.130250,-0.424380
0.130750,-0.578756
0.131250,-0.561722
0.131750,-0.485444
0.132250,-0.373831
0.132750,-0.496429
0.133250,-0.590292
0.133750,-0.329539
0.134250,-0.559116
0.134750,-0.529535
0.135250,-0.555952
0.135750,-0.383609
0.136250,-0.511776
0.136750,-0.695795
0.137250,-0.661937
0.137750,-0.768332
0.138250,-0.639554
0.138750,-0.757376
0.139250,-0.822880
0.139750,-0.811212
0.140250,-0.564734
0.140750,-0.765075
0.141250,-0.750928
0.141750,-0.853159
0.142250,-0.881559
0.142750,-0.842595
0.143250,-1.296726
0.143750,-1.039724
0.144250,-1.074739
0.144750,-1.245833
0.145250,-1.080844
0.145750,-1.130397
0.146250,-1.063470
0.146750,-0.772123
0.147250,-0.673274
0.147750,-0.840808
0.148250,-0.982073
0.148750,-0.752464
0.149250,-0.709424
0.149750,-0.750736
0.150250,-0.838856
0.150750,-0.800075
0.151250,-0.710072
0.151750,-0.570642
0.152250,-0.630877
0.152750,-0.815953
0.153250,-0.776897
0.153750,-1.019792
0.154250,-0.885590
0.154750,-1.005116
0.155250,-1.088310
0.155750,-0.957351
0.156250,-0.931272
0.156750,-0.792287
0.157250,-0.766696
0.157750,-0.799612
0.158250,-0.855170
0.158750,-0.803917
0.159250,-0.869306
0.159750,-0.618968
0.160250,-0.832623
0.160750,-0.534933
0.161250,-0.500452
0.161750,-0.690356
0.162250,-0.800714
0.162750,-0.564610
0.163250,-0.770393
0.163750,-0.733975
0.164250,-0.791432
0.164750,-0.628889
0.165250,-0.773000
0.165750,-0.717267
0.166250,-0.442336
0.166750,-0.586660
0.167250,-0.542011
0.167750,-0.702827
0.168250,-0.982414
0.168750,-0.802030
0.169250,-0.442031
0.169750,-1.043975
0.170250,-0.938641
0.170750,-1.071175
0.171250,-0.784872
0.171750,-0.771769
0.172250,-0.811520
0.172750,-0.615401
0.173250,-0.496549
0.173750,-0.863931
0.174250,-0.763817
0.174750,-0.704203
0.175250,-0.956542
0.175750,-0.635266
0.176250,-0.816499
0.176750,-0.718923
0.177250,-0.386515
0.177750,-0.679150
0.178250,-0.689410
0.178750,-1.003778
0.179250,-0.728502
0.179750,-0.480523
0.180250,-0.978351
0.180750,-1.060571
0.181250,-0.852451
0.181750,-0.860155
0.182250,-0.841829
0.182750,-1.238988
0.183250,-1.195274
0.183750,-1.302778
0.184250,-1.253296
0.184750,-1.314742
0.185250,-1.294650
0.185750,-1.020172
0.186250,-1.256255
0.186750,-0.969722
0.187250,-1.004687
0.187750,-1.395271
0.188250,-1.270996
0.188750,-1.144738
0.189250,-1.326510
0.189750,-1.313442
0.190250,-1.229251
0.190750,-1.485064
0.191250,-1.260375
0.191750,-0.870782
0.192250,-1.179596
0.192750,-1.125761
0.193250,-0.962478
0.193750,-0.978532
0.194250,-1.279578
0.194750,-1.244415
0.195250,-0.867678
0.195750,-0.884383
0.196250,-1.050763
0.196750,-0.960694
0.197250,-1.061039
0.197750,-1.103110
0.198250,-1.117966
0.198750,-1.066926
0.199250,-1.033763
0.199750,-0.785665
0.200250,-0.864136
0.200750,-1.005618
0.201250,-1.095807
0.201750,-0.906763
0.202250,-1.111215
0.202750,-0.855085
0.203250,-1.245856
0.203750,-1.066166
0.204250,-1.308379
0.204750,-0.989574
0.205250,-1.263392
0.205750,-1.177900
0.206250,-0.690884
0.206750,-0.782310
0.207250,-0.539901
0.207750,-0.846009
0.208250,-0.801727
0.208750,-0.799313
0.209250,-0.789184
0.209750,-0.446562
0.210250,-0.422890
0.210750,-0.549419
0.211250,-0.806655
0.211750,-0.627356
0.212250,-0.455048
0.212750,-0.226490
0.213250,-0.987972
0.213750,-0.502378
0.214250,-0.738592
0.214750,-0.878475
0.215250,-0.749206
0.215750,-0.775451
0.216250,-0.572453
0.216750,-0.807058
0.217250,-0.699103
0.217750,-0.754770
0.218250,-0.653281
0.218750,-0.672567
0.219250,-0.648151
0.219750,-0.708405
0.220250,-0.760247
0.220750,-0.673047
0.221250,-0.529639
0.221750,-0.609018
0.222250,-1.048992
0.222750,-1.047436
0.223250,-0.620803
0.223750,-0.819597
0.224250,-1.065998
0.224750,-0.681107
0.225250,-0.784609
0.225750,-0.830911
0.226250,-0.879977
0.226750,-0.773811
0.227250,-0.430698
0.227750,-0.802971
0.228250,-0.732752
0.228750,-0.566035
0.229250,-0.433061
0.229750,-0.586742
0.230250,-0.642541
0.230750,-0.880338
0.231250,-0.739824
0.231750,-0.904865
0.232250,-0.584495
0.232750,-0.790073
0.233250,-0.890207
0.233750,-0.686314
0.234250,-0.617839
0.234750,-0.790896
0.235250,-0.806177
0.235750,-0.900150
0.236250,-0.994256
0.236750,-1.165832
0.237250,-0.941846
0.237750,-1.209613
0.238250,-1.081676
0.238750,-1.189653
0.239250,-1.201607
0.239750,-1.202497
0.240250,-0.918815
0.240750,-1.145918
0.241250,-1.162840
0.241750,-1.023280
0.242250,-0.990443
0.242750,-1.127692
0.243250,-1.253925
0.243750,-1.305280
0.244250,-0.853518
0.244750,-0.766446
0.245250,-0.716434
0.245750,-1.058743
0.246250,-0.814721
0.246750,-0.549039
0.247250,-1.063290
0.247750,-0.952544
0.248250,-0.969210
0.248750,-0.522612
0.249250,-0.746280
0.249750,-0.446520
0.250250,-0.605184
0.250750,-0.372557
0.251250,-0.397692
0.251750,-0.823263
0.252250,-0.554833
0.252750,-0.536799
0.253250,-0.504402
0.253750,-0.406021
0.254250,-0.525175
0.254750,-0.844544
0.255250,-0.988286
0.255750,-1.034511
0.256250,-0.978255
0.256750,-1.032522
0.257250,-0.567286
0.257750,-0.651017
0.258250,-0.467993
0.258750,-0.883697
0.259250,-0.514115
0.259750,-0.701610
0.260250,-0.829018
0.260750,-0.451097
0.261250,-0.333470
0.261750,-0.444855
0.262250,-0.330473
0.262750,-0.401723
0.263250,-0.628302
0.263750,-0.465955
0.264250,-0.106819
0.264750,-0.456469
0.265250,-0.549761
0.265750,-0.323648
0.266250,-0.512926
0.266750,-0.212292
0.267250,-0.481486
0.267750,0.055338
0.268250,0.065668
0.268750,-0.178757
0.269250,-0.177730
0.269750,-0.303407
0.270250,-0.140768
0.270750,-0.205906
0.271250,-0.321443
0.271750,-0.322699
0.272250,-0.088992
0.272750,-0.033281
0.273250,-0.255136
0.273750,-0.464581
0.274250,0.094853
0.274750,-0.422855
0.275250,-0.243495
0.275750,0.166046
0.276250,-0.224466
0.276750,-0.533881
0.277250,-0.527137
0.277750,-0.069043
0.278250,-0.265961
0.278750,-0.103884
0.279250,-0.426993
0.279750,-0.148064
0.280250,-0.690603
0.280750,-0.435525
0.281250,-0.113543
0.281750,-0.068808
0.282250,-0.227692
0.282750,-0.281346
0.283250,-0.326857
0.283750,-0.176982
0.284250,-0.037061
0.284750,-0.451359
0.285250,-0.376885
0.285750,-0.396749
0.286250,-0.069115
0.286750,-0.371277
0.287250,0.021807
0.287750,-0.158862
0.288250,-0.013829
0.288750,-0.019405
0.289250,-0.150438
0.289750,-0.382715
0.290250,-0.187054
0.290750,-0.535948
0.291250,-0.274509
0.291750,-0.216831
0.292250,-0.054334
0.292750,-0.623889
0.293250,-0.561417
0.293750,-0.680535
0.294250,-0.519106
0.294750,-0.795543
0.295250,-0.202374
0.295750,-0.311716
0.296250,-0.535179
0.296750,-0.599490
0.297250,-0.475704
0.297750,-0.457018
0.298250,-0.785108
0.298750,-0.452730
0.299250,-0.630042
0.299750,-0.505789
0.300250,-0.723011
0.300750,-0.402673
0.301250,-0.357046
0.301750,-0.525135
0.302250,-0.543701
0.302750,-0.072794
0.303250,-0.311559
0.303750,0.046614
0.304250,-0.455557
0.304750,-0.278920
0.305250,-0.262610
0.305750,-0.108091
0.306250,-0.196914
0.306750,-0.202923
0.307250,0.216185
0.307750,0.014368
0.308250,0.238911
0.308750,-0.080959
0.309250,0.005113
0.309750,-0.011552
0.310250,-0.124701
0.310750,0.032425
0.311250,-0.224139
0.311750,-0.012695
0.312250,-0.151921
0.312750,-0.184824
0.313250,0.057143
0.313750,-0.227064
0.314250,0.054567
0.314750,-0.021078
0.315250,0.021214
0.315750,-0.041658
0.316250,-0.229269
0.316750,-0.351638
0.317250,0.170992
0.317750,0.325240
0.318250,-0.164623
0.318750,-0.020332
0.319250,-0.055649
0.319750,0.203101
0.320250,0.040544
0.320750,0.023907
0.321250,0.279826
0.321750,0.283718
0.322250,0.388810
0.322750,0.288472
0.323250,0.560838
0.323750,0.336310
0.324250,0.833571
0.324750,0.366555
0.325250,0.520389
0.325750,0.684265
0.326250,0.212108
0.326750,0.328079
0.327250,0.030502
0.327750,0.552278
0.328250,0.622817
0.328750,0.488781
0.329250,0.312627
0.329750,0.479420
0.330250,0.453947
0.330750,0.152261
0.331250,0.432912
0.331750,0.530247
0.332250,0.150588
0.332750,0.536716
0.333250,0.589333
0.333750,0.856065
0.334250,0.450607
0.334750,0.529143
0.335250,0.339184
0.335750,0.513147
0.336250,0.526929
0.336750,0.704045
0.337250,0.429661
0.337750,0.184624
0.338250,0.076381
0.338750,0.562066
0.339250,0.384499
0.339750,0.332319
0.340250,0.512036
0.340750,0.539855
0.341250,0.481765
0.341750,0.417060
0.342250,0.363472
0.342750,0.477222
0.343250,0.398587
0.343750,0.542987
0.344250,0.502316
0.344750,0.468171
0.345250,0.296096
0.345750,0.201323
0.346250,0.249658
0.346750,0.997567
0.347250,0.487451
0.347750,0.782713
0.348250,0.706708
0.348750,0.414542
0.349250,0.542482
0.349750,0.585542
0.350250,0.694510
0.350750,0.250431
0.351250,0.403605
0.351750,0.227422
0.352250,0.360073
0.352750,0.752581
0.353250,0.394926
0.353750,0.315727
0.354250,0.150963
0.354750,0.343727
0.355250,0.390924
0.355750,0.424958
0.356250,0.224085
0.356750,0.168361
0.357250,0.527911
0.357750,0.484299
0.358250,0.341825
0.358750,0.315564
0.359250,0.228700
0.359750,0.180601
0.360250,0.192666
0.360750,0.333296
0.361250,-0.353596
0.361750,0.471648
0.362250,0.120871
0.362750,-0.278024
0.363250,0.275588
0.363750,0.551800
0.364250,-0.150501
0.364750,0.241442
0.365250,0.009428
0.365750,0.387437
0.366250,0.301984
0.366750,0.484989
0.367250,0.549928
0.367750,0.499377
0.368250,0.345237
0.368750,0.708288
0.369250,0.800141
0.369750,0.624523
0.370250,0.700065
0.370750,0.930333
0.371250,0.692886
0.371750,0.586424
0.372250,0.846951
0.372750,0.653057
0.373250,0.934370
0.373750,0.539429
0.374250,0.529229
0.374750,0.512615
0.375250,0.477706
0.375750,0.599288
0.376250,0.598602
0.376750,0.385319
0.377250,0.715593
0.377750,0.592726
0.378250,0.404460
0.378750,0.586005
0.379250,0.336948
0.379750,0.867277
0.380250,0.100799
0.380750,0.771042
0.381250,0.319466
0.381750,0.506537
0.382250,0.664042
0.382750,0.659382
0.383250,0.746299
0.383750,0.671708
0.384250,0.664339
0.384750,0.837711
0.385250,0.478452
0.385750,1.246401
0.386250,1.107357
0.386750,0.708210
0.387250,0.699503
0.387750,1.261742
0.388250,1.101477
0.388750,0.886973
0.389250,0.939760
0.389750,1.232262
0.390250,1.233963
0.390750,0.850255
0.391250,0.877391
0.391750,0.907178
0.392250,1.264427
0.392750,1.261460
0.393250,1.612259
0.393750,1.255817
0.394250,1.307331
0.394750,1.112184
0.395250,1.242393
0.395750,1.150038
0.396250,1.052420
0.396750,1.200604
0.397250,0.815646
0.397750,1.231494
0.398250,0.949434
0.398750,1.243048
0.399250,1.358095
0.399750,1.144993
0.400250,1.151491
0.400750,1.225271
0.401250,1.126451
0.401750,0.994093
0.402250,1.204473
0.402750,1.426557
0.403250,0.995875
0.403750,1.032628
0.404250,1.283824
0.404750,1.074824
0.405250,0.778710
0.405750,0.719621
0.406250,0.797368
0.406750,1.117326
0.407250,1.102639
0.407750,1.071091
0.408250,0.803136
0.408750,1.017794
0.409250,1.002978
0.409750,0.675962
0.410250,0.726654
0.410750,0.778571
0.411250,0.904617
0.411750,0.870791
0.412250,1.158403
0.412750,0.902198
0.413250,1.132507
0.413750,0.733829
0.414250,1.683383
0.414750,1.505432
0.415250,1.586809
0.415750,1.242677
0.416250,1.348236
0.416750,1.387126
0.417250,1.300615
0.417750,1.351869
0.418250,1.029692
0.418750,0.888444
0.419250,1.605244
0.419750,1.412445
0.420250,0.699976
0.420750,1.586851
0.421250,1.078381
0.421750,0.959434
0.422250,1.159334
0.422750,0.998053
0.423250,0.892002
0.423750,0.919096
0.424250,0.727154
0.424750,0.675963
0.425250,0.898973
0.425750,1.013899
0.426250,0.218154
0.426750,0.774249
0.427250,0.927102
0.427750,0.607020
0.428250,1.023136
0.428750,0.002025
0.429250,0.719458
0.429750,0.321183
0.430250,0.416646
0.430750,0.768603
0.431250,0.885978
0.431750,0.695263
0.432250,0.633099
0.432750,0.496519
0.433250,0.933269
0.433750,1.177821
0.434250,0.929433
0.434750,0.668519
0.435250,0.633838
0.435750,0.637840
0.436250,0.853932
0.436750,0.729405
0.437250,0.697811
0.437750,0.826800
0.438250,1.350210
0.438750,0.836266
0.439250,1.271388
0.439750,0.945671
0.440250,0.996625
0.440750,1.034861
0.441250,1.196812
0.441750,1.468706
0.442250,0.790584
0.442750,0.835759
0.443250,1.319273
0.443750,0.762299
0.444250,0.970261
0.444750,1.047085
0.445250,0.945013
0.445750,0.914322
0.446250,1.203833
0.446750,1.008226
0.447250,1.038552
0.447750,0.898486
0.448250,0.931296
0.448750,1.185871
0.449250,1.161160
0.449750,0.716351
0.450250,1.030856
0.450750,0.953711
0.451250,1.261267
0.451750,1.121637
0.452250,0.970495
0.452750,1.374172
0.453250,1.267672
0.453750,1.211275
0.454250,1.054048
0.454750,1.066449
0.455250,0.736228
0.455750,1.324868
0.456250,1.093753
0.456750,1.268963
0.457250,1.421674
0.457750,1.178467
0.458250,1.238898
0.458750,1.310811
0.459250,0.793549
0.459750,1.588293
0.460250,1.217465
0.460750,1.330604
0.461250,1.198933
0.461750,1.332991
0.462250,1.501091
0.462750,1.109390
0.463250,1.262027
0.463750,1.172166
0.464250,1.385267
0.464750,1.519972
0.465250,1.424670
0.465750,1.722439
0.466250,1.573490
0.466750,1.783878
0.467250,1.600244
0.467750,1.763023
0.468250,1.706522
0.468750,1.633090
0.469250,1.419133
0.469750,1.183788
0.470250,1.298510
0.470750,1.088634
0.471250,1.837050
0.471750,1.357258
0.472250,1.673775
0.472750,1.420579
0.473250,1.340565
0.473750,1.536076
0.474250,1.464299
0.474750,1.534712
0.475250,1.601290
0.475750,1.628375
0.476250,1.411236
0.476750,1.490722
0.477250,1.216364
0.477750,1.331647
0.478250,1.126708
0.478750,1.017093
0.479250,1.423506
0.479750,1.051177
0.480250,0.922575
0.480750,0.989789
0.481250,0.917751
0.481750,1.320218
0.482250,1.653881
0.482750,1.240120
0.483250,1.220079
0.483750,1.258427
0.484250,1.919237
0.484750,1.617463
0.485250,1.341687
0.485750,1.337835
0.486250,0.860736
0.486750,1.123380
0.487250,1.249725
0.487750,1.142399
0.488250,1.135002
0.488750,1.229542
0.489250,1.926940
0.489750,1.246171
0.490250,1.537645
0.490750,1.552143
0.491250,1.700825
0.491750,1.214224
0.492250,1.674987
0.492750,0.917222
0.493250,1.080963
0.493750,1.068595
0.494250,1.193913
0.494750,1.190994
0.495250,1.319124
0.495750,1.542190
0.496250,1.208100
0.496750,1.150204
0.497250,1.333014
0.497750,1.043349
0.498250,1.076203
0.498750,1.209841
0.499250,0.667328
0.499750,0.775923
0.500250,0.683918
0.500750,0.856429
0.501250,0.970678
0.501750,0.747791
0.502250,0.709290
0.502750,0.945066
0.503250,0.714624
0.503750,0.735408
0.504250,0.498393
0.504750,0.965477
0.505250,1.065515
0.505750,0.567658
0.506250,0.486018
0.506750,0.598910
0.507250,0.774793
0.507750,0.806403
0.508250,0.061715
0.508750,0.672221
0.509250,1.200592
0.509750,0.821927
0.510250,0.874586
0.510750,0.620783
0.511250,0.774446
0.511750,0.296925
0.512250,0.610825
0.512750,0.844803
0.513250,0.852342
0.513750,0.996886
0.514250,1.254172
0.514750,0.947142
0.515250,1.209265
0.515750,1.211379
0.516250,0.891306
0.516750,0.947681
0.517250,1.022037
0.517750,1.020055
0.518250,1.230400
0.518750,1.399164
0.519250,0.874136
0.519750,1.267089
0.520250,0.855945
0.520750,1.117907
0.521250,1.228104
0.521750,1.008281
0.522250,1.427353
0.522750,1.180762
0.523250,1.236622
0.523750,1.335237
0.524250,1.244815
0.524750,0.952137
0.525250,1.168574
0.525750,0.633438
0.526250,0.667780
0.526750,0.662219
0.527250,0.876393
0.527750,0.900399
0.528250,0.382835
0.528750,0.177487
0.529250,0.512629
0.529750,0.727812
0.530250,0.603818
0.530750,0.571025
0.531250,0.362393
0.531750,0.391135
0.532250,0.707435
0.532750,0.432079
0.533250,0.679733
0.533750,1.252580
0.534250,0.874238
0.534750,0.909091
0.535250,1.122900
0.535750,1.200396
0.536250,1.108679
0.536750,1.344391
0.537250,1.045168
0.537750,1.279750
0.538250,1.261587
0.538750,1.488398
0.539250,1.323955
0.539750,1.407229
0.540250,1.113097
0.540750,1.918158
0.541250,1.011461
0.541750,1.418812
0.542250,1.496447
0.542750,1.248807
0.543250,1.547699
0.543750,1.299435
0.544250,1.392975
0.544750,1.145120
0.545250,1.412033
0.545750,1.055996
0.546250,0.921598
0.546750,0.985708
0.547250,1.640092
0.547750,1.140449
0.548250,0.999821
0.548750,1.750745
0.549250,1.070300
0.549750,0.881132
0.550250,0.667148
0.550750,1.028376
0.551250,1.295236
0.551750,1.061430
0.552250,0.828413
0.552750,1.458005
0.553250,1.265662
0.553750,1.248634
0.554250,1.319790
0.554750,1.137578
0.555250,0.845806
0.555750,1.102852
0.556250,0.944936
0.556750,1.168773
0.557250,1.385817
0.557750,0.970791
0.558250,1.157475
0.558750,0.681541
0.559250,1.159579
0.559750,0.840142
0.560250,1.184570
0.560750,0.898027
0.561250,0.984492
0.561750,0.883519
0.562250,0.719959
0.562750,1.139121
0.563250,0.660758
0.563750,0.554337
0.564250,1.043805
0.564750,0.724278
0.565250,0.678887
0.565750,0.877007
0.566250,1.013168
0.566750,1.212437
0.567250,1.487100
0.567750,1.405961
0.568250,0.961905
0.568750,1.319629
0.569250,1.057293
0.569750,0.958443
0.570250,0.674740
0.570750,1.056780
0.571250,0.824384
0.571750,1.648719
0.572250,0.872619
0.572750,0.764630
0.573250,0.723538
0.573750,0.785244
0.574250,0.861294
0.574750,0.941063
0.575250,0.824724
0.575750,0.292912
0.576250,0.794134
0.576750,0.416800
0.577250,0.511321
0.577750,0.537434
0.578250,0.199673
0.578750,0.326812
0.579250,0.281114
0.579750,0.515927
0.580250,0.504977
0.580750,0.757482
0.581250,0.251766
0.581750,0.218731
0.582250,0.378145
0.582750,0.227651
0.583250,0.333765
0.583750,0.191564
0.584250,0.361515
0.584750,0.108588
0.585250,0.176733
0.585750,0.714356
0.586250,0.281858
0.586750,0.649824
0.587250,0.401573
0.587750,0.370746
0.588250,0.499432
0.588750,0.053789
0.589250,0.368899
0.589750,0.058384
0.590250,-0.450642
0.590750,0.038586
0.591250,0.705532
0.591750,0.136770
0.592250,0.541816
0.592750,0.456227
0.593250,0.259176
0.593750,0.329034
0.594250,0.603093
0.594750,0.434729
0.595250,0.668981
0.595750,0.626850
0.596250,0.134437
0.596750,0.109022
0.597250,0.349034
0.597750,0.446901
0.598250,0.382534
0.598750,0.490488
0.599250,0.347884
0.599750,0.345808
0.600250,0.275558
0.600750,0.441677
0.601250,1.098239
0.601750,0.428776
0.602250,0.345988
0.602750,0.763293
0.603250,-0.069004
0.603750,0.543455
0.604250,0.702787
0.604750,0.154180
0.605250,0.596164
0.605750,-0.045231
0.606250,-0.171822
0.606750,0.353558
0.607250,0.168032
0.607750,0.215703
0.608250,0.081155
0.608750,-0.133560
0.609250,0.147440
0.609750,0.204749
0.610250,-0.193659
0.610750,0.161441
0.611250,0.318112
0.611750,0.300850
0.612250,0.242232
0.612750,0.785429
0.613250,0.227074
0.613750,0.480516
0.614250,0.683114
0.614750,0.149655
0.615250,0.067310
0.615750,0.214245
0.616250,0.475515
0.616750,-0.211396
0.617250,0.114544
0.617750,0.187842
0.618250,0.467639
0.618750,0.313466
0.619250,0.245234
0.619750,0.483302
0.620250,0.244237
0.620750,0.366659
0.621250,0.286680
0.621750,0.285042
0.622250,0.554903
0.622750,0.997055
0.623250,0.572195
0.623750,0.460755
0.624250,1.129179
0.624750,0.721249
0.625250,0.790411
0.625750,0.977058
0.626250,0.703725
0.626750,0.540548
0.627250,0.690370
0.627750,0.502497
0.628250,0.713006
0.628750,0.761939
0.629250,0.680575
0.629750,0.180197
0.630250,0.997829
0.630750,0.939918
0.631250,0.631092
0.631750,0.793904
0.632250,0.806717
0.632750,0.308114
0.633250,0.964018
0.633750,0.732440
0.634250,0.442506
0.634750,0.610157
0.635250,0.484886
0.635750,0.553076
0.636250,0.459625
0.636750,0.193679
0.637250,0.286003
0.637750,0.974326
0.638250,0.037926
0.638750,0.110296
0.639250,0.032620
0.639750,0.222254
0.640250,0.097315
0.640750,-0.040123
0.641250,0.529183
0.641750,-0.429588
0.642250,-0.174558
0.642750,0.117786
0.643250,0.792941
0.643750,0.099693
0.644250,-0.086003
0.644750,-0.086007
0.645250,0.077400
0.645750,0.133079
0.646250,-0.246015
0.646750,0.556412
0.647250,0.062863
0.647750,0.304072
0.648250,0.083937
0.648750,0.069521
0.649250,0.249851
0.649750,0.252161
0.650250,-0.117379
0.650750,-0.023492
0.651250,0.455454
0.651750,0.023398
0.652250,0.029549
0.652750,0.389677
0.653250,0.319373
0.653750,0.299677
0.654250,0.116129
0.654750,0.296405
0.655250,0.341355
0.655750,0.646329
0.656250,0.715713
0.656750,0.622027
0.657250,0.637230
0.657750,0.180212
0.658250,-0.012946
0.658750,0.582133
0.659250,-0.033346
0.659750,0.234466
0.660250,0.097115
0.660750,-0.266784
0.661250,-0.276084
0.661750,0.002511
0.662250,0.490807
0.662750,0.112851
0.663250,0.094122
0.663750,0.029425
0.664250,-0.030895
0.664750,0.169650
0.665250,0.283190
0.665750,-0.039295
0.666250,-0.183688
0.666750,-0.369475
0.667250,-0.163519
0.667750,-0.340515
0.668250,-0.657865
0.668750,-0.481113
0.669250,-0.264427
0.669750,-0.470729
0.670250,-0.188246
0.670750,-0.473283
0.671250,-0.438042
0.671750,-0.863645
0.672250,-0.667982
0.672750,-0.330176
0.673250,-0.706098
0.673750,-0.377013
0.674250,-0.339605
0.674750,-0.548235
0.675250,-0.870932
0.675750,-0.541105
0.676250,-0.541904
0.676750,-0.291759
0.677250,-0.952289
0.677750,-0.913211
0.678250,-0.882784
0.678750,-0.422367
0.679250,-0.387542
0.679750,-0.520919
0.680250,-0.271914
0.680750,-0.289727
0.681250,-0.265157
0.681750,-0.614009
0.682250,-0.913148
0.682750,-0.835773
0.683250,-0.600013
0.683750,-0.648108
0.684250,-0.173526
0.684750,-0.625684
0.685250,-0.814704
0.685750,-0.553723
0.686250,-0.389955
0.686750,-0.548990
0.687250,-0.256968
0.687750,-0.089312
0.688250,-0.950790
0.688750,-0.787018
0.689250,-0.257456
0.689750,-0.750955
0.690250,-0.395462
0.690750,-0.329555
0.691250,-0.077846
0.691750,-0.224403
0.692250,-0.635051
0.692750,-0.533478
0.693250,-0.089727
0.693750,-0.397900
0.694250,-0.736017
0.694750,-0.722317
0.695250,-0.365894
0.695750,-0.767894
0.696250,-0.348112
0.696750,-0.533715
0.697250,-0.070274
0.697750,-0.058167
0.698250,-0.721284
0.698750,-0.851564
0.699250,-0.600303
0.699750,-0.110153
0.700250,-0.210111
0.700750,-0.630016
0.701250,-0.258874
0.701750,-0.975975
0.702250,-0.764675
0.702750,-0.814786
0.703250,-0.815230
0.703750,-0.850292
0.704250,-0.292697
0.704750,-1.071980
0.705250,-0.801688
0.705750,-0.581638
0.706250,-0.872626
0.706750,-1.437389
0.707250,-0.496152
0.707750,-0.966739
0.708250,-0.889560
0.708750,-0.580495
0.709250,-1.193543
0.709750,-0.830356
0.710250,-0.395231
0.710750,-0.540162
0.711250,-0.156302
0.711750,-0.047251
0.712250,-0.389753
0.712750,-0.029329
0.713250,-0.441393
0.713750,-0.119900
0.714250,0.060132
0.714750,-0.389335
0.715250,-0.120484
0.715750,-0.005933
0.716250,-0.026682
0.716750,-0.447408
0.717250,0.241997
0.717750,0.113408
0.718250,0.178723
0.718750,-0.136165
0.719250,-0.021745
0.719750,0.109003
0.720250,0.143442
0.720750,-0.221601
0.721250,-0.089794
0.721750,-0.185750
0.722250,-0.439830
0.722750,-0.745450
0.723250,-0.155459
0.723750,-0.525921
0.724250,-0.587924
0.724750,-0.232480
0.725250,-0.753302
0.725750,-0.241614
0.726250,-0.459998
0.726750,-0.603071
0.727250,-0.724975
0.727750,-0.568344
0.728250,-0.502243
0.728750,-0.357402
0.729250,-0.341620
0.729750,-0.431459
0.730250,-0.476613
0.730750,-0.665744
0.731250,-0.805155
0.731750,-1.046535
0.732250,-0.546479
0.732750,-0.518365
0.733250,-0.815274
0.733750,-0.407660
0.734250,-0.836008
0.734750,-0.718187
0.735250,-0.614638
0.735750,-0.551590
0.736250,-0.632433
0.736750,-0.914544
0.737250,-0.469231
0.737750,-0.256256
0.738250,-0.807808
0.738750,-0.566775
0.739250,-1.078595
0.739750,-0.889935
0.740250,-0.490123
0.740750,-1.276672
0.741250,-0.990107
0.741750,-0.821353
0.742250,-0.946787
0.742750,-0.452609
0.743250,-0.237845
0.743750,-0.885414
0.744250,-0.824479
0.744750,-0.715646
0.745250,-0.240791
0.745750,-0.988763
0.746250,-0.589270
0.746750,-0.690425
0.747250,-0.835610
0.747750,-0.014289
0.748250,-0.776380
0.748750,-0.536641
0.749250,0.297788
0.749750,-0.162032
0.750250,-0.666385
0.750750,-0.272410
0.751250,-0.749094
0.751750,-0.258196
0.752250,-1.055278
0.752750,-0.886418
0.753250,-0.556110
0.753750,-0.397881
0.754250,-0.585248
0.754750,-0.380557
0.755250,-0.222127
0.755750,-1.063943
0.756250,-0.796175
0.756750,-0.650351
0.757250,-0.624505
0.757750,-1.166631
0.758250,-1.226194
0.758750,-0.852174
0.759250,-1.462266
0.759750,-1.247073
0.760250,-0.990651
0.760750,-0.763385
0.761250,-1.357008
0.761750,-1.380549
0.762250,-1.098595
0.762750,-1.570914
0.763250,-1.776536
0.763750,-1.062284
0.764250,-1.097009
0.764750,-1.502737
0.765250,-1.588491
0.765750,-1.551046
0.766250,-1.516871
0.766750,-1.941130
0.767250,-1.850933
0.767750,-1.131269
0.768250,-1.385578
0.768750,-1.406288
0.769250,-1.281422
0.769750,-1.221057
0.770250,-1.793344
0.770750,-1.460308
0.771250,-1.188732
0.771750,-1.395977
0.772250,-1.632134
0.772750,-1.366582
0.773250,-1.219041
0.773750,-1.228843
0.774250,-1.499208
0.774750,-1.108348
0.775250,-0.778866
0.775750,-1.186496
0.776250,-0.979579
0.776750,-1.411195
0.777250,-1.550659
0.777750,-1.919136
0.778250,-0.881608
0.778750,-0.957613
0.779250,-1.350965
0.779750,-1.417016
0.780250,-1.328646
0.780750,-1.678390
0.781250,-1.726612
0.781750,-1.170045
0.782250,-1.410211
0.782750,-1.220959
0.783250,-0.932655
0.783750,-1.356741
0.784250,-1.095029
0.784750,-0.975699
0.785250,-0.823169
0.785750,-0.741672
0.786250,-1.320685
0.786750,-1.652385
0.787250,-1.062710
0.787750,-1.246692
0.788250,-1.081525
0.788750,-1.082727
0.789250,-1.907149
0.789750,-1.322797
0.790250,-0.938099
0.790750,-1.441453
0.791250,-1.503566
0.791750,-1.424836
0.792250,-1.181957
0.792750,-1.536793
0.793250,-0.657855
0.793750,-0.757226
0.794250,-1.373223
0.794750,-1.740233
0.795250,-2.011710
0.795750,-1.543982
0.796250,-1.657673
0.796750,-1.137548
0.797250,-1.199807
0.797750,-1.448354
0.798250,-1.156645
0.798750,-1.021866
0.799250,-1.331498
0.799750,-0.951903
0.800250,-0.799311
0.800750,-1.494310
0.801250,-1.291255
0.801750,-1.549037
0.802250,-1.143298
0.802750,-1.404663
0.803250,-1.236980
0.803750,-1.434416
0.804250,-1.306599
0.804750,-1.585318
0.805250,-0.985010
0.805750,-1.750863
0.806250,-1.673695
0.806750,-1.232445
0.807250,-0.527633
0.807750,-1.315967
0.808250,-1.433170
0.808750,-0.822246
0.809250,-1.392171
0.809750,-0.644070
0.810250,-0.805924
0.810750,-0.690795
0.811250,-0.534186
0.811750,-1.248788
0.812250,-0.901146
0.812750,-1.075377
0.813250,-1.176667
0.813750,-0.957696
0.814250,-1.072348
0.814750,-1.077293
0.815250,-1.008127
0.815750,-0.643197
0.816250,-0.552307
0.816750,-1.233569
0.817250,-0.949945
0.817750,-0.615534
0.818250,-0.986095
0.818750,-0.699191
0.819250,-0.948370
0.819750,-1.094605
0.820250,-1.171653
0.820750,-0.594909
0.821250,-0.520952
0.821750,-0.610413
0.822250,-0.678476
0.822750,-0.825654
0.823250,-1.136353
0.823750,-0.825429
0.824250,-0.953963
0.824750,-0.712794
0.825250,-1.225345
0.825750,-1.055774
0.826250,-1.083524
0.826750,-0.767797
0.827250,-0.852938
0.827750,-1.327927
0.828250,-1.127374
0.828750,-0.977435
0.829250,-1.263030
0.829750,-0.889679
0.830250,-1.426210
0.830750,-1.121976
0.831250,-1.248705
0.831750,-1.335766
0.832250,-1.564673
0.832750,-1.404922
0.833250,-1.564881
0.833750,-1.050112
0.834250,-1.611210
0.834750,-1.091883
0.835250,-0.799838
0.835750,-1.993105
0.836250,-0.837070
0.836750,-1.102366
0.837250,-0.977463
0.837750,-1.234265
0.838250,-1.367240
0.838750,-1.047505
0.839250,-1.200261
0.839750,-1.141934
0.840250,-1.557685
0.840750,-1.277159
0.841250,-1.148646
0.841750,-1.380493
0.842250,-1.157505
0.842750,-1.009935
0.843250,-1.062776
0.843750,-1.791927
0.844250,-1.397044
0.844750,-0.840132
0.845250,-1.290247
0.845750,-0.511682
0.846250,-0.689775
0.846750,-1.150981
0.847250,-1.084298
0.847750,-1.225490
0.848250,-1.086390
0.848750,-1.486288
0.849250,-0.622804
0.849750,-1.180176
0.850250,-0.789587
0.850750,-1.164456
0.851250,-0.942590
0.851750,-1.676321
0.852250,-0.851167
0.852750,-1.193673
0.853250,-0.362484
0.853750,-0.665491
0.854250,-1.101299
0.854750,-0.976145
0.855250,-1.706262
0.855750,-1.098328
0.856250,-1.798703
0.856750,-1.679081
0.857250,-1.860268
0.857750,-1.374506
0.858250,-1.931259
0.858750,-1.302784
0.859250,-1.031723
0.859750,-1.134235
0.860250,-1.044099
0.860750,-1.516525
0.861250,-1.237939
0.861750,-1.334769
0.862250,-1.748323
0.862750,-1.476048
0.863250,-2.158175
0.863750,-1.172702
0.864250,-1.537233
0.864750,-1.494514
0.865250,-1.505028
0.865750,-1.723669
0.866250,-1.602243
0.866750,-1.757631
0.867250,-2.115849
0.867750,-1.567024
0.868250,-1.470923
0.868750,-1.319097
0.869250,-1.714477
0.869750,-1.758302
0.870250,-1.642599
0.870750,-2.535834
0.871250,-1.890611
0.871750,-1.687339
0.872250,-1.533014
0.872750,-1.805689
0.873250,-1.883786
0.873750,-1.989281
0.874250,-2.056278
0.874750,-1.232403
0.875250,-1.984741
0.875750,-1.957384
0.876250,-1.280755
0.876750,-1.691072
0.877250,-1.670218
0.877750,-2.075887
0.878250,-1.717504
0.878750,-2.024720
0.879250,-1.681559
0.879750,-1.701044
0.880250,-1.271932
0.880750,-1.977692
0.881250,-1.735525
0.881750,-1.988112
0.882250,-1.647475
0.882750,-1.463778
0.883250,-0.785582
0.883750,-1.175051
0.884250,-1.641102
0.884750,-1.154783
0.885250,-1.495403
0.885750,-1.669671
0.886250,-1.524971
0.886750,-1.322032
0.887250,-1.473624
0.887750,-1.305991
0.888250,-1.405268
0.888750,-1.422087
0.889250,-1.886503
0.889750,-1.508549
0.890250,-2.078928
0.890750,-1.615465
0.891250,-1.457601
0.891750,-1.721934
0.892250,-1.816356
0.892750,-2.036900
0.893250,-1.855001
0.893750,-1.378518
0.894250,-1.561849
0.894750,-1.235491
0.895250,-1.003860
0.895750,-1.267281
0.896250,-1.368310
0.896750,-2.142536
0.897250,-1.430630
0.897750,-1.458570
0.898250,-1.437406
0.898750,-1.273540
0.899250,-1.493410
0.899750,-1.534849
0.900250,-2.163675
0.900750,-1.337524
0.901250,-1.472547
0.901750,-1.940139
0.902250,-1.773821
0.902750,-1.145338
0.903250,-1.279216
0.903750,-1.989038
0.904250,-1.442524
0.904750,-1.841454
0.905250,-1.628959
0.905750,-1.824884
0.906250,-1.733067
0.906750,-1.603672
0.907250,-1.365525
0.907750,-1.010007
0.908250,-1.714375
0.908750,-1.244085
0.909250,-2.353193
0.909750,-1.192939
0.910250,-1.674143
0.910750,-0.892417
0.911250,-0.929614
0.911750,-0.896809
0.912250,-1.635549
0.912750,-1.464222
0.913250,-0.762941
0.913750,-0.843040
0.914250,-0.717784
0.914750,-0.676576
0.915250,-1.193345
0.915750,-1.498864
0.916250,-1.250608
0.916750,-1.271878
0.917250,-0.543773
0.917750,-1.375396
0.918250,-0.827159
0.918750,-0.942455
0.919250,-1.310870
0.919750,-1.000601
0.920250,-0.595179
0.920750,-1.177658
0.921250,-1.365072
0.921750,-0.674900
0.922250,-0.497624
0.922750,-0.526180
0.923250,-0.437000
0.923750,-0.833223
0.924250,-0.807030
0.924750,-0.766902
0.925250,-0.609433
0.925750,-1.081516
0.926250,-0.630091
0.926750,-0.229471
0.927250,-0.498633
0.927750,-0.311081
0.928250,-0.181151
0.928750,-1.046182
0.929250,-0.770222
0.929750,-1.206353
0.930250,-0.444038
0.930750,-0.521269
0.931250,-1.181950
0.931750,-0.909805
0.932250,-1.147703
0.932750,-0.684988
0.933250,-1.287970
0.933750,-1.084294
0.934250,-1.283492
0.934750,-0.711523
0.935250,-1.247816
0.935750,-1.604246
0.936250,-1.565070
0.936750,-1.750281
0.937250,-1.196837
0.937750,-1.063625
0.938250,-1.299287
0.938750,-1.310198
0.939250,-1.246060
0.939750,-1.351245
0.940250,-0.809527
0.940750,-1.376369
0.941250,-1.246026
0.941750,-0.913047
0.942250,-0.881693
0.942750,-0.805470
0.943250,-1.229463
0.943750,-0.684378
0.944250,-1.631803
0.944750,-1.516679
0.945250,-1.653818
0.945750,-1.292721
0.946250,-1.473365
0.946750,-1.234530
0.947250,-1.228884
0.947750,-1.014696
0.948250,-0.914157
0.948750,-1.196627
0.949250,-1.583883
0.949750,-1.217218
0.950250,-1.234950
0.950750,-1.029283
0.951250,-0.938705
0.951750,-1.150500
0.952250,-0.692303
0.952750,-1.147670
0.953250,-0.988787
0.953750,-1.007365
0.954250,-0.870111
0.954750,-1.162440
0.955250,-1.037826
0.955750,-0.731121
0.956250,-1.537740
0.956750,-1.101491
0.957250,-1.283346
0.957750,-0.595141
0.958250,-0.924462
0.958750,-1.336861
0.959250,-1.009636
0.959750,-0.900390
0.960250,-0.982665
0.960750,-1.578708
0.961250,-0.666604
0.961750,-1.478950
0.962250,-1.400646
0.962750,-0.906004
0.963250,-1.203184
0.963750,-0.879042
0.964250,-0.716752
0.964750,-1.506913
0.965250,-1.211428
0.965750,-0.590472
0.966250,-1.444600
0.966750,-1.026317
0.967250,-1.188624
0.967750,-1.058360
0.968250,-1.554394
0.968750,-2.015538
0.969250,-1.073716
0.969750,-0.711247
0.970250,-1.320617
0.970750,-1.662208
0.971250,-1.399392
0.971750,-1.267726
0.972250,-1.104935
0.972750,-1.102555
0.973250,-1.890204
0.973750,-1.773522
0.974250,-1.395039
0.974750,-1.115576
0.975250,-1.295177
0.975750,-1.618904
0.976250,-1.459530
0.976750,-1.355621
0.977250,-1.073599
0.977750,-1.575853
0.978250,-1.667969
0.978750,-1.570773
0.979250,-1.634261
0.979750,-1.562650
0.980250,-1.913385
0.980750,-1.828218
0.981250,-1.466307
0.981750,-1.213962
0.982250,-1.399618
0.982750,-1.638251
0.983250,-1.246114
0.983750,-1.357943
0.984250,-1.302420
0.984750,-0.881887
0.985250,-1.887652
0.985750,-1.053873
0.986250,-1.285639
0.986750,-0.891070
0.987250,-1.540831
0.987750,-1.518888
0.988250,-0.918727
0.988750,-0.690410
0.989250,-0.806557
0.989750,-0.959544
0.990250,-1.449689
0.990750,-1.589088
0.991250,-0.722608
0.991750,-0.913184
0.992250,-1.644186
0.992750,-1.727868
0.993250,-1.442842
0.993750,-0.961639
0.994250,-1.627861
0.994750,-0.918209
0.995250,-1.487071
0.995750,-0.945696
0.996250,-1.165352
0.996750,-0.834265
0.997250,-1.523067
0.997750,-1.619434
0.998250,-1.260803
0.998750,-0.648785
0.999250,-1.393871
0.999750,-0.705568
