0.000250,0.118330
0.000750,0.093551
0.001250,0.090172
0.001750,-0.094477
0.002250,-0.092653
0.002750,0.076847
0.003250,0.133013
0.003750,0.156103
0.004250,0.347011
0.004750,0.615878
0.005250,0.759174
0.005750,0.728557
0.006250,0.667109
0.006750,0.677408
0.007250,0.738491
0.007750,0.804849
0.008250,0.814159
0.008750,0.726601
0.009250,0.570728
0.009750,0.508154
0.010250,0.553655
0.010750,0.639742
0.011250,0.800306
0.011750,0.925001
0.012250,0.950122
0.012750,1.001665
0.013250,0.983520
0.013750,1.030712
0.014250,1.193026
0.014750,1.341183
0.015250,1.529112
0.015750,1.739990
0.016250,1.802636
0.016750,1.841150
0.017250,1.841979
0.017750,1.767168
0.018250,1.653618
0.018750,1.687862
0.019250,1.697702
0.019750,1.701083
0.020250,1.761895
0.020750,1.820553
0.021250,1.814283
0.021750,1.683312
0.022250,1.591066
0.022750,1.473853
0.023250,1.352732
0.023750,1.247157
0.024250,1.278275
0.024750,1.290537
0.025250,1.310315
0.025750,1.391484
0.026250,1.584960
0.026750,1.595464
0.027250,1.616290
0.027750,1.628489
0.028250,1.608400
0.028750,1.598965
0.029250,1.568443
0.029750,1.597876
0.030250,1.621558
0.030750,1.728324
0.031250,1.883450
0.031750,1.924577
0.032250,2.032039
0.032750,2.254660
0.033250,2.280025
0.033750,2.223533
0.034250,2.254837
0.034750,2.243167
0.035250,2.107261
0.035750,2.076179
0.036250,1.901640
0.036750,1.860803
0.037250,1.913894
0.037750,1.803661
0.038250,1.854325
0.038750,1.870035
0.039250,1.860730
0.039750,1.922467
0.040250,1.829523
0.040750,1.802786
0.041250,1.674280
0.041750,1.524779
0.042250,1.507966
0.042750,1.297744
0.043250,1.182922
0.043750,1.047331
0.044250,0.978780
0.044750,1.035763
0.045250,0.971978
0.045750,1.098645
0.046250,0.959082
0.046750,1.147918
0.047250,1.253422
0.047750,1.242782
0.048250,1.321220
0.048750,1.217803
0.049250,1.294519
0.049750,1.218047
0.050250,1.308257
0.050750,1.210371
0.051250,1.245960
0.051750,1.168035
0.052250,1.125870
0.052750,1.292524
0.053250,1.351191
0.053750,1.471001
0.054250,1.418298
0.054750,1.641264
0.055250,1.660086
0.055750,1.827769
0.056250,1.880342
0.056750,1.959769
0.057250,1.796293
0.057750,1.900628
0.058250,1.871364
0.058750,1.895838
0.059250,1.695615
0.059750,1.707164
0.060250,1.489923
0.060750,1.467583
0.061250,1.414987
0.061750,1.450541
0.062250,1.416710
0.062750,1.499935
0.063250,1.372438
0.063750,1.461966
0.064250,1.407884
0.064750,1.499971
0.065250,1.522493
0.065750,1.442269
0.066250,1.387827
0.066750,1.214634
0.067250,1.157620
0.067750,0.968805
0.068250,0.947748
0.068750,0.821414
0.069250,0.742900
0.069750,0.529394
0.070250,0.517240
0.070750,0.465801
0.071250,0.548690
0.071750,0.470453
0.072250,0.525811
0.072750,0.412475
0.073250,0.473217
0.073750,0.667277
0.074250,0.619017
0.074750,0.829388
0.075250,0.728896
0.075750,0.782412
0.076250,0.750302
0.076750,0.713033
0.077250,0.721563
0.077750,0.686501
0.078250,0.773915
0.078750,0.655786
0.079250,0.703678
0.079750,0.503646
0.080250,0.634530
0.080750,0.563068
0.081250,0.606941
0.081750,0.823776
0.082250,0.754996
0.082750,0.907076
0.083250,0.874036
0.083750,1.050193
0.084250,1.089742
0.084750,1.140400
0.085250,1.381218
0.085750,1.277132
0.086250,1.407757
0.086750,1.324216
0.087250,1.226347
0.087750,1.374045
0.088250,1.202706
0.088750,1.245654
0.089250,1.127274
0.089750,1.079129
0.090250,1.007969
0.090750,0.742738
0.091250,0.854598
0.091750,0.739452
0.092250,0.827685
0.092750,0.773295
0.093250,0.631844
0.093750,0.752076
0.094250,0.621494
0.094750,0.615312
0.095250,0.710352
0.095750,0.577200
0.096250,0.734926
0.096750,0.646480
0.097250,0.628836
0.097750,0.561816
0.098250,0.386035
0.098750,0.398036
0.099250,0.228497
0.099750,0.170463
0.100250,0.196270
0.100750,-0.086791
0.101250,-0.140510
0.101750,-0.243602
0.102250,-0.516644
0.102750,-0.461464
0.103250,-0.595465
0.103750,-0.565005
0.104250,-0.498651
0.104750,-0.678483
0.105250,-0.535764
0.105750,-0.467540
0.106250,-0.664910
0.106750,-0.454094
0.107250,-0.494020
0.107750,-0.423720
0.108250,-0.261015
0.108750,-0.371526
0.109250,-0.319051
0.109750,-0.299432
0.110250,-0.510408
0.110750,-0.356890
0.111250,-0.364268
0.111750,-0.511738
0.112250,-0.407491
0.112750,-0.515178
0.113250,-0.593563
0.113750,-0.416179
0.114250,-0.690168
0.114750,-0.633537
0.115250,-0.559662
0.115750,-0.672954
0.116250,-0.485506
0.116750,-0.450662
0.117250,-0.513069
0.117750,-0.314294
0.118250,-0.402009
0.118750,-0.370454
0.119250,-0.166498
0.119750,-0.184669
0.120250,-0.095552
0.120750,0.166720
0.121250,-0.030062
0.121750,0.137544
0.122250,0.061043
0.122750,0.027582
0.123250,0.020796
0.123750,0.022539
0.124250,-0.191481
0.124750,-0.098490
0.125250,-0.124703
0.125750,-0.278414
0.126250,-0.321527
0.126750,-0.348599
0.127250,-0.613480
0.127750,-0.581445
0.128250,-0.599686
0.128750,-0.780920
0.129250,-0.561548
0.129750,-0.696795
0.130250,-0.746174
0.130750,-0.732112
0.131250,-0.795596
0.131750,-0.897829
0.132250,-0.768176
0.132750,-0.741455
0.133250,-0.912005
0.133750,-0.680221
0.134250,-0.736877
0.134750,-0.970623
0.135250,-0.882874
0.135750,-0.897178
0.136250,-1.151842
0.136750,-1.146611
0.137250,-1.258265
0.137750,-1.384306
0.138250,-1.326832
0.138750,-1.460161
0.139250,-1.686685
0.139750,-1.753797
0.140250,-1.771974
0.140750,-2.138130
0.141250,-2.149388
0.141750,-1.994909
0.142250,-2.250412
0.142750,-2.159932
0.143250,-2.101645
0.143750,-2.229600
0.144250,-2.117733
0.144750,-2.146445
0.145250,-2.252338
0.145750,-2.220020
0.146250,-2.023286
0.146750,-2.067147
0.147250,-2.008156
0.147750,-1.804280
0.148250,-1.929925
0.148750,-2.018608
0.149250,-1.716637
0.149750,-1.827684
0.150250,-2.018674
0.150750,-1.917320
0.151250,-1.917650
0.151750,-1.979520
0.152250,-1.924488
0.152750,-1.797070
0.153250,-2.027532
0.153750,-2.081349
0.154250,-2.044790
0.154750,-2.179541
0.155250,-2.176411
0.155750,-2.026579
0.156250,-2.096148
0.156750,-2.101944
0.157250,-1.988221
0.157750,-1.833201
0.158250,-1.932196
0.158750,-1.754655
0.159250,-1.673994
0.159750,-1.825820
0.160250,-1.706380
0.160750,-1.428975
0.161250,-1.436821
0.161750,-1.452998
0.162250,-1.143557
0.162750,-1.207228
0.163250,-1.169267
0.163750,-1.154941
0.164250,-1.056401
0.164750,-1.203848
0.165250,-1.232856
0.165750,-1.130391
0.166250,-1.324888
0.166750,-1.289972
0.167250,-1.145698
0.167750,-1.296711
0.168250,-1.514173
0.168750,-1.367038
0.169250,-1.316342
0.169750,-1.619142
0.170250,-1.669352
0.170750,-1.599105
0.171250,-1.672011
0.171750,-1.701611
0.172250,-1.692902
0.172750,-1.554577
0.173250,-1.747751
0.173750,-1.725326
0.174250,-1.597244
0.174750,-1.683395
0.175250,-1.782360
0.175750,-1.614678
0.176250,-1.708744
0.176750,-1.751677
0.177250,-1.547263
0.177750,-1.373619
0.178250,-1.585881
0.178750,-1.740373
0.179250,-1.563348
0.179750,-1.732646
0.180250,-1.952229
0.180750,-1.833153
0.181250,-1.752404
0.181750,-2.003044
0.182250,-2.062563
0.182750,-1.977503
0.183250,-2.014236
0.183750,-2.334148
0.184250,-2.309489
0.184750,-2.368331
0.185250,-2.542208
0.185750,-2.666120
0.186250,-2.633757
0.186750,-2.529378
0.187250,-2.721387
0.187750,-2.701273
0.188250,-2.452974
0.188750,-2.581815
0.189250,-2.581794
0.189750,-2.497435
0.190250,-2.479683
0.190750,-2.577034
0.191250,-2.525418
0.191750,-2.353358
0.192250,-2.317780
0.192750,-2.493438
0.193250,-2.182479
0.193750,-1.961877
0.194250,-2.051426
0.194750,-2.050044
0.195250,-1.919720
0.195750,-1.950931
0.196250,-2.115619
0.196750,-2.044690
0.197250,-1.922281
0.197750,-1.867998
0.198250,-2.066136
0.198750,-1.947677
0.199250,-1.846241
0.199750,-1.906734
0.200250,-1.972563
0.200750,-1.947325
0.201250,-1.977014
0.201750,-2.198766
0.202250,-2.082158
0.202750,-1.850482
0.203250,-1.960903
0.203750,-1.985908
0.204250,-1.768818
0.204750,-1.578848
0.205250,-1.678293
0.205750,-1.618416
0.206250,-1.484806
0.206750,-1.380376
0.207250,-1.476497
0.207750,-1.368454
0.208250,-1.111134
0.208750,-1.138627
0.209250,-1.114039
0.209750,-0.912993
0.210250,-0.737968
0.210750,-0.748522
0.211250,-0.811211
0.211750,-0.677710
0.212250,-0.612068
0.212750,-0.639739
0.213250,-0.700332
0.213750,-0.647995
0.214250,-0.562890
0.214750,-0.718010
0.215250,-0.790217
0.215750,-0.629565
0.216250,-0.573515
0.216750,-0.927198
0.217250,-0.879844
0.217750,-0.801759
0.218250,-0.903520
0.218750,-1.194900
0.219250,-1.173242
0.219750,-0.994069
0.220250,-1.076908
0.220750,-1.205114
0.221250,-1.128151
0.221750,-0.969708
0.222250,-1.033025
0.222750,-1.106044
0.223250,-1.053266
0.223750,-0.957590
0.224250,-1.050435
0.224750,-1.047656
0.225250,-1.034741
0.225750,-0.945473
0.226250,-0.957383
0.226750,-0.955249
0.227250,-0.732817
0.227750,-0.662512
0.228250,-0.912107
0.228750,-0.963122
0.229250,-0.846381
0.229750,-0.891252
0.230250,-1.059268
0.230750,-1.231384
0.231250,-1.093173
0.231750,-1.036759
0.232250,-1.203519
0.232750,-1.347743
0.233250,-1.325740
0.233750,-1.276604
0.234250,-1.494936
0.234750,-1.612846
0.235250,-1.504211
0.235750,-1.771281
0.236250,-1.872809
0.236750,-1.934753
0.237250,-1.958739
0.237750,-1.779609
0.238250,-1.985273
0.238750,-1.939642
0.239250,-1.861108
0.239750,-1.800047
0.240250,-1.875658
0.240750,-1.863620
0.241250,-1.894040
0.241750,-1.685902
0.242250,-1.754768
0.242750,-1.933470
0.243250,-1.771830
0.243750,-1.579779
0.244250,-1.638578
0.244750,-1.470855
0.245250,-1.259154
0.245750,-1.163165
0.246250,-1.244987
0.246750,-1.379236
0.247250,-1.123505
0.247750,-1.162720
0.248250,-1.246803
0.248750,-1.366697
0.249250,-1.185520
0.249750,-1.076350
0.250250,-1.058508
0.250750,-1.263055
0.251250,-1.235756
0.251750,-0.997566
0.252250,-1.044373
0.252750,-1.168223
0.253250,-1.172765
0.253750,-1.036837
0.254250,-1.090224
0.254750,-1.322728
0.255250,-1.217900
0.255750,-1.027840
0.256250,-1.117207
0.256750,-1.221040
0.257250,-0.978972
0.257750,-0.793403
0.258250,-0.743454
0.258750,-0.926622
0.259250,-0.841808
0.259750,-0.560564
0.260250,-0.549628
0.260750,-0.529154
0.261250,-0.495673
0.261750,-0.405374
0.262250,-0.142560
0.262750,-0.236552
0.263250,-0.141765
0.263750,-0.046712
0.264250,0.290700
0.264750,0.194886
0.265250,0.075714
0.265750,0.153546
0.266250,0.335550
0.266750,0.350828
0.267250,0.149282
0.267750,0.209997
0.268250,0.354378
0.268750,0.316359
0.269250,0.218487
0.269750,0.197397
0.270250,0.182321
0.270750,0.337800
0.271250,0.160245
0.271750,0.110013
0.272250,-0.003977
0.272750,0.148112
0.273250,0.029938
0.273750,-0.187735
0.274250,-0.070487
0.274750,-0.075791
0.275250,-0.047081
0.275750,-0.234948
0.276250,-0.275319
0.276750,-0.154978
0.277250,0.032860
0.277750,-0.108002
0.278250,-0.196414
0.278750,-0.060421
0.279250,-0.013918
0.279750,0.097229
0.280250,-0.181611
0.280750,-0.122754
0.281250,0.063259
0.281750,0.133636
0.282250,0.096946
0.282750,-0.022684
0.283250,0.147772
0.283750,0.260687
0.284250,0.252975
0.284750,-0.048262
0.285250,0.109258
0.285750,0.298078
0.286250,0.058199
0.286750,-0.114337
0.287250,-0.061025
0.287750,-0.070248
0.288250,-0.054883
0.288750,-0.167561
0.289250,-0.394344
0.289750,-0.387331
0.290250,-0.274503
0.290750,-0.394463
0.291250,-0.448638
0.291750,-0.483183
0.292250,-0.483220
0.292750,-0.543257
0.293250,-0.801341
0.293750,-0.917129
0.294250,-0.965782
0.294750,-0.751533
0.295250,-0.695304
0.295750,-0.827291
0.296250,-0.976228
0.296750,-0.857940
0.297250,-0.736503
0.297750,-0.778944
0.298250,-0.757848
0.298750,-0.665955
0.299250,-0.516280
0.299750,-0.653555
0.300250,-0.899004
0.300750,-0.838257
0.301250,-0.472435
0.301750,-0.298472
0.302250,-0.436708
0.302750,-0.392066
0.303250,-0.278384
0.303750,-0.039547
0.304250,-0.088670
0.304750,-0.205349
0.305250,-0.168383
0.305750,-0.017303
0.306250,0.074682
0.306750,0.030405
0.307250,-0.068723
0.307750,0.100315
0.308250,0.155740
0.308750,0.193674
0.309250,-0.015153
0.309750,0.065156
0.310250,0.067478
0.310750,0.230447
0.311250,0.119963
0.311750,-0.075840
0.312250,-0.085918
0.312750,0.184913
0.313250,0.133223
0.313750,0.036499
0.314250,0.106335
0.314750,0.200741
0.315250,0.202805
0.315750,0.214386
0.316250,0.161401
0.316750,0.300543
0.317250,0.545627
0.317750,0.663390
0.318250,0.623521
0.318750,0.581237
0.319250,0.705230
0.319750,0.914599
0.320250,0.813985
0.320750,0.745534
0.321250,1.003322
0.321750,1.059152
0.322250,1.294565
0.322750,1.369824
0.323250,1.224089
0.323750,1.455574
0.324250,1.676425
0.324750,1.716960
0.325250,1.657986
0.325750,1.608343
0.326250,1.701913
0.326750,1.922977
0.327250,1.846549
0.327750,1.882937
0.328250,1.746625
0.328750,1.898991
0.329250,1.947627
0.329750,1.896441
0.330250,1.678813
0.330750,1.778329
0.331250,1.917054
0.331750,1.990430
0.332250,1.911604
0.332750,1.702248
0.333250,1.754714
0.333750,1.945160
0.334250,1.676762
0.334750,1.515404
0.335250,1.436515
0.335750,1.413477
0.336250,1.644475
0.336750,1.738676
0.337250,1.523098
0.337750,1.574123
0.338250,1.591373
0.338750,1.853654
0.339250,1.789091
0.339750,1.596312
0.340250,1.671065
0.340750,1.726979
0.341250,1.859219
0.341750,1.822677
0.342250,1.612100
0.342750,1.813917
0.343250,1.837299
0.343750,1.900507
0.344250,1.956782
0.344750,1.840130
0.345250,1.923713
0.345750,2.116156
0.346250,2.239259
0.346750,2.085725
0.347250,1.954937
0.347750,2.019841
0.348250,2.162933
0.348750,2.102618
0.349250,1.846151
0.349750,1.617840
0.350250,1.777043
0.350750,1.963463
0.351250,1.890604
0.351750,1.814589
0.352250,1.650816
0.352750,1.771745
0.353250,1.920527
0.353750,1.620167
0.354250,1.423287
0.354750,1.482005
0.355250,1.482252
0.355750,1.442128
0.356250,1.349345
0.356750,1.084002
0.357250,1.281155
0.357750,1.262587
0.358250,1.326260
0.358750,1.203720
0.359250,1.037477
0.359750,1.070583
0.360250,1.342050
0.360750,1.422088
0.361250,1.397532
0.361750,1.160595
0.362250,1.260539
0.362750,1.428926
0.363250,1.614046
0.363750,1.463614
0.364250,1.349648
0.364750,1.531849
0.365250,1.796157
0.365750,1.721215
0.366250,1.803551
0.366750,1.620718
0.367250,1.877143
0.367750,2.073902
0.368250,2.148256
0.368750,2.129963
0.369250,2.065601
0.369750,2.138867
0.370250,2.294701
0.370750,2.396265
0.371250,2.358555
0.371750,2.180955
0.372250,2.198912
0.372750,2.447054
0.373250,2.486407
0.373750,2.408998
0.374250,2.237971
0.374750,2.394078
0.375250,2.554021
0.375750,2.547581
0.376250,2.365929
0.376750,2.136991
0.377250,2.405153
0.377750,2.508630
0.378250,2.573583
0.378750,2.527325
0.379250,2.394020
0.379750,2.398736
0.380250,2.430539
0.380750,2.719253
0.381250,2.671528
0.381750,2.504397
0.382250,2.702722
0.382750,2.811408
0.383250,2.928837
0.383750,3.100100
0.384250,2.966513
0.384750,3.016828
0.385250,3.079597
0.385750,3.397900
0.386250,3.413783
0.386750,3.129353
0.387250,3.081370
0.387750,3.567590
0.388250,3.697328
0.388750,3.710088
0.389250,3.668124
0.389750,3.685938
0.390250,3.795511
0.390750,4.121272
0.391250,4.253515
0.391750,4.197642
0.392250,4.091718
0.392750,4.204661
0.393250,4.435413
0.393750,4.409791
0.394250,4.183246
0.394750,4.128906
0.395250,4.261179
0.395750,4.499397
0.396250,4.467350
0.396750,4.273724
0.397250,4.185003
0.397750,4.241547
0.398250,4.430880
0.398750,4.508713
0.399250,4.306341
0.399750,4.151107
0.400250,4.016694
0.400750,4.197121
0.401250,4.383505
0.401750,4.059476
0.402250,3.995302
0.402750,3.932615
0.403250,3.887491
0.403750,4.104598
0.404250,3.994715
0.404750,3.859599
0.405250,3.796029
0.405750,3.799165
0.406250,4.081844
0.406750,4.146568
0.407250,4.006360
0.407750,3.891438
0.408250,3.951000
0.408750,4.087235
0.409250,4.176353
0.409750,4.119266
0.410250,3.841522
0.410750,3.976703
0.411250,4.040934
0.411750,4.130646
0.412250,4.209730
0.412750,4.016262
0.413250,4.030071
0.413750,4.183467
0.414250,4.381680
0.414750,4.377974
0.415250,4.322057
0.415750,4.097294
0.416250,4.193546
0.416750,4.247403
0.417250,4.206775
0.417750,4.020973
0.418250,3.866982
0.418750,3.862881
0.419250,4.029581
0.419750,4.120181
0.420250,3.852551
0.420750,3.728107
0.421250,3.785081
0.421750,3.692839
0.422250,3.985027
0.422750,3.680972
0.423250,3.321130
0.423750,3.290181
0.424250,3.304081
0.424750,3.392599
0.425250,3.376469
0.425750,3.185909
0.426250,2.975047
0.426750,3.019826
0.427250,3.053796
0.427750,3.248714
0.428250,3.091694
0.428750,2.895520
0.429250,2.862280
0.429750,2.967410
0.430250,3.153311
0.430750,3.094233
0.431250,3.088943
0.431750,3.110928
0.432250,2.930556
0.432750,3.265004
0.433250,3.109164
0.433750,3.278222
0.434250,3.118078
0.434750,3.024660
0.435250,3.178026
0.435750,3.429263
0.436250,3.380956
0.436750,3.382286
0.437250,3.151069
0.437750,3.406278
0.438250,3.665509
0.438750,3.637949
0.439250,3.729739
0.439750,3.622960
0.440250,3.575675
0.440750,3.666291
0.441250,3.892870
0.441750,3.760556
0.442250,3.615051
0.442750,3.589472
0.443250,3.496039
0.443750,3.723961
0.444250,3.666899
0.444750,3.765033
0.445250,3.559039
0.445750,3.547680
0.446250,3.686671
0.446750,3.871475
0.447250,3.870025
0.447750,3.529145
0.448250,3.597932
0.448750,3.502854
0.449250,3.731839
0.449750,3.625002
0.450250,3.615393
0.450750,3.377526
0.451250,3.350896
0.451750,3.551813
0.452250,3.593180
0.452750,3.602889
0.453250,3.519622
0.453750,3.357581
0.454250,3.505564
0.454750,3.888507
0.455250,3.891602
0.455750,3.915013
0.456250,3.756082
0.456750,3.751368
0.457250,3.937886
0.457750,4.016609
0.458250,4.046144
0.458750,4.050115
0.459250,4.071679
0.459750,4.221239
0.460250,4.288807
0.460750,4.523605
0.461250,4.513241
0.461750,4.402937
0.462250,4.491246
0.462750,4.578193
0.463250,4.797664
0.463750,4.742074
0.464250,4.847481
0.464750,4.713156
0.465250,4.771487
0.465750,5.015579
0.466250,4.937695
0.466750,5.022267
0.467250,4.760380
0.467750,4.691960
0.468250,4.783682
0.468750,4.897602
0.469250,4.877344
0.469750,4.739567
0.470250,4.473122
0.470750,4.443699
0.471250,4.715465
0.471750,4.920831
0.472250,4.851878
0.472750,4.624537
0.473250,4.474149
0.473750,4.536416
0.474250,4.405872
0.474750,4.571320
0.475250,4.382024
0.475750,4.240163
0.476250,4.200450
0.476750,4.138060
0.477250,4.178951
0.477750,4.056259
0.478250,4.124895
0.478750,3.964054
0.479250,4.036998
0.479750,4.097269
0.480250,4.123471
0.480750,4.123508
0.481250,4.102438
0.481750,3.982466
0.482250,4.100471
0.482750,4.085986
0.483250,4.179953
0.483750,4.143780
0.484250,4.006499
0.484750,3.863448
0.485250,3.874605
0.485750,4.032137
0.486250,4.016972
0.486750,3.977771
0.487250,4.000009
0.487750,4.015941
0.488250,4.019835
0.488750,4.312815
0.489250,4.343266
0.489750,4.190412
0.490250,3.946274
0.490750,4.195716
0.491250,3.952000
0.491750,4.114171
0.492250,3.998834
0.492750,3.847906
0.493250,3.528969
0.493750,3.714150
0.494250,3.706962
0.494750,3.653413
0.495250,3.612565
0.495750,3.484079
0.496250,3.425972
0.496750,3.324146
0.497250,3.511314
0.497750,3.363853
0.498250,3.291419
0.498750,2.927400
0.499250,3.010543
0.499750,2.892574
0.500250,2.888134
0.500750,2.958668
0.501250,2.777582
0.501750,2.532209
0.502250,2.508891
0.502750,2.548509
0.503250,2.518425
0.503750,2.600189
0.504250,2.351582
0.504750,2.242719
0.505250,2.431102
0.505750,2.361379
0.506250,2.513359
0.506750,2.668832
0.507250,2.578672
0.507750,2.397434
0.508250,2.199509
0.508750,2.387365
0.509250,2.743681
0.509750,2.583687
0.510250,2.378559
0.510750,2.308974
0.511250,2.452207
0.511750,2.375869
0.512250,2.717356
0.512750,2.629429
0.513250,2.722826
0.513750,2.580307
0.514250,2.803532
0.514750,3.141611
0.515250,3.046742
0.515750,3.045803
0.516250,2.880438
0.516750,2.731915
0.517250,2.921528
0.517750,3.078677
0.518250,3.182558
0.518750,3.054846
0.519250,2.825375
0.519750,2.627123
0.520250,2.794014
0.520750,2.979465
0.521250,2.984080
0.521750,2.951022
0.522250,2.900224
0.522750,2.755920
0.523250,2.893506
0.523750,2.969216
0.524250,2.955277
0.524750,2.803754
0.525250,2.784642
0.525750,2.770086
0.526250,2.849282
0.526750,2.948663
0.527250,2.794232
0.527750,2.697378
0.528250,2.418211
0.528750,2.536425
0.529250,2.563060
0.529750,2.727589
0.530250,2.838433
0.530750,2.865777
0.531250,2.683353
0.531750,2.635963
0.532250,2.691826
0.532750,2.901950
0.533250,3.076769
0.533750,3.114563
0.534250,3.058715
0.534750,2.939147
0.535250,3.107093
0.535750,3.151870
0.536250,3.201770
0.536750,3.197266
0.537250,3.081986
0.537750,3.139921
0.538250,3.271480
0.538750,3.463782
0.539250,3.609349
0.539750,3.607476
0.540250,3.494089
0.540750,3.723333
0.541250,3.682407
0.541750,3.874874
0.542250,4.091632
0.542750,3.947897
0.543250,3.924905
0.543750,3.782233
0.544250,3.880030
0.544750,4.041586
0.545250,3.990991
0.545750,4.050769
0.546250,3.780938
0.546750,3.731920
0.547250,3.862870
0.547750,3.879660
0.548250,4.127728
0.548750,3.916315
0.549250,3.727556
0.549750,3.515151
0.550250,3.671980
0.550750,3.780955
0.551250,3.979765
0.551750,3.843365
0.552250,3.622218
0.552750,3.458850
0.553250,3.480455
0.553750,3.508765
0.554250,3.491856
0.554750,3.362979
0.555250,3.305241
0.555750,3.128915
0.556250,3.230298
0.556750,3.062390
0.557250,3.349426
0.557750,3.218416
0.558250,3.139160
0.558750,2.964262
0.559250,3.080717
0.559750,3.069467
0.560250,3.343132
0.560750,3.268933
0.561250,3.137101
0.561750,2.937550
0.562250,2.941150
0.562750,2.956192
0.563250,3.117078
0.563750,3.233095
0.564250,3.161129
0.564750,2.746515
0.565250,2.844027
0.565750,2.841433
0.566250,2.985002
0.566750,3.251528
0.567250,3.112590
0.567750,2.939279
0.568250,2.909377
0.568750,2.962175
0.569250,2.920102
0.569750,3.121915
0.570250,3.078706
0.570750,3.043717
0.571250,2.872985
0.571750,3.057063
0.572250,2.988255
0.572750,3.125823
0.573250,2.788757
0.573750,2.825106
0.574250,2.694380
0.574750,2.684975
0.575250,2.712196
0.575750,2.733724
0.576250,2.484397
0.576750,2.528187
0.577250,2.176518
0.577750,2.331512
0.578250,2.186388
0.578750,2.206450
0.579250,2.312422
0.579750,2.242073
0.580250,1.950140
0.580750,1.797358
0.581250,1.822671
0.581750,1.787133
0.582250,1.865235
0.582750,1.576069
0.583250,1.502926
0.583750,1.243254
0.584250,1.211905
0.584750,1.349637
0.585250,1.494493
0.585750,1.347825
0.586250,1.345418
0.586750,1.150249
0.587250,1.186384
0.587750,1.168367
0.588250,1.597213
0.588750,1.436463
0.589250,1.323498
0.589750,1.201644
0.590250,1.052694
0.590750,1.101856
0.591250,1.244189
0.591750,1.467904
0.592250,1.380709
0.592750,1.173346
0.593250,1.182303
0.593750,1.205255
0.594250,1.346578
0.594750,1.639031
0.595250,1.618958
0.595750,1.642895
0.596250,1.403266
0.596750,1.463400
0.597250,1.675356
0.597750,1.808980
0.598250,1.801819
0.598750,1.765231
0.599250,1.567647
0.599750,1.511341
0.600250,1.702187
0.600750,1.714676
0.601250,1.889040
0.601750,1.814761
0.602250,1.940946
0.602750,1.574715
0.603250,1.589514
0.603750,1.768538
0.604250,1.851573
0.604750,1.859534
0.605250,1.738362
0.605750,1.367228
0.606250,1.457463
0.606750,1.478262
0.607250,1.768192
0.607750,1.970693
0.608250,1.761132
0.608750,1.556892
0.609250,1.609783
0.609750,1.598870
0.610250,1.608407
0.610750,1.704510
0.611250,1.415292
0.611750,1.350348
0.612250,1.372583
0.612750,1.320267
0.613250,1.223665
0.613750,1.432239
0.614250,1.431751
0.614750,1.562918
0.615250,1.537858
0.615750,1.488306
0.616250,1.432171
0.616750,1.422000
0.617250,1.807692
0.617750,1.799762
0.618250,1.718845
0.618750,1.524644
0.619250,1.588820
0.619750,1.751378
0.620250,1.973010
0.620750,2.044475
0.621250,2.195038
0.621750,1.941331
0.622250,1.928668
0.622750,2.151359
0.623250,2.073597
0.623750,2.390078
0.624250,2.223822
0.624750,2.389019
0.625250,2.258898
0.625750,2.369724
0.626250,2.322132
0.626750,2.784742
0.627250,2.794257
0.627750,2.675970
0.628250,2.748749
0.628750,2.704899
0.629250,2.600537
0.629750,2.785781
0.630250,2.773092
0.630750,2.597175
0.631250,2.640498
0.631750,2.358036
0.632250,2.375204
0.632750,2.393249
0.633250,2.687753
0.633750,2.752843
0.634250,2.525997
0.634750,2.398509
0.635250,2.323754
0.635750,2.395551
0.636250,2.536721
0.636750,2.519896
0.637250,2.551105
0.637750,2.355231
0.638250,2.076545
0.638750,2.162641
0.639250,2.112166
0.639750,2.211819
0.640250,2.190163
0.640750,2.066120
0.641250,1.888972
0.641750,1.731919
0.642250,1.619440
0.642750,1.750546
0.643250,2.014783
0.643750,1.868999
0.644250,1.861279
0.644750,1.530919
0.645250,1.598117
0.645750,1.500414
0.646250,1.618883
0.646750,1.895379
0.647250,1.609442
0.647750,1.647290
0.648250,1.402662
0.648750,1.472662
0.649250,1.398476
0.649750,1.694494
0.650250,1.669612
0.650750,1.658677
0.651250,1.462700
0.651750,1.307838
0.652250,1.462429
0.652750,1.300216
0.653250,1.595244
0.653750,1.432127
0.654250,1.518851
0.654750,1.274917
0.655250,1.322982
0.655750,1.499672
0.656250,1.715530
0.656750,1.769352
0.657250,1.702643
0.657750,1.599793
0.658250,1.414397
0.658750,1.538489
0.659250,1.212086
0.659750,1.418674
0.660250,1.472798
0.660750,1.238052
0.661250,1.156913
0.661750,0.934126
0.662250,0.975753
0.662750,1.041117
0.663250,1.053793
0.663750,0.855631
0.664250,0.792793
0.664750,0.681380
0.665250,0.644322
0.665750,0.587961
0.666250,0.570206
0.666750,0.553309
0.667250,0.669663
0.667750,0.522694
0.668250,0.021201
0.668750,0.123011
0.669250,0.246830
0.669750,0.180240
0.670250,0.140808
0.670750,-0.000216
0.671250,-0.210633
0.671750,-0.331789
0.672250,-0.583997
0.672750,-0.411106
0.673250,-0.207165
0.673750,-0.359934
0.674250,-0.414153
0.674750,-0.620594
0.675250,-0.632771
0.675750,-0.620924
0.676250,-0.529124
0.676750,-0.390741
0.677250,-0.464922
0.677750,-0.432003
0.678250,-0.694770
0.678750,-0.625745
0.679250,-0.449832
0.679750,-0.455696
0.680250,-0.490574
0.680750,-0.618271
0.681250,-0.735693
0.681750,-1.016864
0.682250,-0.759974
0.682750,-0.681403
0.683250,-0.524891
0.683750,-0.125643
0.684250,-0.184246
0.684750,-0.390663
0.685250,-0.696568
0.685750,-0.398960
0.686250,-0.383518
0.686750,-0.275315
0.687250,-0.273072
0.687750,-0.039861
0.688250,-0.106161
0.688750,-0.463538
0.689250,-0.373461
0.689750,-0.210654
0.690250,0.033371
0.690750,0.048933
0.691250,-0.120915
0.691750,-0.486968
0.692250,-0.657398
0.692750,-0.397669
0.693250,-0.480132
0.693750,-0.043190
0.694250,-0.283719
0.694750,-0.275564
0.695250,-0.544739
0.695750,-0.673010
0.696250,-0.415379
0.696750,-0.342455
0.697250,-0.091646
0.697750,-0.251477
0.698250,-0.426560
0.698750,-0.674727
0.699250,-0.672390
0.699750,-0.491438
0.700250,-0.527963
0.700750,-0.502892
0.701250,-0.587531
0.701750,-0.746551
0.702250,-0.923704
0.702750,-0.949542
0.703250,-0.847816
0.703750,-0.923381
0.704250,-0.494336
0.704750,-0.730481
0.705250,-0.584563
0.705750,-0.870523
0.706250,-0.822694
0.706750,-0.863763
0.707250,-0.503393
0.707750,-0.451818
0.708250,-0.596797
0.708750,-0.510584
0.709250,-0.623965
0.709750,-0.560111
0.710250,-0.479565
0.710750,-0.222640
0.711250,-0.139224
0.711750,-0.218956
0.712250,-0.424910
0.712750,-0.584818
0.713250,-0.370093
0.713750,-0.135708
0.714250,-0.100063
0.714750,-0.150878
0.715250,-0.151689
0.715750,0.010859
0.716250,-0.124447
0.716750,-0.075923
0.717250,0.110593
0.717750,0.199391
0.718250,0.414821
0.718750,0.461997
0.719250,0.327343
0.719750,0.122306
0.720250,0.133922
0.720750,0.259476
0.721250,0.403740
0.721750,0.430615
0.722250,0.235771
0.722750,0.266926
0.723250,0.071281
0.723750,0.290507
0.724250,0.194736
0.724750,0.095700
0.725250,0.174617
0.725750,0.297814
0.726250,0.169844
0.726750,-0.080546
0.727250,-0.102370
0.727750,-0.101870
0.728250,-0.057674
0.728750,-0.107892
0.729250,-0.111827
0.729750,-0.111967
0.730250,-0.476289
0.730750,-0.245216
0.731250,-0.537475
0.731750,-0.284215
0.732250,-0.370128
0.732750,-0.519691
0.733250,-0.719216
0.733750,-0.923999
0.734250,-0.800132
0.734750,-0.917420
0.735250,-0.840781
0.735750,-0.771329
0.736250,-0.915430
0.736750,-0.992472
0.737250,-0.993583
0.737750,-0.984882
0.738250,-1.028298
0.738750,-0.958339
0.739250,-0.906433
0.739750,-0.841846
0.740250,-0.998247
0.740750,-1.034874
0.741250,-1.187141
0.741750,-0.898382
0.742250,-0.899090
0.742750,-0.780375
0.743250,-0.956876
0.743750,-1.115925
0.744250,-1.237295
0.744750,-1.233837
0.745250,-1.286685
0.745750,-1.237532
0.746250,-1.005991
0.746750,-1.129066
0.747250,-1.167775
0.747750,-1.222384
0.748250,-1.467696
0.748750,-1.187300
0.749250,-0.931937
0.749750,-0.941168
0.750250,-1.117837
0.750750,-1.107720
0.751250,-1.372117
0.751750,-1.344083
0.752250,-1.338331
0.752750,-1.318561
0.753250,-1.163421
0.753750,-1.413317
0.754250,-1.433936
0.754750,-1.566090
0.755250,-1.741522
0.755750,-1.718598
0.756250,-1.803689
0.756750,-1.524944
0.757250,-1.827420
0.757750,-1.859346
0.758250,-1.987318
0.758750,-2.244509
0.759250,-2.175994
0.759750,-2.076190
0.760250,-2.007976
0.760750,-2.008923
0.761250,-2.087829
0.761750,-2.341838
0.762250,-2.472390
0.762750,-2.358258
0.763250,-2.498322
0.763750,-2.553122
0.764250,-2.641290
0.764750,-2.730661
0.765250,-2.794364
0.765750,-3.163453
0.766250,-3.262628
0.766750,-3.139431
0.767250,-2.948896
0.767750,-3.092285
0.768250,-3.143825
0.768750,-3.034965
0.769250,-3.373026
0.769750,-3.261897
0.770250,-3.305023
0.770750,-3.264851
0.771250,-2.972715
0.771750,-3.187079
0.772250,-3.207378
0.772750,-3.436454
0.773250,-3.440620
0.773750,-3.294820
0.774250,-3.376567
0.774750,-3.123217
0.775250,-3.216660
0.775750,-3.269824
0.776250,-3.511571
0.776750,-3.438980
0.777250,-3.474616
0.777750,-3.272428
0.778250,-2.989047
0.778750,-3.033977
0.779250,-3.017409
0.779750,-3.012718
0.780250,-3.182690
0.780750,-3.083130
0.781250,-3.119874
0.781750,-2.821292
0.782250,-2.715147
0.782750,-2.669344
0.783250,-2.678268
0.783750,-2.896049
0.784250,-2.919435
0.784750,-2.818873
0.785250,-2.557557
0.785750,-2.585958
0.786250,-2.625839
0.786750,-2.797400
0.787250,-2.997675
0.787750,-3.001486
0.788250,-2.828155
0.788750,-2.940848
0.789250,-2.613236
0.789750,-2.796445
0.790250,-2.851550
0.790750,-2.871325
0.791250,-3.122719
0.791750,-3.167216
0.792250,-2.922560
0.792750,-2.907838
0.793250,-2.695011
0.793750,-2.766217
0.794250,-2.671944
0.794750,-3.048900
0.795250,-3.146861
0.795750,-3.029057
0.796250,-2.970176
0.796750,-2.840859
0.797250,-2.910922
0.797750,-2.933198
0.798250,-3.149284
0.798750,-3.160485
0.799250,-3.290635
0.799750,-3.310542
0.800250,-3.153533
0.800750,-2.990987
0.801250,-3.129977
0.801750,-3.032635
0.802250,-3.010725
0.802750,-2.965540
0.803250,-2.957188
0.803750,-2.816769
0.804250,-2.830387
0.804750,-2.778697
0.805250,-2.599178
0.805750,-2.899304
0.806250,-2.892373
0.806750,-2.721315
0.807250,-2.706061
0.807750,-2.412343
0.808250,-2.534766
0.808750,-2.447791
0.809250,-2.530054
0.809750,-2.597000
0.810250,-2.330160
0.810750,-2.558866
0.811250,-1.929793
0.811750,-2.047289
0.812250,-2.236685
0.812750,-2.056631
0.813250,-2.151701
0.813750,-2.268251
0.814250,-1.932110
0.814750,-1.789655
0.815250,-1.518671
0.815750,-1.579554
0.816250,-1.462556
0.816750,-1.748522
0.817250,-1.670110
0.817750,-1.670334
0.818250,-1.809840
0.818750,-1.586092
0.819250,-1.564892
0.819750,-1.528409
0.820250,-1.666027
0.820750,-1.839927
0.821250,-1.858284
0.821750,-1.700553
0.822250,-1.581825
0.822750,-1.537694
0.823250,-1.629139
0.823750,-1.736390
0.824250,-1.878452
0.824750,-2.021521
0.825250,-2.010312
0.825750,-1.981498
0.826250,-1.709499
0.826750,-1.746078
0.827250,-1.809591
0.827750,-1.949795
0.828250,-2.222405
0.828750,-2.138165
0.829250,-2.156019
0.829750,-2.187608
0.830250,-2.039419
0.830750,-2.139838
0.831250,-2.057407
0.831750,-2.373042
0.832250,-2.596357
0.832750,-2.485632
0.833250,-2.425382
0.833750,-2.141329
0.834250,-2.302757
0.834750,-2.338172
0.835250,-2.320848
0.835750,-2.592710
0.836250,-2.544327
0.836750,-2.479476
0.837250,-2.367420
0.837750,-2.367571
0.838250,-2.210776
0.838750,-2.454167
0.839250,-2.641060
0.839750,-2.542801
0.840250,-2.593076
0.840750,-2.458953
0.841250,-2.384979
0.841750,-2.408320
0.842250,-2.366866
0.842750,-2.335055
0.843250,-2.722332
0.843750,-2.625783
0.844250,-2.531931
0.844750,-2.537651
0.845250,-2.258119
0.845750,-2.289550
0.846250,-2.373754
0.846750,-2.490519
0.847250,-2.504242
0.847750,-2.606650
0.848250,-2.597787
0.848750,-2.446053
0.849250,-2.259043
0.849750,-2.220074
0.850250,-2.141231
0.850750,-2.539215
0.851250,-2.442817
0.851750,-2.530529
0.852250,-2.528340
0.852750,-2.124454
0.853250,-2.206966
0.853750,-2.545955
0.854250,-2.695177
0.854750,-2.788590
0.855250,-2.680711
0.855750,-2.747509
0.856250,-2.756583
0.856750,-2.626891
0.857250,-2.802925
0.857750,-2.976089
0.858250,-3.098329
0.858750,-3.178003
0.859250,-3.039245
0.859750,-2.956373
0.860250,-2.851380
0.860750,-3.254836
0.861250,-3.270593
0.861750,-3.316832
0.862250,-3.634291
0.862750,-3.325170
0.863250,-3.620226
0.863750,-3.641870
0.864250,-3.400236
0.864750,-3.612327
0.865250,-3.565277
0.865750,-3.720754
0.866250,-3.920869
0.866750,-4.023678
0.867250,-4.094544
0.867750,-3.874082
0.868250,-3.788224
0.868750,-3.846902
0.869250,-3.848985
0.869750,-4.118892
0.870250,-4.145704
0.870750,-4.139539
0.871250,-4.078229
0.871750,-3.747029
0.872250,-3.774447
0.872750,-3.827630
0.873250,-3.757547
0.873750,-4.117776
0.874250,-4.180022
0.874750,-4.090682
0.875250,-3.723730
0.875750,-3.643377
0.876250,-3.592793
0.876750,-3.739691
0.877250,-3.843745
0.877750,-3.963611
0.878250,-3.909741
0.878750,-3.789560
0.879250,-3.512606
0.879750,-3.597007
0.880250,-3.606863
0.880750,-3.629696
0.881250,-3.743680
0.881750,-3.640544
0.882250,-3.398831
0.882750,-3.529597
0.883250,-3.090165
0.883750,-3.249048
0.884250,-3.378982
0.884750,-3.446037
0.885250,-3.506608
0.885750,-3.267321
0.886250,-3.224143
0.886750,-3.076569
0.887250,-2.776001
0.887750,-3.085508
0.888250,-3.215482
0.888750,-3.194227
0.889250,-3.207802
0.889750,-3.175019
0.890250,-3.223993
0.890750,-3.060569
0.891250,-3.077563
0.891750,-3.072962
0.892250,-3.081584
0.892750,-3.274394
0.893250,-3.454738
0.893750,-3.249013
0.894250,-3.031164
0.894750,-2.844602
0.895250,-2.787544
0.895750,-2.954817
0.896250,-2.909185
0.896750,-3.044840
0.897250,-3.304873
0.897750,-3.197348
0.898250,-3.156499
0.898750,-3.033690
0.899250,-2.946814
0.899750,-3.017857
0.900250,-3.256217
0.900750,-3.464702
0.901250,-3.490967
0.901750,-3.222173
0.902250,-3.212017
0.902750,-2.906465
0.903250,-2.965945
0.903750,-3.216510
0.904250,-3.107982
0.904750,-3.315693
0.905250,-3.081338
0.905750,-3.017907
0.906250,-2.949050
0.906750,-2.699053
0.907250,-2.704148
0.907750,-2.692509
0.908250,-2.704980
0.908750,-2.812362
0.909250,-2.935085
0.909750,-2.736585
0.910250,-2.698516
0.910750,-2.293016
0.911250,-2.163985
0.911750,-2.231796
0.912250,-2.228399
0.912750,-2.656552
0.913250,-2.140832
0.913750,-2.242732
0.914250,-1.974432
0.914750,-1.846831
0.915250,-1.981627
0.915750,-1.861811
0.916250,-1.974077
0.916750,-1.980171
0.917250,-1.706993
0.917750,-1.741718
0.918250,-1.594318
0.918750,-1.195088
0.919250,-1.427313
0.919750,-1.605931
0.920250,-1.530511
0.920750,-1.661091
0.921250,-1.489846
0.921750,-1.215960
0.922250,-1.008277
0.922750,-0.909034
0.923250,-1.236196
0.923750,-1.367998
0.924250,-1.612000
0.924750,-1.609929
0.925250,-1.462002
0.925750,-1.423522
0.926250,-1.142318
0.926750,-1.123407
0.927250,-1.275655
0.927750,-1.300061
0.928250,-1.366375
0.928750,-1.387335
0.929250,-1.321568
0.929750,-1.341980
0.930250,-1.134850
0.930750,-1.071480
0.931250,-1.261212
0.931750,-1.118087
0.932250,-1.466296
0.932750,-1.661474
0.933250,-1.658946
0.933750,-1.757002
0.934250,-1.412868
0.934750,-1.575526
0.935250,-1.745557
0.935750,-1.766688
0.936250,-1.949928
0.936750,-2.136897
0.937250,-1.887087
0.937750,-1.853822
0.938250,-1.713106
0.938750,-1.718505
0.939250,-1.799562
0.939750,-1.924907
0.940250,-1.982756
0.940750,-1.921913
0.941250,-1.711304
0.941750,-1.891668
0.942250,-1.709393
0.942750,-1.580799
0.943250,-1.753928
0.943750,-1.785455
0.944250,-1.959786
0.944750,-2.121984
0.945250,-1.828257
0.945750,-1.989218
0.946250,-1.788511
0.946750,-1.691717
0.947250,-1.871718
0.947750,-1.697075
0.948250,-2.024018
0.948750,-1.919436
0.949250,-1.833147
0.949750,-1.802443
0.950250,-1.670910
0.950750,-1.795181
0.951250,-1.690535
0.951750,-1.588137
0.952250,-1.795837
0.952750,-1.785393
0.953250,-1.677446
0.953750,-1.639495
0.954250,-1.356332
0.954750,-1.358852
0.955250,-1.587107
0.955750,-1.575061
0.956250,-1.886057
0.956750,-1.767497
0.957250,-1.610018
0.957750,-1.669415
0.958250,-1.306904
0.958750,-1.693338
0.959250,-1.668476
0.959750,-1.865569
0.960250,-1.995293
0.960750,-2.241624
0.961250,-2.002733
0.961750,-2.034359
0.962250,-1.894988
0.962750,-1.983078
0.963250,-2.075901
0.963750,-2.052555
0.964250,-2.224032
0.964750,-2.413417
0.965250,-2.155470
0.965750,-2.199481
0.966250,-2.146350
0.966750,-2.193983
0.967250,-2.390661
0.967750,-2.360229
0.968250,-2.512099
0.968750,-2.665804
0.969250,-2.576011
0.969750,-2.615587
0.970250,-2.601139
0.970750,-2.536736
0.971250,-2.822424
0.971750,-2.876629
0.972250,-3.006764
0.972750,-3.198632
0.973250,-3.174197
0.973750,-3.102358
0.974250,-2.983664
0.974750,-2.816333
0.975250,-2.931335
0.975750,-3.056009
0.976250,-3.188914
0.976750,-3.359769
0.977250,-3.171536
0.977750,-3.120115
0.978250,-3.005541
0.978750,-2.935813
0.979250,-3.097130
0.979750,-2.997203
0.980250,-3.214139
0.980750,-3.320657
0.981250,-3.092205
0.981750,-2.978361
0.982250,-2.928126
0.982750,-2.747817
0.983250,-3.023548
0.983750,-3.018431
0.984250,-3.044909
0.984750,-3.078410
0.985250,-2.915464
0.985750,-2.839287
0.986250,-2.644328
0.986750,-2.522944
0.987250,-2.662097
0.987750,-2.654500
0.988250,-2.555089
0.988750,-2.794300
0.989250,-2.788741
0.989750,-2.493984
0.990250,-2.237729
0.990750,-2.099754
0.991250,-2.079412
0.991750,-2.150054
0.992250,-2.192351
0.992750,-2.348924
0.993250,-2.291223
0.993750,-2.156477
0.994250,-2.146604
0.994750,-1.847708
0.995250,-1.977373
0.995750,-2.035139
0.996250,-2.089489
0.996750,-2.425699
0.997250,-2.188986
0.997750,-2.271590
0.998250,-2.323012
0.998750,-1.979176
0.999250,-1.779856
0.999750,-2.083251
