0.000250,0.049678
0.000750,0.057134
0.001250,0.042526
0.001750,-0.002037
0.002250,0.007292
0.002750,0.081242
0.003250,0.101040
0.003750,0.107985
0.004250,0.137821
0.004750,0.240177
0.005250,0.327808
0.005750,0.301439
0.006250,0.288641
0.006750,0.239442
0.007250,0.319402
0.007750,0.307091
0.008250,0.276514
0.008750,0.289595
0.009250,0.226192
0.009750,0.252043
0.010250,0.166437
0.010750,0.189043
0.011250,0.345598
0.011750,0.294596
0.012250,0.339988
0.012750,0.250317
0.013250,0.339327
0.013750,0.402091
0.014250,0.387985
0.014750,0.484329
0.015250,0.532427
0.015750,0.617454
0.016250,0.561540
0.016750,0.594570
0.017250,0.587902
0.017750,0.536709
0.018250,0.501813
0.018750,0.524915
0.019250,0.566205
0.019750,0.664598
0.020250,0.595616
0.020750,0.593464
0.021250,0.570124
0.021750,0.549600
0.022250,0.518297
0.022750,0.405520
0.023250,0.445200
0.023750,0.398462
0.024250,0.364182
0.024750,0.371419
0.025250,0.414579
0.025750,0.439082
0.026250,0.615115
0.026750,0.566450
0.027250,0.558475
0.027750,0.516842
0.028250,0.548774
0.028750,0.473447
0.029250,0.506192
0.029750,0.484797
0.030250,0.625926
0.030750,0.609339
0.031250,0.709031
0.031750,0.696489
0.032250,0.640836
0.032750,0.833450
0.033250,0.765089
0.033750,0.813996
0.034250,0.851536
0.034750,0.788117
0.035250,0.730890
0.035750,0.741887
0.036250,0.679464
0.036750,0.661796
0.037250,0.667209
0.037750,0.628712
0.038250,0.607202
0.038750,0.782324
0.039250,0.717185
0.039750,0.663202
0.040250,0.651440
0.040750,0.689964
0.041250,0.701186
0.041750,0.600996
0.042250,0.620472
0.042750,0.559064
0.043250,0.554453
0.043750,0.472593
0.044250,0.360833
0.044750,0.318808
0.045250,0.433706
0.045750,0.479994
0.046250,0.511116
0.046750,0.478448
0.047250,0.511968
0.047750,0.467694
0.048250,0.591865
0.048750,0.488947
0.049250,0.604795
0.049750,0.291463
0.050250,0.461796
0.050750,0.467320
0.051250,0.386643
0.051750,0.545019
0.052250,0.293347
0.052750,0.516978
0.053250,0.526153
0.053750,0.635843
0.054250,0.638617
0.054750,0.554813
0.055250,0.601737
0.055750,0.682464
0.056250,0.769098
0.056750,0.708945
0.057250,0.710908
0.057750,0.761064
0.058250,0.729269
0.058750,0.730332
0.059250,0.453082
0.059750,0.603249
0.060250,0.493511
0.060750,0.488111
0.061250,0.602963
0.061750,0.350794
0.062250,0.497761
0.062750,0.514894
0.063250,0.488513
0.063750,0.547629
0.064250,0.527793
0.064750,0.601946
0.065250,0.478447
0.065750,0.451732
0.066250,0.480306
0.066750,0.381013
0.067250,0.443119
0.067750,0.369317
0.068250,0.333931
0.068750,0.347034
0.069250,0.265450
0.069750,0.155129
0.070250,0.004638
0.070750,0.110629
0.071250,0.126058
0.071750,0.254402
0.072250,0.132039
0.072750,0.098585
0.073250,0.144525
0.073750,0.150184
0.074250,0.092276
0.074750,0.288392
0.075250,0.157730
0.075750,0.209021
0.076250,0.207250
0.076750,0.151870
0.077250,0.152325
0.077750,0.137923
0.078250,0.248379
0.078750,-0.013774
0.079250,0.116242
0.079750,0.113504
0.080250,0.056544
0.080750,0.174382
0.081250,0.119684
0.081750,0.214206
0.082250,0.131180
0.082750,0.090728
0.083250,0.273946
0.083750,0.348216
0.084250,0.245042
0.084750,0.336502
0.085250,0.398665
0.085750,0.195240
0.086250,0.444985
0.086750,0.324917
0.087250,0.376466
0.087750,0.280923
0.088250,0.253010
0.088750,0.249377
0.089250,0.249281
0.089750,0.351791
0.090250,0.245200
0.090750,0.032081
0.091250,0.141357
0.091750,0.123470
0.092250,0.036021
0.092750,0.148154
0.093250,0.043851
0.093750,-0.004116
0.094250,-0.075262
0.094750,0.022717
0.095250,-0.059289
0.095750,0.088293
0.096250,0.110241
0.096750,0.060608
0.097250,0.155984
0.097750,-0.047892
0.098250,-0.065065
0.098750,-0.030538
0.099250,-0.254442
0.099750,-0.109469
0.100250,-0.127975
0.100750,-0.359751
0.101250,-0.369603
0.101750,-0.449287
0.102250,-0.353855
0.102750,-0.274438
0.103250,-0.436329
0.103750,-0.413665
0.104250,-0.480487
0.104750,-0.272579
0.105250,-0.433430
0.105750,-0.179461
0.106250,-0.294623
0.106750,-0.311126
0.107250,-0.328692
0.107750,-0.237249
0.108250,-0.397041
0.108750,-0.296879
0.109250,-0.423998
0.109750,-0.363013
0.110250,-0.336210
0.110750,-0.360003
0.111250,-0.310817
0.111750,-0.449249
0.112250,-0.464864
0.112750,-0.445662
0.113250,-0.632489
0.113750,-0.505274
0.114250,-0.420455
0.114750,-0.524231
0.115250,-0.447886
0.115750,-0.565814
0.116250,-0.527768
0.116750,-0.458357
0.117250,-0.310858
0.117750,-0.265430
0.118250,-0.256559
0.118750,-0.197593
0.119250,-0.059064
0.119750,-0.126352
0.120250,-0.169936
0.120750,-0.163336
0.121250,-0.309568
0.121750,-0.132511
0.122250,-0.316675
0.122750,-0.098394
0.123250,-0.277920
0.123750,-0.135061
0.124250,-0.397360
0.124750,-0.278571
0.125250,-0.349731
0.125750,-0.337302
0.126250,-0.362759
0.126750,-0.254540
0.127250,-0.333461
0.127750,-0.339023
0.128250,-0.255563
0.128750,-0.485351
0.129250,-0.482070
0.129750,-0.681111
0.130250,-0.535776
0.130750,-0.515621
0.131250,-0.571462
0.131750,-0.467976
0.132250,-0.393658
0.132750,-0.501003
0.133250,-0.565770
0.133750,-0.378491
0.134250,-0.550936
0.134750,-0.524565
0.135250,-0.578693
0.135750,-0.416675
0.136250,-0.493977
0.136750,-0.623840
0.137250,-0.743860
0.137750,-0.571546
0.138250,-0.593297
0.138750,-0.654259
0.139250,-0.717822
0.139750,-0.834284
0.140250,-0.627953
0.140750,-0.854469
0.141250,-0.818010
0.141750,-0.878630
0.142250,-0.954788
0.142750,-0.891664
0.143250,-1.166210
0.143750,-1.036122
0.144250,-1.059301
0.144750,-1.132020
0.145250,-1.082507
0.145750,-0.943926
0.146250,-1.113139
0.146750,-0.733697
0.147250,-0.737261
0.147750,-0.791777
0.148250,-0.859146
0.148750,-0.806032
0.149250,-0.743151
0.149750,-0.876944
0.150250,-0.898083
0.150750,-0.875394
0.151250,-0.714118
0.151750,-0.731511
0.152250,-0.628178
0.152750,-0.830794
0.153250,-0.801236
0.153750,-1.025477
0.154250,-0.956645
0.154750,-1.081537
0.155250,-1.103798
0.155750,-0.878633
0.156250,-0.936199
0.156750,-0.802370
0.157250,-0.840512
0.157750,-0.851014
0.158250,-0.861397
0.158750,-0.843738
0.159250,-0.840879
0.159750,-0.738770
0.160250,-0.732961
0.160750,-0.563232
0.161250,-0.555888
0.161750,-0.758466
0.162250,-0.589434
0.162750,-0.495859
0.163250,-0.610224
0.163750,-0.707569
0.164250,-0.726872
0.164750,-0.507320
0.165250,-0.681121
0.165750,-0.590731
0.166250,-0.528082
0.166750,-0.633687
0.167250,-0.535437
0.167750,-0.760216
0.168250,-0.945913
0.168750,-0.807075
0.169250,-0.553820
0.169750,-0.995637
0.170250,-0.759464
0.170750,-0.914461
0.171250,-0.779181
0.171750,-0.810632
0.172250,-0.876845
0.172750,-0.670940
0.173250,-0.704393
0.173750,-0.842294
0.174250,-0.817429
0.174750,-0.724552
0.175250,-0.917249
0.175750,-0.701997
0.176250,-0.828843
0.176750,-0.782131
0.177250,-0.711546
0.177750,-0.632573
0.178250,-0.811425
0.178750,-0.897359
0.179250,-0.733371
0.179750,-0.620067
0.180250,-0.816010
0.180750,-0.880720
0.181250,-0.797568
0.181750,-0.993348
0.182250,-0.968367
0.182750,-1.102404
0.183250,-1.007684
0.183750,-1.203717
0.184250,-1.240548
0.184750,-1.285584
0.185250,-1.182351
0.185750,-1.101048
0.186250,-1.265828
0.186750,-1.119507
0.187250,-1.081303
0.187750,-1.292298
0.188250,-1.060586
0.188750,-1.337183
0.189250,-1.317761
0.189750,-1.162692
0.190250,-1.337537
0.190750,-1.291606
0.191250,-1.208674
0.191750,-0.962268
0.192250,-1.140308
0.192750,-1.163525
0.193250,-0.953272
0.193750,-1.011463
0.194250,-1.109565
0.194750,-1.175551
0.195250,-0.826912
0.195750,-0.938297
0.196250,-0.994423
0.196750,-1.033042
0.197250,-1.110598
0.197750,-0.925793
0.198250,-1.080974
0.198750,-1.025764
0.199250,-1.077729
0.199750,-0.923320
0.200250,-0.841407
0.200750,-1.016412
0.201250,-1.016215
0.201750,-0.983025
0.202250,-1.142528
0.202750,-1.027522
0.203250,-1.252734
0.203750,-1.102776
0.204250,-1.161888
0.204750,-1.070401
0.205250,-1.133220
0.205750,-1.169074
0.206250,-0.893753
0.206750,-0.847964
0.207250,-0.681630
0.207750,-0.977647
0.208250,-0.846141
0.208750,-0.790291
0.209250,-0.788213
0.209750,-0.537280
0.210250,-0.322978
0.210750,-0.436442
0.211250,-0.758860
0.211750,-0.649334
0.212250,-0.464858
0.212750,-0.380800
0.213250,-0.850338
0.213750,-0.670206
0.214250,-0.637001
0.214750,-0.786873
0.215250,-0.664097
0.215750,-0.670103
0.216250,-0.622330
0.216750,-0.971496
0.217250,-0.690653
0.217750,-0.824919
0.218250,-0.567823
0.218750,-0.637031
0.219250,-0.703454
0.219750,-0.712499
0.220250,-0.690723
0.220750,-0.742120
0.221250,-0.613208
0.221750,-0.731296
0.222250,-0.963707
0.222750,-0.923867
0.223250,-0.681362
0.223750,-0.841560
0.224250,-0.978544
0.224750,-0.723508
0.225250,-0.848716
0.225750,-0.895137
0.226250,-0.810089
0.226750,-0.747271
0.227250,-0.533744
0.227750,-0.781671
0.228250,-0.772459
0.228750,-0.653131
0.229250,-0.547183
0.229750,-0.649646
0.230250,-0.768362
0.230750,-0.809021
0.231250,-0.737168
0.231750,-0.895083
0.232250,-0.770454
0.232750,-0.690945
0.233250,-0.835135
0.233750,-0.711937
0.234250,-0.808240
0.234750,-0.814025
0.235250,-0.637808
0.235750,-1.052058
0.236250,-0.900467
0.236750,-0.994521
0.237250,-0.845892
0.237750,-1.058515
0.238250,-1.062032
0.238750,-1.046309
0.239250,-1.291431
0.239750,-1.005945
0.240250,-0.995086
0.240750,-1.164978
0.241250,-1.204101
0.241750,-1.123528
0.242250,-0.930954
0.242750,-1.204427
0.243250,-1.139931
0.243750,-1.294389
0.244250,-0.981217
0.244750,-0.861971
0.245250,-0.678438
0.245750,-1.025092
0.246250,-0.852195
0.246750,-0.706452
0.247250,-0.934339
0.247750,-0.791455
0.248250,-0.879117
0.248750,-0.639073
0.249250,-0.795386
0.249750,-0.503141
0.250250,-0.741909
0.250750,-0.489790
0.251250,-0.457822
0.251750,-0.747442
0.252250,-0.596359
0.252750,-0.641054
0.253250,-0.545885
0.253750,-0.390664
0.254250,-0.547604
0.254750,-0.707015
0.255250,-1.007815
0.255750,-0.800630
0.256250,-0.919426
0.256750,-0.867331
0.257250,-0.580865
0.257750,-0.615729
0.258250,-0.555647
0.258750,-0.770256
0.259250,-0.583125
0.259750,-0.614074
0.260250,-0.609257
0.260750,-0.490491
0.261250,-0.399523
0.261750,-0.584078
0.262250,-0.473129
0.262750,-0.319046
0.263250,-0.552029
0.263750,-0.457494
0.264250,-0.151351
0.264750,-0.395292
0.265250,-0.439381
0.265750,-0.276554
0.266250,-0.418612
0.266750,-0.245601
0.267250,-0.240649
0.267750,-0.125098
0.268250,-0.098682
0.268750,-0.129200
0.269250,-0.111610
0.269750,-0.192740
0.270250,-0.082202
0.270750,-0.230587
0.271250,-0.368953
0.271750,-0.430525
0.272250,-0.255515
0.272750,-0.229666
0.273250,-0.195993
0.273750,-0.461037
0.274250,-0.063466
0.274750,-0.188520
0.275250,-0.222414
0.275750,-0.041340
0.276250,-0.200220
0.276750,-0.526278
0.277250,-0.412413
0.277750,-0.051148
0.278250,-0.285394
0.278750,-0.100295
0.279250,-0.360982
0.279750,-0.056157
0.280250,-0.578935
0.280750,-0.459834
0.281250,-0.104925
0.281750,-0.099097
0.282250,-0.168161
0.282750,-0.214311
0.283250,-0.322968
0.283750,-0.246051
0.284250,-0.131526
0.284750,-0.374326
0.285250,-0.389899
0.285750,-0.214450
0.286250,-0.079618
0.286750,-0.298840
0.287250,-0.081011
0.287750,-0.167784
0.288250,-0.082376
0.288750,-0.125502
0.289250,-0.345513
0.289750,-0.330238
0.290250,-0.250033
0.290750,-0.478065
0.291250,-0.274930
0.291750,-0.373332
0.292250,0.010507
0.292750,-0.518107
0.293250,-0.658371
0.293750,-0.694625
0.294250,-0.654061
0.294750,-0.681572
0.295250,-0.350989
0.295750,-0.366430
0.296250,-0.402461
0.296750,-0.745035
0.297250,-0.586413
0.297750,-0.480468
0.298250,-0.567647
0.298750,-0.328370
0.299250,-0.448035
0.299750,-0.459567
0.300250,-0.578597
0.300750,-0.415906
0.301250,-0.287050
0.301750,-0.382809
0.302250,-0.405233
0.302750,-0.198567
0.303250,-0.327538
0.303750,-0.106441
0.304250,-0.290675
0.304750,-0.147886
0.305250,-0.223897
0.305750,-0.160554
0.306250,-0.120833
0.306750,-0.159963
0.307250,0.148823
0.307750,0.080124
0.308250,0.238703
0.308750,-0.045888
0.309250,-0.093792
0.309750,0.126947
0.310250,-0.012280
0.310750,-0.064286
0.311250,-0.295841
0.311750,-0.225216
0.312250,-0.396560
0.312750,-0.215181
0.313250,-0.067539
0.313750,-0.248384
0.314250,-0.072400
0.314750,-0.183429
0.315250,-0.148768
0.315750,-0.006732
0.316250,-0.084918
0.316750,-0.364151
0.317250,0.130317
0.317750,0.279877
0.318250,-0.140173
0.318750,0.020925
0.319250,0.051339
0.319750,0.112561
0.320250,-0.021341
0.320750,0.022936
0.321250,0.371797
0.321750,0.195180
0.322250,0.505579
0.322750,0.421567
0.323250,0.449455
0.323750,0.330494
0.324250,0.764277
0.324750,0.269373
0.325250,0.545648
0.325750,0.539070
0.326250,0.414527
0.326750,0.295130
0.327250,0.284103
0.327750,0.526479
0.328250,0.574880
0.328750,0.551004
0.329250,0.421710
0.329750,0.463284
0.330250,0.459176
0.330750,0.290121
0.331250,0.428543
0.331750,0.669857
0.332250,0.275257
0.332750,0.637302
0.333250,0.537665
0.333750,0.632097
0.334250,0.393170
0.334750,0.544708
0.335250,0.328531
0.335750,0.523235
0.336250,0.309228
0.336750,0.620566
0.337250,0.562088
0.337750,0.132382
0.338250,0.068163
0.338750,0.568648
0.339250,0.436860
0.339750,0.602262
0.340250,0.563189
0.340750,0.535625
0.341250,0.525682
0.341750,0.525304
0.342250,0.505965
0.342750,0.553276
0.343250,0.438169
0.343750,0.485314
0.344250,0.580640
0.344750,0.254692
0.345250,0.360102
0.345750,0.452080
0.346250,0.429372
0.346750,0.730555
0.347250,0.489195
0.347750,0.851358
0.348250,0.692818
0.348750,0.546018
0.349250,0.536971
0.349750,0.418468
0.350250,0.535174
0.350750,0.367075
0.351250,0.359068
0.351750,0.128333
0.352250,0.381706
0.352750,0.632990
0.353250,0.429414
0.353750,0.309316
0.354250,0.316469
0.354750,0.251555
0.355250,0.276870
0.355750,0.250449
0.356250,0.248665
0.356750,0.199713
0.357250,0.378937
0.357750,0.518073
0.358250,0.378758
0.358750,0.246080
0.359250,0.157867
0.359750,0.207692
0.360250,0.151501
0.360750,0.178590
0.361250,-0.135531
0.361750,0.458779
0.362250,0.080350
0.362750,0.094016
0.363250,0.252258
0.363750,0.350188
0.364250,0.106599
0.364750,0.220674
0.365250,0.122136
0.365750,0.422884
0.366250,0.391863
0.366750,0.460133
0.367250,0.493164
0.367750,0.551825
0.368250,0.380240
0.368750,0.588796
0.369250,0.590052
0.369750,0.520497
0.370250,0.682561
0.370750,0.952371
0.371250,0.720481
0.371750,0.635972
0.372250,0.799606
0.372750,0.562735
0.373250,0.794585
0.373750,0.651475
0.374250,0.717094
0.374750,0.476394
0.375250,0.417902
0.375750,0.613347
0.376250,0.627115
0.376750,0.362178
0.377250,0.709439
0.377750,0.502881
0.378250,0.444173
0.378750,0.593119
0.379250,0.413104
0.379750,0.592442
0.380250,0.426510
0.380750,0.712982
0.381250,0.465042
0.381750,0.493225
0.382250,0.692678
0.382750,0.513412
0.383250,0.866116
0.383750,0.718951
0.384250,0.703908
0.384750,0.883614
0.385250,0.622835
0.385750,0.977235
0.386250,0.911561
0.386750,0.751658
0.387250,0.796376
0.387750,1.054562
0.388250,0.903675
0.388750,0.806845
0.389250,1.043858
0.389750,1.238899
0.390250,1.234993
0.390750,0.912814
0.391250,0.856145
0.391750,1.147406
0.392250,1.213897
0.392750,1.413503
0.393250,1.480221
0.393750,1.262330
0.394250,1.286465
0.394750,1.199821
0.395250,1.240196
0.395750,0.966275
0.396250,1.148026
0.396750,1.291184
0.397250,0.877513
0.397750,1.149940
0.398250,0.998085
0.398750,1.356864
0.399250,1.159630
0.399750,1.066093
0.400250,1.091358
0.400750,1.205950
0.401250,1.127577
0.401750,1.053057
0.402250,1.110223
0.402750,1.378292
0.403250,0.984364
0.403750,1.144394
0.404250,1.309374
0.404750,1.126938
0.405250,0.831493
0.405750,0.862468
0.406250,0.949774
0.406750,0.990397
0.407250,1.191314
0.407750,0.914962
0.408250,0.808571
0.408750,1.034222
0.409250,1.071378
0.409750,0.738106
0.410250,0.870766
0.410750,0.907343
0.411250,0.833513
0.411750,0.972905
0.412250,0.998508
0.412750,0.998482
0.413250,1.087025
0.413750,0.840489
0.414250,1.583961
0.414750,1.372517
0.415250,1.393090
0.415750,1.333119
0.416250,1.260097
0.416750,1.351241
0.417250,1.233894
0.417750,1.322272
0.418250,0.988098
0.418750,0.948627
0.419250,1.301876
0.419750,1.292926
0.420250,0.779801
0.420750,1.341600
0.421250,1.159427
0.421750,0.875653
0.422250,1.073532
0.422750,0.896581
0.423250,0.924935
0.423750,0.789022
0.424250,0.926294
0.424750,0.810213
0.425250,0.827815
0.425750,0.937379
0.426250,0.424233
0.426750,0.712024
0.427250,0.858840
0.427750,0.731246
0.428250,0.916176
0.428750,0.115803
0.429250,0.684234
0.429750,0.414778
0.430250,0.602513
0.430750,0.711057
0.431250,0.777031
0.431750,0.814074
0.432250,0.739053
0.432750,0.581777
0.433250,1.036693
0.433750,1.052765
0.434250,1.002062
0.434750,0.738713
0.435250,0.645109
0.435750,0.688821
0.436250,0.896260
0.436750,0.800188
0.437250,0.679595
0.437750,0.812877
0.438250,1.183598
0.438750,0.834371
0.439250,1.419373
0.439750,1.010579
0.440250,0.961993
0.440750,0.877053
0.441250,1.322624
0.441750,1.260552
0.442250,0.886734
0.442750,0.697905
0.443250,0.985435
0.443750,1.034268
0.444250,1.066811
0.444750,1.121183
0.445250,0.912691
0.445750,0.913686
0.446250,1.037636
0.446750,0.848163
0.447250,0.981600
0.447750,1.036753
0.448250,0.988020
0.448750,1.018328
0.449250,0.976528
0.449750,0.962988
0.450250,1.154064
0.450750,1.052259
0.451250,1.023910
0.451750,1.170178
0.452250,0.898273
0.452750,1.160805
0.453250,1.320349
0.453750,1.051180
0.454250,0.901501
0.454750,1.118298
0.455250,0.820118
0.455750,1.094685
0.456250,1.036180
0.456750,1.324509
0.457250,1.325345
0.457750,0.974646
0.458250,1.032114
0.458750,1.307165
0.459250,0.971275
0.459750,1.397094
0.460250,1.429780
0.460750,1.472996
0.461250,1.245068
0.461750,1.234597
0.462250,1.262721
0.462750,1.252026
0.463250,1.268377
0.463750,1.228166
0.464250,1.368740
0.464750,1.449640
0.465250,1.404093
0.465750,1.775226
0.466250,1.838941
0.466750,1.796484
0.467250,1.440853
0.467750,1.707090
0.468250,1.681627
0.468750,1.584101
0.469250,1.611478
0.469750,1.335559
0.470250,1.280726
0.470750,0.993284
0.471250,1.515894
0.471750,1.514765
0.472250,1.583387
0.472750,1.482850
0.473250,1.435204
0.473750,1.357904
0.474250,1.397518
0.474750,1.496632
0.475250,1.420796
0.475750,1.643247
0.476250,1.424246
0.476750,1.523514
0.477250,1.166534
0.477750,1.447908
0.478250,1.095553
0.478750,1.069377
0.479250,1.328082
0.479750,1.015048
0.480250,1.121110
0.480750,0.994901
0.481250,0.985381
0.481750,1.178669
0.482250,1.373524
0.482750,1.105304
0.483250,1.299401
0.483750,1.326511
0.484250,1.912193
0.484750,1.445882
0.485250,1.429003
0.485750,1.415716
0.486250,1.148872
0.486750,1.241539
0.487250,1.376451
0.487750,1.264032
0.488250,1.193112
0.488750,1.487260
0.489250,1.669767
0.489750,1.143792
0.490250,1.544766
0.490750,1.473947
0.491250,1.500043
0.491750,1.333928
0.492250,1.624667
0.492750,1.231852
0.493250,1.145996
0.493750,0.974602
0.494250,1.152447
0.494750,1.287105
0.495250,1.250342
0.495750,1.505103
0.496250,1.373246
0.496750,1.102645
0.497250,1.198465
0.497750,0.988417
0.498250,0.985134
0.498750,1.043256
0.499250,0.561074
0.499750,1.009983
0.500250,0.755099
0.500750,0.758612
0.501250,0.995027
0.501750,0.722590
0.502250,0.800047
0.502750,0.773847
0.503250,0.824087
0.503750,0.779330
0.504250,0.542614
0.504750,0.948367
0.505250,0.962911
0.505750,0.676021
0.506250,0.718140
0.506750,0.460001
0.507250,0.820927
0.507750,0.587670
0.508250,0.330254
0.508750,0.603649
0.509250,0.964220
0.509750,0.775830
0.510250,0.841825
0.510750,0.693206
0.511250,0.755327
0.511750,0.529402
0.512250,0.720461
0.512750,1.060342
0.513250,0.718313
0.513750,0.843648
0.514250,1.085088
0.514750,0.985576
0.515250,1.250890
0.515750,1.227826
0.516250,1.069398
0.516750,0.934638
0.517250,0.907462
0.517750,1.167678
0.518250,1.276415
0.518750,1.254659
0.519250,1.102807
0.519750,1.113121
0.520250,0.891183
0.520750,1.163710
0.521250,1.172445
0.521750,1.022528
0.522250,1.284695
0.522750,1.038826
0.523250,0.987944
0.523750,1.207099
0.524250,1.190676
0.524750,1.050991
0.525250,1.162147
0.525750,0.718592
0.526250,0.629993
0.526750,0.706474
0.527250,0.859432
0.527750,0.970017
0.528250,0.442135
0.528750,0.450854
0.529250,0.558141
0.529750,0.575484
0.530250,0.724296
0.530750,0.791349
0.531250,0.757927
0.531750,0.543910
0.532250,0.756644
0.532750,0.636846
0.533250,0.722251
0.533750,0.880636
0.534250,0.708363
0.534750,0.929774
0.535250,1.112888
0.535750,1.216820
0.536250,1.086181
0.536750,1.307435
0.537250,1.095038
0.537750,1.227535
0.538250,1.008255
0.538750,1.337749
0.539250,1.345367
0.539750,1.350338
0.540250,1.198372
0.540750,1.571707
0.541250,1.212523
0.541750,1.394588
0.542250,1.386072
0.542750,1.245698
0.543250,1.383602
0.543750,1.351448
0.544250,1.400317
0.544750,1.197803
0.545250,1.316242
0.545750,1.028836
0.546250,0.970465
0.546750,0.853273
0.547250,1.422591
0.547750,1.383690
0.548250,1.244404
0.548750,1.457299
0.549250,1.236775
0.549750,1.003457
0.550250,1.075151
0.550750,1.054107
0.551250,1.412489
0.551750,1.350212
0.552250,0.978887
0.552750,1.304116
0.553250,1.066628
0.553750,1.212361
0.554250,1.154093
0.554750,1.038218
0.555250,0.877631
0.555750,1.003862
0.556250,1.163680
0.556750,1.063304
0.557250,1.186921
0.557750,1.117344
0.558250,0.961913
0.558750,0.824845
0.559250,1.068392
0.559750,1.014717
0.560250,1.056739
0.560750,1.073083
0.561250,1.028417
0.561750,0.911680
0.562250,0.838483
0.562750,0.929736
0.563250,0.851636
0.563750,0.835880
0.564250,0.975391
0.564750,0.747709
0.565250,0.656581
0.565750,0.865817
0.566250,1.074556
0.566750,1.360303
0.567250,1.207986
0.567750,1.145255
0.568250,0.957862
0.568750,1.164571
0.569250,1.208650
0.569750,1.030939
0.570250,0.617452
0.570750,0.820384
0.571250,0.903881
0.571750,1.367970
0.572250,0.862585
0.572750,0.792264
0.573250,0.734004
0.573750,0.872428
0.574250,1.094708
0.574750,0.838948
0.575250,0.994551
0.575750,0.700818
0.576250,0.718355
0.576750,0.465596
0.577250,0.582069
0.577750,0.532386
0.578250,0.451886
0.578750,0.558579
0.579250,0.519893
0.579750,0.702202
0.580250,0.366808
0.580750,0.483473
0.581250,0.327631
0.581750,0.328048
0.582250,0.603890
0.582750,0.301592
0.583250,0.569873
0.583750,0.180183
0.584250,0.233113
0.584750,0.235794
0.585250,0.459619
0.585750,0.532843
0.586250,0.076928
0.586750,0.238333
0.587250,0.410834
0.587750,0.340357
0.588250,0.396301
0.588750,0.387534
0.589250,0.237520
0.589750,-0.000339
0.590250,-0.054643
0.590750,0.124860
0.591250,0.604878
0.591750,0.221464
0.592250,0.431232
0.592750,0.270789
0.593250,0.403345
0.593750,0.609185
0.594250,0.427419
0.594750,0.536874
0.595250,0.635880
0.595750,0.416920
0.596250,0.269314
0.596750,0.281351
0.597250,0.282540
0.597750,0.546842
0.598250,0.408349
0.598750,0.668046
0.599250,0.213208
0.599750,0.274533
0.600250,0.380216
0.600750,0.527036
0.601250,1.077434
0.601750,0.366951
0.602250,0.624255
0.602750,0.326031
0.603250,0.242300
0.603750,0.832423
0.604250,0.718596
0.604750,0.346764
0.605250,0.355547
0.605750,0.025891
0.606250,-0.096167
0.606750,0.373056
0.607250,0.111179
0.607750,0.077713
0.608250,0.162101
0.608750,-0.099299
0.609250,0.047924
0.609750,0.145394
0.610250,-0.097982
0.610750,0.134115
0.611250,0.187729
0.611750,0.113164
0.612250,0.222248
0.612750,0.636389
0.613250,0.407735
0.613750,0.357167
0.614250,0.581315
0.614750,0.241477
0.615250,0.191458
0.615750,0.298428
0.616250,0.534709
0.616750,-0.058669
0.617250,0.224206
0.617750,0.484323
0.618250,0.182044
0.618750,0.413387
0.619250,0.110552
0.619750,0.526414
0.620250,0.175788
0.620750,0.289775
0.621250,0.444355
0.621750,0.460746
0.622250,0.744527
0.622750,0.866193
0.623250,0.567402
0.623750,0.536631
0.624250,0.946000
0.624750,0.670484
0.625250,0.664153
0.625750,0.766320
0.626250,0.634064
0.626750,0.557264
0.627250,0.713135
0.627750,0.318211
0.628250,0.614587
0.628750,0.718454
0.629250,0.644275
0.629750,0.134632
0.630250,0.856810
0.630750,0.810047
0.631250,0.617582
0.631750,0.811251
0.632250,0.736346
0.632750,0.620553
0.633250,0.993121
0.633750,0.585593
0.634250,0.617468
0.634750,0.447323
0.635250,0.347963
0.635750,0.480081
0.636250,0.524284
0.636750,0.194721
0.637250,0.313140
0.637750,0.844492
0.638250,0.267328
0.638750,0.379255
0.639250,0.022194
0.639750,0.385326
0.640250,0.280685
0.640750,0.169787
0.641250,0.234556
0.641750,-0.262848
0.642250,0.133184
0.642750,0.197069
0.643250,0.585592
0.643750,0.329071
0.644250,0.155488
0.644750,0.171754
0.645250,0.276793
0.645750,0.238499
0.646250,0.125787
0.646750,0.268222
0.647250,0.134980
0.647750,0.210097
0.648250,-0.020466
0.648750,0.303333
0.649250,0.001094
0.649750,-0.142042
0.650250,-0.190331
0.650750,-0.093270
0.651250,0.394173
0.651750,-0.013510
0.652250,-0.105103
0.652750,0.199401
0.653250,0.398053
0.653750,0.345152
0.654250,0.261709
0.654750,0.142925
0.655250,0.245203
0.655750,0.535028
0.656250,0.559476
0.656750,0.365612
0.657250,0.392189
0.657750,-0.057161
0.658250,0.073305
0.658750,0.485166
0.659250,-0.040955
0.659750,-0.078982
0.660250,0.131575
0.660750,-0.192940
0.661250,-0.280519
0.661750,-0.092773
0.662250,0.185631
0.662750,0.279902
0.663250,-0.138698
0.663750,0.096287
0.664250,-0.251474
0.664750,0.238668
0.665250,0.168153
0.665750,-0.133694
0.666250,-0.350509
0.666750,-0.229113
0.667250,-0.376301
0.667750,-0.476882
0.668250,-0.668023
0.668750,-0.466740
0.669250,-0.545105
0.669750,-0.501906
0.670250,-0.411192
0.670750,-0.820199
0.671250,-0.417053
0.671750,-0.556711
0.672250,-0.517239
0.672750,-0.441656
0.673250,-0.729270
0.673750,-0.492557
0.674250,-0.382788
0.674750,-0.511458
0.675250,-0.744006
0.675750,-0.623228
0.676250,-0.566659
0.676750,-0.310223
0.677250,-0.771480
0.677750,-0.524731
0.678250,-0.919658
0.678750,-0.585117
0.679250,-0.597291
0.679750,-0.392281
0.680250,-0.682467
0.680750,-0.371099
0.681250,-0.519815
0.681750,-0.730317
0.682250,-0.676907
0.682750,-0.649121
0.683250,-0.275407
0.683750,-0.689289
0.684250,-0.250210
0.684750,-0.661114
0.685250,-0.880150
0.685750,-0.510752
0.686250,-0.432855
0.686750,-0.568312
0.687250,-0.265553
0.687750,-0.305650
0.688250,-0.825301
0.688750,-0.384854
0.689250,-0.324733
0.689750,-0.500116
0.690250,-0.524541
0.690750,-0.400785
0.691250,-0.168404
0.691750,-0.178167
0.692250,-0.601341
0.692750,-0.489347
0.693250,-0.468750
0.693750,-0.067478
0.694250,-0.533624
0.694750,-0.821888
0.695250,-0.615651
0.695750,-0.666917
0.696250,-0.632507
0.696750,-0.466860
0.697250,-0.318094
0.697750,-0.368692
0.698250,-0.606473
0.698750,-0.723070
0.699250,-0.593821
0.699750,-0.184244
0.700250,-0.580471
0.700750,-0.705167
0.701250,-0.273241
0.701750,-0.946036
0.702250,-0.640184
0.702750,-0.977207
0.703250,-0.956858
0.703750,-0.799691
0.704250,-0.360272
0.704750,-0.980046
0.705250,-0.664405
0.705750,-0.638655
0.706250,-0.620268
0.706750,-1.166449
0.707250,-0.736026
0.707750,-0.708640
0.708250,-0.872483
0.708750,-0.634222
0.709250,-0.946313
0.709750,-0.519384
0.710250,-0.506196
0.710750,-0.550630
0.711250,-0.281109
0.711750,-0.350334
0.712250,-0.503734
0.712750,-0.393235
0.713250,-0.411429
0.713750,-0.113110
0.714250,0.001420
0.714750,-0.471013
0.715250,-0.447419
0.715750,-0.056087
0.716250,-0.200577
0.716750,-0.441681
0.717250,0.450818
0.717750,0.033665
0.718250,0.149031
0.718750,0.105833
0.719250,-0.080952
0.719750,0.094754
0.720250,0.014040
0.720750,-0.359564
0.721250,-0.048688
0.721750,-0.088114
0.722250,-0.221585
0.722750,-0.727416
0.723250,-0.224513
0.723750,-0.385624
0.724250,-0.409454
0.724750,-0.161494
0.725250,-0.727927
0.725750,-0.291582
0.726250,-0.366480
0.726750,-0.545449
0.727250,-0.442433
0.727750,-0.467773
0.728250,-0.386530
0.728750,-0.376020
0.729250,-0.627881
0.729750,-0.428537
0.730250,-0.545892
0.730750,-0.450103
0.731250,-1.007623
0.731750,-0.706716
0.732250,-0.701158
0.732750,-0.618634
0.733250,-0.591849
0.733750,-0.413655
0.734250,-0.408437
0.734750,-0.737140
0.735250,-0.488920
0.735750,-0.705404
0.736250,-0.587048
0.736750,-0.723808
0.737250,-0.599120
0.737750,-0.404211
0.738250,-0.814160
0.738750,-0.606396
0.739250,-1.140454
0.739750,-0.980206
0.740250,-0.568030
0.740750,-0.996863
0.741250,-1.090705
0.741750,-0.687364
0.742250,-0.828744
0.742750,-0.434208
0.743250,-0.521730
0.743750,-0.738175
0.744250,-0.592313
0.744750,-0.720972
0.745250,-0.551966
0.745750,-0.771811
0.746250,-0.505648
0.746750,-0.327960
0.747250,-0.816078
0.747750,-0.368802
0.748250,-0.745848
0.748750,-0.696266
0.749250,-0.145094
0.749750,-0.490992
0.750250,-0.492556
0.750750,-0.178759
0.751250,-0.619071
0.751750,-0.553663
0.752250,-0.815321
0.752750,-0.796757
0.753250,-0.624422
0.753750,-0.642566
0.754250,-0.903174
0.754750,-0.447374
0.755250,-0.511998
0.755750,-0.668269
0.756250,-0.673998
0.756750,-0.725108
0.757250,-0.734010
0.757750,-0.741040
0.758250,-1.067761
0.758750,-0.844989
0.759250,-1.375349
0.759750,-1.213952
0.760250,-0.864160
0.760750,-0.866457
0.761250,-1.161050
0.761750,-1.166109
0.762250,-1.150789
0.762750,-1.322552
0.763250,-1.528353
0.763750,-1.031755
0.764250,-1.439187
0.764750,-1.420086
0.765250,-1.463112
0.765750,-1.526676
0.766250,-1.408445
0.766750,-1.733747
0.767250,-1.371090
0.767750,-1.046460
0.768250,-1.617619
0.768750,-1.138101
0.769250,-1.374688
0.769750,-1.348763
0.770250,-1.774577
0.770750,-1.491366
0.771250,-1.052310
0.771750,-1.410083
0.772250,-1.502741
0.772750,-1.348207
0.773250,-1.256423
0.773750,-1.286576
0.774250,-1.472446
0.774750,-1.144677
0.775250,-1.045375
0.775750,-1.460532
0.776250,-1.103767
0.776750,-1.424982
0.777250,-1.499609
0.777750,-1.666856
0.778250,-1.083575
0.778750,-1.248941
0.779250,-1.286967
0.779750,-1.222263
0.780250,-0.989311
0.780750,-1.642190
0.781250,-1.652763
0.781750,-1.473128
0.782250,-1.357335
0.782750,-1.153505
0.783250,-0.766056
0.783750,-0.998200
0.784250,-1.117236
0.784750,-0.892577
0.785250,-0.830352
0.785750,-1.038520
0.786250,-1.076167
0.786750,-1.295982
0.787250,-1.230933
0.787750,-1.341789
0.788250,-1.206551
0.788750,-1.219912
0.789250,-1.670477
0.789750,-1.294092
0.790250,-1.128209
0.790750,-1.219735
0.791250,-1.451176
0.791750,-1.176587
0.792250,-1.486751
0.792750,-1.454335
0.793250,-0.884936
0.793750,-1.439572
0.794250,-1.421870
0.794750,-1.625155
0.795250,-1.855205
0.795750,-1.470072
0.796250,-1.390500
0.796750,-1.367657
0.797250,-1.285840
0.797750,-1.237510
0.798250,-1.273827
0.798750,-1.283196
0.799250,-1.231559
0.799750,-1.129139
0.800250,-1.291205
0.800750,-1.248417
0.801250,-1.398872
0.801750,-1.444536
0.802250,-1.501475
0.802750,-1.485060
0.803250,-1.238662
0.803750,-1.667024
0.804250,-1.278503
0.804750,-1.678190
0.805250,-1.043495
0.805750,-1.545175
0.806250,-1.676052
0.806750,-1.098941
0.807250,-0.982885
0.807750,-1.001320
0.808250,-1.263801
0.808750,-0.900917
0.809250,-1.268111
0.809750,-0.817804
0.810250,-0.693126
0.810750,-0.778400
0.811250,-0.523769
0.811750,-1.119646
0.812250,-1.027750
0.812750,-0.848027
0.813250,-0.737807
0.813750,-1.095683
0.814250,-1.225423
0.814750,-1.127327
0.815250,-0.920346
0.815750,-0.758076
0.816250,-0.482985
0.816750,-0.834199
0.817250,-0.903437
0.817750,-0.666889
0.818250,-0.992429
0.818750,-0.628867
0.819250,-0.651840
0.819750,-1.102187
0.820250,-0.906648
0.820750,-0.517999
0.821250,-0.899446
0.821750,-1.020611
0.822250,-0.751127
0.822750,-0.871485
0.823250,-0.842856
0.823750,-0.595763
0.824250,-0.834689
0.824750,-0.736834
0.825250,-1.147015
0.825750,-0.958731
0.826250,-1.059453
0.826750,-0.755940
0.827250,-0.728908
0.827750,-1.132967
0.828250,-1.205887
0.828750,-0.902428
0.829250,-1.147412
0.829750,-0.966802
0.830250,-1.130636
0.830750,-1.218719
0.831250,-1.286847
0.831750,-1.316981
0.832250,-1.346784
0.832750,-1.480583
0.833250,-1.380787
0.833750,-1.137814
0.834250,-1.577578
0.834750,-0.903292
0.835250,-1.009192
0.835750,-1.627362
0.836250,-1.210468
0.836750,-1.021061
0.837250,-0.984460
0.837750,-1.234320
0.838250,-1.195474
0.838750,-1.397923
0.839250,-1.464688
0.839750,-1.233789
0.840250,-1.591986
0.840750,-1.443796
0.841250,-1.065693
0.841750,-1.638026
0.842250,-0.930132
0.842750,-1.304163
0.843250,-1.398143
0.843750,-1.160247
0.844250,-1.405743
0.844750,-1.043463
0.845250,-1.291237
0.845750,-0.870115
0.846250,-0.582431
0.846750,-1.273469
0.847250,-1.073613
0.847750,-1.018925
0.848250,-1.321643
0.848750,-1.351283
0.849250,-0.706742
0.849750,-1.082523
0.850250,-0.696885
0.850750,-1.186046
0.851250,-1.058998
0.851750,-1.347262
0.852250,-1.051723
0.852750,-0.967093
0.853250,-0.373006
0.853750,-0.587899
0.854250,-1.071863
0.854750,-0.873814
0.855250,-1.407915
0.855750,-1.177096
0.856250,-1.926637
0.856750,-1.753392
0.857250,-1.698030
0.857750,-1.536956
0.858250,-1.806450
0.858750,-1.537523
0.859250,-1.289848
0.859750,-1.095621
0.860250,-1.153294
0.860750,-1.618021
0.861250,-1.133699
0.861750,-1.532215
0.862250,-1.723231
0.862750,-1.340950
0.863250,-1.879033
0.863750,-1.522597
0.864250,-1.442144
0.864750,-1.599895
0.865250,-1.617543
0.865750,-1.346433
0.866250,-1.704339
0.866750,-1.949046
0.867250,-1.944234
0.867750,-1.675957
0.868250,-1.739591
0.868750,-1.532335
0.869250,-1.700738
0.869750,-1.756018
0.870250,-1.694032
0.870750,-2.203849
0.871250,-1.919872
0.871750,-1.866313
0.872250,-1.595068
0.872750,-1.743974
0.873250,-1.775177
0.873750,-1.724046
0.874250,-1.886225
0.874750,-1.775566
0.875250,-1.636555
0.875750,-1.858333
0.876250,-1.514533
0.876750,-1.529503
0.877250,-1.674620
0.877750,-1.891632
0.878250,-1.745827
0.878750,-2.100045
0.879250,-1.391569
0.879750,-1.777755
0.880250,-1.529058
0.880750,-1.815838
0.881250,-1.678744
0.881750,-1.972652
0.882250,-1.723219
0.882750,-1.437458
0.883250,-0.981631
0.883750,-1.383754
0.884250,-1.708400
0.884750,-1.252157
0.885250,-1.613519
0.885750,-1.553921
0.886250,-1.610440
0.886750,-1.271317
0.887250,-1.581580
0.887750,-1.245758
0.888250,-1.355160
0.888750,-1.629385
0.889250,-1.883707
0.889750,-1.563755
0.890250,-1.965177
0.890750,-1.650963
0.891250,-1.431201
0.891750,-1.705053
0.892250,-1.414029
0.892750,-1.789214
0.893250,-1.639069
0.893750,-1.631896
0.894250,-1.507126
0.894750,-1.142124
0.895250,-1.128825
0.895750,-1.331375
0.896250,-1.347152
0.896750,-2.001624
0.897250,-1.240550
0.897750,-1.359396
0.898250,-1.411378
0.898750,-1.417640
0.899250,-1.407918
0.899750,-1.670427
0.900250,-1.764103
0.900750,-1.467534
0.901250,-1.601324
0.901750,-1.925582
0.902250,-1.762085
0.902750,-1.467833
0.903250,-1.240750
0.903750,-1.803898
0.904250,-1.523130
0.904750,-1.686649
0.905250,-1.652998
0.905750,-1.661069
0.906250,-1.631711
0.906750,-1.415981
0.907250,-1.358284
0.907750,-1.383814
0.908250,-1.357896
0.908750,-1.218057
0.909250,-1.806671
0.909750,-1.687743
0.910250,-1.562319
0.910750,-0.938716
0.911250,-1.140473
0.911750,-0.883846
0.912250,-1.505691
0.912750,-1.375705
0.913250,-1.038278
0.913750,-0.979349
0.914250,-1.015937
0.914750,-0.927235
0.915250,-1.227749
0.915750,-1.225097
0.916250,-1.152105
0.916750,-1.212148
0.917250,-0.750421
0.917750,-1.148191
0.918250,-0.989336
0.918750,-0.995563
0.919250,-1.415528
0.919750,-1.289413
0.920250,-0.725320
0.920750,-1.106421
0.921250,-1.398924
0.921750,-0.938358
0.922250,-0.497432
0.922750,-0.689437
0.923250,-0.839003
0.923750,-0.884730
0.924250,-1.017761
0.924750,-0.987916
0.925250,-1.088023
0.925750,-0.711752
0.926250,-0.966138
0.926750,-0.578387
0.927250,-0.653130
0.927750,-0.322795
0.928250,-0.401361
0.928750,-0.833590
0.929250,-0.898751
0.929750,-1.117694
0.930250,-0.465495
0.930750,-0.696701
0.931250,-1.094498
0.931750,-1.020541
0.932250,-1.142065
0.932750,-0.862016
0.933250,-1.263971
0.933750,-1.247511
0.934250,-1.263782
0.934750,-0.585492
0.935250,-0.990344
0.935750,-1.346178
0.936250,-1.357598
0.936750,-1.292172
0.937250,-1.140425
0.937750,-1.072758
0.938250,-1.185658
0.938750,-1.106178
0.939250,-1.334755
0.939750,-1.566618
0.940250,-0.825070
0.940750,-1.324884
0.941250,-1.355448
0.941750,-1.169059
0.942250,-0.860310
0.942750,-1.022604
0.943250,-1.437857
0.943750,-0.591387
0.944250,-1.434031
0.944750,-1.441078
0.945250,-1.436477
0.945750,-1.309551
0.946250,-1.351691
0.946750,-1.208396
0.947250,-1.242350
0.947750,-1.216833
0.948250,-1.206109
0.948750,-0.913937
0.949250,-1.237393
0.949750,-1.181278
0.950250,-1.147465
0.950750,-1.342049
0.951250,-0.993067
0.951750,-1.240143
0.952250,-0.758048
0.952750,-0.753920
0.953250,-0.796161
0.953750,-1.134375
0.954250,-0.984299
0.954750,-1.133521
0.955250,-1.087157
0.955750,-0.982171
0.956250,-1.335768
0.956750,-1.347484
0.957250,-0.955208
0.957750,-0.742815
0.958250,-0.527130
0.958750,-1.279008
0.959250,-0.674599
0.959750,-0.916443
0.960250,-1.136060
0.960750,-1.284914
0.961250,-0.669046
0.961750,-0.960449
0.962250,-1.263968
0.962750,-1.046986
0.963250,-1.231098
0.963750,-0.903726
0.964250,-1.010955
0.964750,-1.327908
0.965250,-0.934539
0.965750,-0.762552
0.966250,-1.343344
0.966750,-1.349143
0.967250,-1.134963
0.967750,-1.233929
0.968250,-1.274351
0.968750,-1.819776
0.969250,-1.091510
0.969750,-0.719063
0.970250,-1.309134
0.970750,-1.378623
0.971250,-1.703389
0.971750,-1.592570
0.972250,-1.226434
0.972750,-1.356430
0.973250,-2.008492
0.973750,-2.051962
0.974250,-1.598217
0.974750,-0.971884
0.975250,-1.464746
0.975750,-1.536822
0.976250,-1.578930
0.976750,-1.464996
0.977250,-1.207096
0.977750,-1.602890
0.978250,-1.392442
0.978750,-1.417144
0.979250,-1.673606
0.979750,-1.788463
0.980250,-2.079845
0.980750,-1.634329
0.981250,-1.491446
0.981750,-1.437454
0.982250,-1.274940
0.982750,-1.195300
0.983250,-1.654281
0.983750,-1.453823
0.984250,-1.372011
0.984750,-1.025514
0.985250,-1.745725
0.985750,-1.046351
0.986250,-1.000140
0.986750,-1.028087
0.987250,-1.608922
0.987750,-1.367242
0.988250,-0.871022
0.988750,-1.133573
0.989250,-0.992832
0.989750,-0.872783
0.990250,-1.126139
0.990750,-1.247324
0.991250,-0.883372
0.991750,-0.984460
0.992250,-1.435492
0.992750,-1.611306
0.993250,-1.625574
0.993750,-1.102936
0.994250,-1.381238
0.994750,-0.930072
0.995250,-1.313142
0.995750,-0.908007
0.996250,-1.194611
0.996750,-0.719849
0.997250,-1.624688
0.997750,-1.516967
0.998250,-1.124444
0.998750,-0.632180
0.999250,-1.131614
0.999750,-0.810630
