0.000250,0.098175
0.000750,0.123936
0.001250,0.084098
0.001750,-0.013052
0.002250,-0.015419
0.002750,0.158295
0.003250,0.195702
0.003750,0.173513
0.004250,0.258744
0.004750,0.488280
0.005250,0.673795
0.005750,0.581115
0.006250,0.612838
0.006750,0.500641
0.007250,0.620995
0.007750,0.542420
0.008250,0.543418
0.008750,0.556033
0.009250,0.463960
0.009750,0.478066
0.010250,0.285613
0.010750,0.403641
0.011250,0.700685
0.011750,0.575230
0.012250,0.642593
0.012750,0.601315
0.013250,0.757081
0.013750,0.769935
0.014250,0.818683
0.014750,1.061033
0.015250,1.146488
0.015750,1.280286
0.016250,1.051791
0.016750,1.126674
0.017250,1.100753
0.017750,1.041569
0.018250,0.941906
0.018750,1.070470
0.019250,1.102742
0.019750,1.410045
0.020250,1.217929
0.020750,1.180671
0.021250,1.152338
0.021750,1.074257
0.022250,1.052745
0.022750,0.872216
0.023250,0.963897
0.023750,0.831799
0.024250,0.815029
0.024750,0.681750
0.025250,0.903546
0.025750,0.957783
0.026250,1.260925
0.026750,1.120342
0.027250,1.026025
0.027750,0.942902
0.028250,1.025106
0.028750,0.987605
0.029250,0.935549
0.029750,0.972013
0.030250,1.179425
0.030750,1.086194
0.031250,1.328463
0.031750,1.457868
0.032250,1.378392
0.032750,1.704859
0.033250,1.608397
0.033750,1.589859
0.034250,1.672029
0.034750,1.692071
0.035250,1.612151
0.035750,1.519573
0.036250,1.356337
0.036750,1.299841
0.037250,1.354602
0.037750,1.270704
0.038250,1.171689
0.038750,1.398113
0.039250,1.234158
0.039750,1.228309
0.040250,1.352999
0.040750,1.420798
0.041250,1.514942
0.041750,1.175652
0.042250,1.229309
0.042750,1.019026
0.043250,1.035012
0.043750,0.864212
0.044250,0.718847
0.044750,0.493569
0.045250,0.880836
0.045750,1.065984
0.046250,1.031498
0.046750,0.988455
0.047250,1.044568
0.047750,1.058379
0.048250,1.117486
0.048750,0.861265
0.049250,1.144823
0.049750,0.570541
0.050250,0.915035
0.050750,0.955616
0.051250,0.685347
0.051750,1.033854
0.052250,0.563535
0.052750,1.141898
0.053250,1.165803
0.053750,1.459838
0.054250,1.400441
0.054750,0.966608
0.055250,1.305903
0.055750,1.468753
0.056250,1.475349
0.056750,1.440326
0.057250,1.369081
0.057750,1.428366
0.058250,1.475026
0.058750,1.588347
0.059250,0.918524
0.059750,1.196493
0.060250,0.914254
0.060750,1.169159
0.061250,1.096611
0.061750,0.503057
0.062250,0.869357
0.062750,0.999970
0.063250,0.941027
0.063750,1.233618
0.064250,1.168054
0.064750,1.138993
0.065250,0.931615
0.065750,1.016473
0.066250,1.077092
0.066750,0.850746
0.067250,1.012412
0.067750,0.769893
0.068250,0.764085
0.068750,0.755940
0.069250,0.604807
0.069750,0.289969
0.070250,-0.120153
0.070750,0.229116
0.071250,0.134816
0.071750,0.650180
0.072250,0.375668
0.072750,0.099269
0.073250,0.139501
0.073750,0.149707
0.074250,0.082743
0.074750,0.574567
0.075250,0.459018
0.075750,0.571806
0.076250,0.361784
0.076750,0.365329
0.077250,0.275139
0.077750,0.182856
0.078250,0.646460
0.078750,0.148580
0.079250,0.250371
0.079750,0.155398
0.080250,0.020081
0.080750,0.219396
0.081250,0.250956
0.081750,0.444761
0.082250,0.219075
0.082750,0.055507
0.083250,0.407589
0.083750,0.585464
0.084250,0.576340
0.084750,0.779385
0.085250,0.767456
0.085750,0.375173
0.086250,1.040126
0.086750,0.745457
0.087250,0.837619
0.087750,0.583179
0.088250,0.554638
0.088750,0.518488
0.089250,0.546448
0.089750,0.496902
0.090250,0.336414
0.090750,0.003868
0.091250,0.200268
0.091750,0.062950
0.092250,0.125178
0.092750,0.344223
0.093250,0.131333
0.093750,-0.201690
0.094250,-0.041390
0.094750,-0.073003
0.095250,0.092453
0.095750,-0.010760
0.096250,0.242053
0.096750,0.234675
0.097250,0.288966
0.097750,-0.090920
0.098250,-0.164431
0.098750,-0.242862
0.099250,-0.531879
0.099750,-0.271790
0.100250,-0.193933
0.100750,-0.943655
0.101250,-0.716034
0.101750,-0.670495
0.102250,-0.744501
0.102750,-0.487756
0.103250,-0.746636
0.103750,-0.754873
0.104250,-0.919727
0.104750,-0.444854
0.105250,-0.863326
0.105750,-0.340388
0.106250,-0.508274
0.106750,-0.477073
0.107250,-0.532386
0.107750,-0.535858
0.108250,-0.694780
0.108750,-0.702230
0.109250,-0.684803
0.109750,-0.939206
0.110250,-0.769572
0.110750,-0.498273
0.111250,-0.780845
0.111750,-1.077156
0.112250,-0.941575
0.112750,-0.895301
0.113250,-1.225731
0.113750,-0.874120
0.114250,-0.987074
0.114750,-1.201242
0.115250,-0.765544
0.115750,-1.262451
0.116250,-1.314251
0.116750,-1.008811
0.117250,-0.724863
0.117750,-0.399327
0.118250,-0.515041
0.118750,-0.503514
0.119250,0.114043
0.119750,-0.302249
0.120250,-0.261150
0.120750,-0.284579
0.121250,-0.463572
0.121750,-0.294159
0.122250,-0.744366
0.122750,-0.132393
0.123250,-0.633416
0.123750,-0.465739
0.124250,-0.859141
0.124750,-0.578085
0.125250,-0.588881
0.125750,-0.530981
0.126250,-0.800303
0.126750,-0.614942
0.127250,-0.435981
0.127750,-0.741386
0.128250,-0.350195
0.128750,-0.851043
0.129250,-0.958408
0.129750,-1.046631
0.130250,-0.848761
0.130750,-1.157511
0.131250,-1.131385
0.131750,-0.978209
0.132250,-0.748838
0.132750,-0.992858
0.133250,-1.180584
0.133750,-0.649181
0.134250,-1.114141
0.134750,-1.050105
0.135250,-1.126697
0.135750,-0.767217
0.136250,-1.023553
0.136750,-1.403748
0.137250,-1.323875
0.137750,-1.546973
0.138250,-1.269247
0.138750,-1.514751
0.139250,-1.633698
0.139750,-1.622424
0.140250,-1.118489
0.140750,-1.530150
0.141250,-1.492892
0.141750,-1.706317
0.142250,-1.763118
0.142750,-1.683325
0.143250,-2.567105
0.143750,-2.079447
0.144250,-2.149478
0.144750,-2.491665
0.145250,-2.132524
0.145750,-2.260793
0.146250,-2.126941
0.146750,-1.544246
0.147250,-1.350076
0.147750,-1.678638
0.148250,-1.929979
0.148750,-1.504928
0.149250,-1.418847
0.149750,-1.512569
0.150250,-1.677711
0.150750,-1.575032
0.151250,-1.422208
0.151750,-1.141285
0.152250,-1.261754
0.152750,-1.629973
0.153250,-1.553794
0.153750,-2.031006
0.154250,-1.775647
0.154750,-2.011726
0.155250,-2.189853
0.155750,-1.877467
0.156250,-1.842712
0.156750,-1.569935
0.157250,-1.533392
0.157750,-1.599223
0.158250,-1.702669
0.158750,-1.607835
0.159250,-1.740376
0.159750,-1.234206
0.160250,-1.665245
0.160750,-1.069867
0.161250,-1.002838
0.161750,-1.385194
0.162250,-1.529468
0.162750,-1.126329
0.163250,-1.531965
0.163750,-1.458052
0.164250,-1.574635
0.164750,-1.254118
0.165250,-1.546001
0.165750,-1.433566
0.166250,-0.884672
0.166750,-1.165381
0.167250,-1.084021
0.167750,-1.427745
0.168250,-1.959605
0.168750,-1.604060
0.169250,-0.884063
0.169750,-2.087951
0.170250,-1.882003
0.170750,-2.141469
0.171250,-1.569744
0.171750,-1.543539
0.172250,-1.600086
0.172750,-1.227515
0.173250,-0.993097
0.173750,-1.722548
0.174250,-1.534114
0.174750,-1.400466
0.175250,-1.910096
0.175750,-1.290038
0.176250,-1.632997
0.176750,-1.437845
0.177250,-0.773031
0.177750,-1.358300
0.178250,-1.378821
0.178750,-1.980038
0.179250,-1.457005
0.179750,-0.961046
0.180250,-1.956703
0.180750,-2.121143
0.181250,-1.704902
0.181750,-1.728379
0.182250,-1.683658
0.182750,-2.486770
0.183250,-2.390548
0.183750,-2.605557
0.184250,-2.506592
0.184750,-2.633212
0.185250,-2.561121
0.185750,-2.041672
0.186250,-2.512511
0.186750,-1.936797
0.187250,-2.002607
0.187750,-2.787732
0.188250,-2.541992
0.188750,-2.329234
0.189250,-2.653020
0.189750,-2.619033
0.190250,-2.458502
0.190750,-2.990415
0.191250,-2.506587
0.191750,-1.755049
0.192250,-2.359193
0.192750,-2.251522
0.193250,-1.916638
0.193750,-1.957064
0.194250,-2.559157
0.194750,-2.478682
0.195250,-1.730874
0.195750,-1.768766
0.196250,-2.099175
0.196750,-1.921388
0.197250,-2.122078
0.197750,-2.175866
0.198250,-2.235932
0.198750,-2.134735
0.199250,-2.067525
0.199750,-1.571329
0.200250,-1.727304
0.200750,-2.011237
0.201250,-2.176740
0.201750,-1.801963
0.202250,-2.199022
0.202750,-1.688996
0.203250,-2.491713
0.203750,-2.129674
0.204250,-2.616759
0.204750,-1.973347
0.205250,-2.526783
0.205750,-2.355801
0.206250,-1.383597
0.206750,-1.574340
0.207250,-1.079803
0.207750,-1.668967
0.208250,-1.594868
0.208750,-1.586673
0.209250,-1.578369
0.209750,-0.897109
0.210250,-0.843915
0.210750,-1.088252
0.211250,-1.613311
0.211750,-1.254713
0.212250,-0.903987
0.212750,-0.452980
0.213250,-1.975943
0.213750,-0.982091
0.214250,-1.477185
0.214750,-1.747521
0.215250,-1.487954
0.215750,-1.546917
0.216250,-1.144907
0.216750,-1.614116
0.217250,-1.386930
0.217750,-1.505672
0.218250,-1.306561
0.218750,-1.339840
0.219250,-1.290223
0.219750,-1.446069
0.220250,-1.520494
0.220750,-1.346094
0.221250,-1.067951
0.221750,-1.214051
0.222250,-2.093502
0.222750,-2.092224
0.223250,-1.241605
0.223750,-1.639193
0.224250,-2.131997
0.224750,-1.362213
0.225250,-1.569219
0.225750,-1.661822
0.226250,-1.734835
0.226750,-1.543706
0.227250,-0.864684
0.227750,-1.606248
0.228250,-1.493273
0.228750,-1.121611
0.229250,-0.866121
0.229750,-1.173483
0.230250,-1.285083
0.230750,-1.758536
0.231250,-1.479649
0.231750,-1.809730
0.232250,-1.161320
0.232750,-1.580146
0.233250,-1.773360
0.233750,-1.372628
0.234250,-1.245119
0.234750,-1.568552
0.235250,-1.584387
0.235750,-1.785359
0.236250,-1.988512
0.236750,-2.331664
0.237250,-1.883692
0.237750,-2.432423
0.238250,-2.166878
0.238750,-2.395187
0.239250,-2.414193
0.239750,-2.408981
0.240250,-1.837631
0.240750,-2.291835
0.241250,-2.293032
0.241750,-1.981385
0.242250,-1.980885
0.242750,-2.245680
0.243250,-2.507849
0.243750,-2.610560
0.244250,-1.705102
0.244750,-1.532892
0.245250,-1.432867
0.245750,-2.139977
0.246250,-1.629442
0.246750,-1.082701
0.247250,-2.126581
0.247750,-1.907980
0.248250,-1.932464
0.248750,-1.045223
0.249250,-1.478674
0.249750,-0.893040
0.250250,-1.226247
0.250750,-0.745114
0.251250,-0.795383
0.251750,-1.646527
0.252250,-1.109667
0.252750,-1.069101
0.253250,-1.008804
0.253750,-0.812041
0.254250,-1.047703
0.254750,-1.689089
0.255250,-1.986997
0.255750,-2.056213
0.256250,-1.956510
0.256750,-2.088219
0.257250,-1.139887
0.257750,-1.302035
0.258250,-0.927164
0.258750,-1.767394
0.259250,-1.020013
0.259750,-1.394044
0.260250,-1.658036
0.260750,-0.905547
0.261250,-0.666941
0.261750,-0.891901
0.262250,-0.653006
0.262750,-0.794482
0.263250,-1.271213
0.263750,-0.931909
0.264250,-0.180147
0.264750,-0.912938
0.265250,-1.099522
0.265750,-0.656963
0.266250,-1.032028
0.266750,-0.424583
0.267250,-0.968753
0.267750,0.110675
0.268250,0.125380
0.268750,-0.355649
0.269250,-0.346491
0.269750,-0.606813
0.270250,-0.247001
0.270750,-0.411811
0.271250,-0.642886
0.271750,-0.643207
0.272250,-0.177985
0.272750,-0.066562
0.273250,-0.510273
0.273750,-0.917004
0.274250,0.202939
0.274750,-0.845710
0.275250,-0.496700
0.275750,0.339743
0.276250,-0.465367
0.276750,-1.045592
0.277250,-1.054274
0.277750,-0.138086
0.278250,-0.537215
0.278750,-0.210669
0.279250,-0.873818
0.279750,-0.296127
0.280250,-1.369643
0.280750,-0.868699
0.281250,-0.225758
0.281750,-0.137616
0.282250,-0.448327
0.282750,-0.560326
0.283250,-0.648881
0.283750,-0.353964
0.284250,-0.074122
0.284750,-0.902719
0.285250,-0.753769
0.285750,-0.785610
0.286250,-0.131841
0.286750,-0.742554
0.287250,0.043614
0.287750,-0.317724
0.288250,-0.027658
0.288750,-0.042937
0.289250,-0.300876
0.289750,-0.751983
0.290250,-0.368815
0.290750,-1.058870
0.291250,-0.560831
0.291750,-0.432695
0.292250,-0.108669
0.292750,-1.247778
0.293250,-1.097517
0.293750,-1.361069
0.294250,-1.038413
0.294750,-1.591086
0.295250,-0.407726
0.295750,-0.623432
0.296250,-1.080159
0.296750,-1.209959
0.297250,-0.944809
0.297750,-0.914036
0.298250,-1.567569
0.298750,-0.905460
0.299250,-1.265399
0.299750,-1.017361
0.300250,-1.446022
0.300750,-0.805346
0.301250,-0.694264
0.301750,-1.058642
0.302250,-1.094685
0.302750,-0.139995
0.303250,-0.623117
0.303750,0.093227
0.304250,-0.911115
0.304750,-0.557839
0.305250,-0.528984
0.305750,-0.216182
0.306250,-0.372859
0.306750,-0.405846
0.307250,0.432370
0.307750,0.018983
0.308250,0.477821
0.308750,-0.157450
0.309250,-0.000409
0.309750,-0.024599
0.310250,-0.282074
0.310750,0.072309
0.311250,-0.445622
0.311750,-0.025390
0.312250,-0.303843
0.312750,-0.376576
0.313250,0.114287
0.313750,-0.454128
0.314250,0.112662
0.314750,-0.042156
0.315250,0.051363
0.315750,-0.083316
0.316250,-0.463318
0.316750,-0.703276
0.317250,0.356598
0.317750,0.650479
0.318250,-0.314624
0.318750,-0.040664
0.319250,-0.120809
0.319750,0.406201
0.320250,0.081087
0.320750,0.050005
0.321250,0.559652
0.321750,0.567436
0.322250,0.771613
0.322750,0.576944
0.323250,1.106317
0.323750,0.672620
0.324250,1.580307
0.324750,0.733111
0.325250,1.040778
0.325750,1.371421
0.326250,0.415394
0.326750,0.656158
0.327250,0.085208
0.327750,1.104555
0.328250,1.245634
0.328750,0.964160
0.329250,0.625254
0.329750,0.931945
0.330250,0.894661
0.330750,0.301235
0.331250,0.868723
0.331750,1.060494
0.332250,0.301177
0.332750,1.073432
0.333250,1.178666
0.333750,1.746528
0.334250,0.901214
0.334750,1.058285
0.335250,0.677040
0.335750,1.029526
0.336250,1.050129
0.336750,1.409585
0.337250,0.859323
0.337750,0.355132
0.338250,0.160082
0.338750,1.124132
0.339250,0.778403
0.339750,0.614401
0.340250,1.019352
0.340750,1.079710
0.341250,0.963530
0.341750,0.833238
0.342250,0.730243
0.342750,0.954445
0.343250,0.788210
0.343750,1.085975
0.344250,1.001106
0.344750,0.924576
0.345250,0.600865
0.345750,0.399358
0.346250,0.538980
0.346750,1.995134
0.347250,0.980217
0.347750,1.565427
0.348250,1.413416
0.348750,0.831696
0.349250,1.084964
0.349750,1.173730
0.350250,1.380056
0.350750,0.503054
0.351250,0.807210
0.351750,0.493855
0.352250,0.720145
0.352750,1.505161
0.353250,0.793838
0.353750,0.631454
0.354250,0.301925
0.354750,0.675032
0.355250,0.781847
0.355750,0.843959
0.356250,0.484643
0.356750,0.318792
0.357250,1.058722
0.357750,0.977844
0.358250,0.706777
0.358750,0.631129
0.359250,0.457400
0.359750,0.361202
0.360250,0.389714
0.360750,0.666592
0.361250,-0.714649
0.361750,0.943372
0.362250,0.241743
0.362750,-0.552388
0.363250,0.551176
0.363750,1.123195
0.364250,-0.301002
0.364750,0.500229
0.365250,0.028553
0.365750,0.761641
0.366250,0.603967
0.366750,0.969978
0.367250,1.099856
0.367750,0.998754
0.368250,0.690474
0.368750,1.416576
0.369250,1.612195
0.369750,1.258068
0.370250,1.428739
0.370750,1.860665
0.371250,1.389934
0.371750,1.186044
0.372250,1.693902
0.372750,1.306114
0.373250,1.868739
0.373750,1.037200
0.374250,1.058459
0.374750,1.018463
0.375250,0.981708
0.375750,1.204533
0.376250,1.204257
0.376750,0.770638
0.377250,1.442643
0.377750,1.175163
0.378250,0.821720
0.378750,1.172009
0.379250,0.681546
0.379750,1.729596
0.380250,0.208172
0.380750,1.542084
0.381250,0.638933
0.381750,0.994547
0.382250,1.328085
0.382750,1.332927
0.383250,1.491270
0.383750,1.382468
0.384250,1.299769
0.384750,1.675421
0.385250,0.956904
0.385750,2.498095
0.386250,2.214713
0.386750,1.395627
0.387250,1.399006
0.387750,2.532737
0.388250,2.202954
0.388750,1.773946
0.389250,1.875579
0.389750,2.466288
0.390250,2.461351
0.390750,1.704992
0.391250,1.814281
0.391750,1.814355
0.392250,2.528854
0.392750,2.522919
0.393250,3.224517
0.393750,2.495754
0.394250,2.614662
0.394750,2.209453
0.395250,2.479308
0.395750,2.255926
0.396250,2.104839
0.396750,2.410876
0.397250,1.627199
0.397750,2.460342
0.398250,1.898869
0.398750,2.486095
0.399250,2.716189
0.399750,2.289986
0.400250,2.311051
0.400750,2.453442
0.401250,2.256887
0.401750,1.988186
0.402250,2.408946
0.402750,2.843710
0.403250,1.991749
0.403750,2.076819
0.404250,2.534281
0.404750,2.144169
0.405250,1.557421
0.405750,1.418069
0.406250,1.594737
0.406750,2.234652
0.407250,2.183283
0.407750,2.131603
0.408250,1.606273
0.408750,2.035589
0.409250,2.002978
0.409750,1.354221
0.410250,1.479326
0.410750,1.548178
0.411250,1.809233
0.411750,1.757980
0.412250,2.316807
0.412750,1.804396
0.413250,2.255098
0.413750,1.495988
0.414250,3.366766
0.414750,3.010864
0.415250,3.173617
0.415750,2.485355
0.416250,2.673057
0.416750,2.774252
0.417250,2.617109
0.417750,2.666926
0.418250,2.059385
0.418750,1.788644
0.419250,3.206502
0.419750,2.820508
0.420250,1.398087
0.420750,3.173702
0.421250,2.146175
0.421750,1.918868
0.422250,2.318668
0.422750,2.015909
0.423250,1.784005
0.423750,1.842894
0.424250,1.454309
0.424750,1.375565
0.425250,1.774094
0.425750,2.027797
0.426250,0.436308
0.426750,1.548498
0.427250,1.857104
0.427750,1.214039
0.428250,2.046271
0.428750,0.007709
0.429250,1.452156
0.429750,0.640876
0.430250,0.833293
0.430750,1.541688
0.431250,1.782539
0.431750,1.390527
0.432250,1.218225
0.432750,0.993038
0.433250,1.857716
0.433750,2.355641
0.434250,1.858866
0.434750,1.339229
0.435250,1.267677
0.435750,1.287282
0.436250,1.689644
0.436750,1.458811
0.437250,1.402963
0.437750,1.659576
0.438250,2.670026
0.438750,1.672532
0.439250,2.542777
0.439750,1.857275
0.440250,1.979715
0.440750,2.069723
0.441250,2.383037
0.441750,2.937412
0.442250,1.581168
0.442750,1.671518
0.443250,2.642531
0.443750,1.524597
0.444250,1.945005
0.444750,2.094171
0.445250,1.887981
0.445750,1.828644
0.446250,2.407667
0.446750,2.046201
0.447250,2.077104
0.447750,1.796971
0.448250,1.839640
0.448750,2.388177
0.449250,2.317426
0.449750,1.440148
0.450250,2.061712
0.450750,1.907422
0.451250,2.528510
0.451750,2.243274
0.452250,1.940990
0.452750,2.672989
0.453250,2.550765
0.453750,2.420719
0.454250,2.098235
0.454750,2.132898
0.455250,1.469799
0.455750,2.649736
0.456250,2.180585
0.456750,2.537927
0.457250,2.834526
0.457750,2.325558
0.458250,2.418299
0.458750,2.621622
0.459250,1.587098
0.459750,3.176585
0.460250,2.434930
0.460750,2.658385
0.461250,2.397867
0.461750,2.660181
0.462250,2.994724
0.462750,2.221671
0.463250,2.524054
0.463750,2.344333
0.464250,2.762864
0.464750,3.022014
0.465250,2.822874
0.465750,3.432720
0.466250,3.130545
0.466750,3.567756
0.467250,3.200488
0.467750,3.456890
0.468250,3.403602
0.468750,3.266181
0.469250,2.840272
0.469750,2.343751
0.470250,2.597020
0.470750,2.097093
0.471250,3.689042
0.471750,2.705112
0.472250,3.347550
0.472750,2.825022
0.473250,2.718246
0.473750,3.072153
0.474250,2.928599
0.474750,3.057822
0.475250,3.202580
0.475750,3.233623
0.476250,2.822472
0.476750,2.962086
0.477250,2.427435
0.477750,2.663294
0.478250,2.253415
0.478750,2.034186
0.479250,2.845219
0.479750,2.102353
0.480250,1.899690
0.480750,1.979579
0.481250,1.870137
0.481750,2.640436
0.482250,3.335687
0.482750,2.464938
0.483250,2.435691
0.483750,2.456146
0.484250,3.838474
0.484750,3.234926
0.485250,2.661712
0.485750,2.675671
0.486250,1.577551
0.486750,2.243101
0.487250,2.478290
0.487750,2.284799
0.488250,2.260335
0.488750,2.459084
0.489250,3.861463
0.489750,2.502766
0.490250,3.075291
0.490750,3.129403
0.491250,3.398993
0.491750,2.422471
0.492250,3.340307
0.492750,1.834445
0.493250,2.138397
0.493750,2.133902
0.494250,2.387826
0.494750,2.381987
0.495250,2.638248
0.495750,3.065735
0.496250,2.416200
0.496750,2.294452
0.497250,2.646141
0.497750,2.086698
0.498250,2.156887
0.498750,2.399959
0.499250,1.334657
0.499750,1.551846
0.500250,1.367836
0.500750,1.728738
0.501250,1.942323
0.501750,1.530272
0.502250,1.418580
0.502750,1.934755
0.503250,1.426375
0.503750,1.470816
0.504250,0.996786
0.504750,1.929190
0.505250,2.026362
0.505750,1.135316
0.506250,0.972036
0.506750,1.197820
0.507250,1.549587
0.507750,1.612805
0.508250,0.123430
0.508750,1.376177
0.509250,2.401185
0.509750,1.643854
0.510250,1.719420
0.510750,1.241566
0.511250,1.548892
0.511750,0.593851
0.512250,1.221649
0.512750,1.673608
0.513250,1.704684
0.513750,1.963864
0.514250,2.508344
0.514750,1.857170
0.515250,2.418530
0.515750,2.422757
0.516250,1.782612
0.516750,1.874628
0.517250,1.975215
0.517750,2.040111
0.518250,2.460801
0.518750,2.801008
0.519250,1.748272
0.519750,2.528689
0.520250,1.725088
0.520750,2.173949
0.521250,2.494252
0.521750,2.016562
0.522250,2.854707
0.522750,2.361523
0.523250,2.475435
0.523750,2.670475
0.524250,2.489631
0.524750,1.938673
0.525250,2.341154
0.525750,1.266875
0.526250,1.335560
0.526750,1.324438
0.527250,1.742151
0.527750,1.789420
0.528250,0.802447
0.528750,0.344387
0.529250,1.019664
0.529750,1.457975
0.530250,1.206146
0.530750,1.142051
0.531250,0.724786
0.531750,0.808070
0.532250,1.414870
0.532750,0.866347
0.533250,1.359466
0.533750,2.505159
0.534250,1.742695
0.534750,1.818182
0.535250,2.223654
0.535750,2.400792
0.536250,2.215528
0.536750,2.710617
0.537250,2.090336
0.537750,2.557636
0.538250,2.528653
0.538750,2.973813
0.539250,2.647911
0.539750,2.814458
0.540250,2.249397
0.540750,3.755266
0.541250,2.022922
0.541750,2.837625
0.542250,2.992893
0.542750,2.497613
0.543250,3.093206
0.543750,2.585467
0.544250,2.785949
0.544750,2.312185
0.545250,2.824066
0.545750,2.095536
0.546250,1.843196
0.546750,1.971416
0.547250,3.235561
0.547750,2.317370
0.548250,1.999642
0.548750,3.488256
0.549250,2.101588
0.549750,1.762264
0.550250,1.311202
0.550750,2.054094
0.551250,2.590471
0.551750,2.115210
0.552250,1.640391
0.552750,2.890456
0.553250,2.529905
0.553750,2.479922
0.554250,2.639580
0.554750,2.275156
0.555250,1.691612
0.555750,2.205704
0.556250,1.889872
0.556750,2.321666
0.557250,2.777590
0.557750,1.925147
0.558250,2.306184
0.558750,1.334285
0.559250,2.319157
0.559750,1.680284
0.560250,2.380704
0.560750,1.782035
0.561250,1.968985
0.561750,1.767039
0.562250,1.439918
0.562750,2.279570
0.563250,1.306600
0.563750,1.108674
0.564250,2.087609
0.564750,1.441499
0.565250,1.357774
0.565750,1.727119
0.566250,2.021502
0.566750,2.428400
0.567250,2.974200
0.567750,2.808635
0.568250,1.923810
0.568750,2.618053
0.569250,2.114585
0.569750,1.916887
0.570250,1.307785
0.570750,2.112592
0.571250,1.652406
0.571750,3.297438
0.572250,1.766155
0.572750,1.506081
0.573250,1.423948
0.573750,1.570489
0.574250,1.722587
0.574750,1.882126
0.575250,1.649447
0.575750,0.585825
0.576250,1.588268
0.576750,0.833600
0.577250,1.028599
0.577750,1.074869
0.578250,0.399346
0.578750,0.653625
0.579250,0.575676
0.579750,1.042460
0.580250,1.009955
0.580750,1.500370
0.581250,0.503531
0.581750,0.397120
0.582250,0.756289
0.582750,0.470642
0.583250,0.667531
0.583750,0.382162
0.584250,0.717737
0.584750,0.217175
0.585250,0.353466
0.585750,1.455607
0.586250,0.611665
0.586750,1.307619
0.587250,0.803145
0.587750,0.728344
0.588250,0.960974
0.588750,0.107578
0.589250,0.737797
0.589750,0.116768
0.590250,-0.901285
0.590750,0.080149
0.591250,1.411064
0.591750,0.273539
0.592250,1.099511
0.592750,0.840955
0.593250,0.504246
0.593750,0.658069
0.594250,1.206187
0.594750,0.989392
0.595250,1.337961
0.595750,1.253701
0.596250,0.266227
0.596750,0.222188
0.597250,0.701046
0.597750,0.886132
0.598250,0.765067
0.598750,0.983891
0.599250,0.686803
0.599750,0.691616
0.600250,0.545822
0.600750,0.883354
0.601250,2.196477
0.601750,0.857551
0.602250,0.669667
0.602750,1.514428
0.603250,-0.138008
0.603750,1.045046
0.604250,1.426971
0.604750,0.312345
0.605250,1.186733
0.605750,-0.092395
0.606250,-0.343644
0.606750,0.707117
0.607250,0.336064
0.607750,0.431406
0.608250,0.204657
0.608750,-0.267119
0.609250,0.320823
0.609750,0.373206
0.610250,-0.393118
0.610750,0.352663
0.611250,0.636224
0.611750,0.601700
0.612250,0.521313
0.612750,1.555916
0.613250,0.472792
0.613750,0.961031
0.614250,1.366228
0.614750,0.242162
0.615250,0.134619
0.615750,0.428490
0.616250,0.947501
0.616750,-0.436078
0.617250,0.204643
0.617750,0.375684
0.618250,0.886868
0.618750,0.631785
0.619250,0.490469
0.619750,0.960507
0.620250,0.528173
0.620750,0.779223
0.621250,0.573360
0.621750,0.562625
0.622250,1.109805
0.622750,1.996768
0.623250,1.075234
0.623750,0.921510
0.624250,2.279532
0.624750,1.442497
0.625250,1.580822
0.625750,1.914450
0.626250,1.389521
0.626750,1.051817
0.627250,1.375262
0.627750,1.004995
0.628250,1.422482
0.628750,1.523877
0.629250,1.361150
0.629750,0.360394
0.630250,1.971343
0.630750,1.870902
0.631250,1.262183
0.631750,1.547306
0.632250,1.626566
0.632750,0.614733
0.633250,1.928036
0.633750,1.464879
0.634250,0.885013
0.634750,1.234928
0.635250,0.971603
0.635750,1.106152
0.636250,0.925800
0.636750,0.387359
0.637250,0.620770
0.637750,1.906958
0.638250,0.070071
0.638750,0.224322
0.639250,0.055343
0.639750,0.444509
0.640250,0.207863
0.640750,-0.082904
0.641250,1.060717
0.641750,-0.836250
0.642250,-0.349116
0.642750,0.235572
0.643250,1.585883
0.643750,0.199386
0.644250,-0.164067
0.644750,-0.200905
0.645250,0.154801
0.645750,0.266157
0.646250,-0.460654
0.646750,1.106250
0.647250,0.121997
0.647750,0.608143
0.648250,0.145942
0.648750,0.139042
0.649250,0.480366
0.649750,0.504322
0.650250,-0.234758
0.650750,-0.046984
0.651250,0.925798
0.651750,0.055946
0.652250,0.032632
0.652750,0.760753
0.653250,0.622310
0.653750,0.599354
0.654250,0.212462
0.654750,0.568606
0.655250,0.743916
0.655750,1.292658
0.656250,1.447306
0.656750,1.253893
0.657250,1.274461
0.657750,0.346897
0.658250,-0.025893
0.658750,1.164265
0.659250,-0.041902
0.659750,0.415835
0.660250,0.207463
0.660750,-0.533568
0.661250,-0.552169
0.661750,0.008309
0.662250,0.983755
0.662750,0.225703
0.663250,0.188245
0.663750,0.066308
0.664250,-0.058150
0.664750,0.339301
0.665250,0.566380
0.665750,-0.078591
0.666250,-0.367375
0.666750,-0.738950
0.667250,-0.327037
0.667750,-0.673091
0.668250,-1.332199
0.668750,-0.962227
0.669250,-0.518956
0.669750,-0.941458
0.670250,-0.376492
0.670750,-0.947894
0.671250,-0.837537
0.671750,-1.742259
0.672250,-1.332235
0.672750,-0.679159
0.673250,-1.416679
0.673750,-0.754026
0.674250,-0.679210
0.674750,-1.096469
0.675250,-1.688025
0.675750,-1.068095
0.676250,-1.083808
0.676750,-0.580999
0.677250,-1.904579
0.677750,-1.830890
0.678250,-1.765567
0.678750,-0.844733
0.679250,-0.825321
0.679750,-1.063012
0.680250,-0.527393
0.680750,-0.600956
0.681250,-0.501056
0.681750,-1.297432
0.682250,-1.826296
0.682750,-1.671546
0.683250,-1.200027
0.683750,-1.298864
0.684250,-0.360587
0.684750,-1.252610
0.685250,-1.629408
0.685750,-1.107445
0.686250,-0.797442
0.686750,-1.106946
0.687250,-0.513935
0.687750,-0.174212
0.688250,-1.901579
0.688750,-1.582008
0.689250,-0.526099
0.689750,-1.478957
0.690250,-0.790925
0.690750,-0.618164
0.691250,-0.186400
0.691750,-0.448806
0.692250,-1.270102
0.692750,-1.027291
0.693250,-0.179454
0.693750,-0.780858
0.694250,-1.464982
0.694750,-1.439319
0.695250,-0.731788
0.695750,-1.533142
0.696250,-0.696224
0.696750,-1.067430
0.697250,-0.173711
0.697750,-0.123780
0.698250,-1.442569
0.698750,-1.673435
0.699250,-1.200607
0.699750,-0.233538
0.700250,-0.417233
0.700750,-1.268003
0.701250,-0.508959
0.701750,-1.950016
0.702250,-1.529350
0.702750,-1.581599
0.703250,-1.669471
0.703750,-1.808278
0.704250,-0.585393
0.704750,-2.129854
0.705250,-1.603376
0.705750,-1.163276
0.706250,-1.740870
0.706750,-2.870793
0.707250,-1.028162
0.707750,-1.951740
0.708250,-1.779120
0.708750,-1.160990
0.709250,-2.387085
0.709750,-1.660712
0.710250,-0.833807
0.710750,-1.080324
0.711250,-0.306648
0.711750,-0.105088
0.712250,-0.815979
0.712750,-0.056001
0.713250,-0.882786
0.713750,-0.257729
0.714250,0.116534
0.714750,-0.769969
0.715250,-0.240967
0.715750,-0.043626
0.716250,-0.052268
0.716750,-0.829825
0.717250,0.483994
0.717750,0.226817
0.718250,0.344044
0.718750,-0.272329
0.719250,-0.043489
0.719750,0.232121
0.720250,0.286884
0.720750,-0.438619
0.721250,-0.179588
0.721750,-0.371500
0.722250,-0.879660
0.722750,-1.483442
0.723250,-0.305344
0.723750,-1.038609
0.724250,-1.221753
0.724750,-0.450345
0.725250,-1.506604
0.725750,-0.497334
0.726250,-0.905121
0.726750,-1.206143
0.727250,-1.425745
0.727750,-1.092106
0.728250,-1.004486
0.728750,-0.744498
0.729250,-0.683241
0.729750,-0.828228
0.730250,-0.953226
0.730750,-1.313026
0.731250,-1.610311
0.731750,-2.104926
0.732250,-1.092958
0.732750,-1.036730
0.733250,-1.630548
0.733750,-0.815320
0.734250,-1.656218
0.734750,-1.436373
0.735250,-1.229275
0.735750,-1.077496
0.736250,-1.260378
0.736750,-1.829089
0.737250,-0.938462
0.737750,-0.512513
0.738250,-1.627529
0.738750,-1.133550
0.739250,-2.160918
0.739750,-1.785164
0.740250,-0.980246
0.740750,-2.526669
0.741250,-1.980214
0.741750,-1.649760
0.742250,-1.893574
0.742750,-0.906547
0.743250,-0.475689
0.743750,-1.749654
0.744250,-1.648959
0.744750,-1.431293
0.745250,-0.481583
0.745750,-1.979718
0.746250,-1.178540
0.746750,-1.380851
0.747250,-1.605314
0.747750,-0.025331
0.748250,-1.552760
0.748750,-1.024674
0.749250,0.563711
0.749750,-0.324063
0.750250,-1.332771
0.750750,-0.534224
0.751250,-1.522008
0.751750,-0.522349
0.752250,-2.110556
0.752750,-1.772836
0.753250,-1.112220
0.753750,-0.817031
0.754250,-1.129157
0.754750,-0.761113
0.755250,-0.451312
0.755750,-2.127886
0.756250,-1.581162
0.756750,-1.324689
0.757250,-1.249010
0.757750,-2.322682
0.758250,-2.436007
0.758750,-1.737618
0.759250,-2.931590
0.759750,-2.494147
0.760250,-1.983891
0.760750,-1.508841
0.761250,-2.714015
0.761750,-2.761098
0.762250,-2.197190
0.762750,-3.119987
0.763250,-3.545132
0.763750,-2.124567
0.764250,-2.194017
0.764750,-3.005475
0.765250,-3.176982
0.765750,-3.087929
0.766250,-3.035072
0.766750,-3.882260
0.767250,-3.675979
0.767750,-2.235644
0.768250,-2.769980
0.768750,-2.841486
0.769250,-2.592102
0.769750,-2.442115
0.770250,-3.586688
0.770750,-2.920617
0.771250,-2.382758
0.771750,-2.774084
0.772250,-3.264268
0.772750,-2.733163
0.773250,-2.409970
0.773750,-2.457687
0.774250,-3.001404
0.774750,-2.216696
0.775250,-1.541945
0.775750,-2.374925
0.776250,-1.959158
0.776750,-2.822391
0.777250,-3.101318
0.777750,-3.838272
0.778250,-1.755244
0.778750,-1.903314
0.779250,-2.731214
0.779750,-2.810829
0.780250,-2.650719
0.780750,-3.356781
0.781250,-3.466670
0.781750,-2.340090
0.782250,-2.760924
0.782750,-2.441918
0.783250,-1.867957
0.783750,-2.698843
0.784250,-2.221331
0.784750,-1.951399
0.785250,-1.668674
0.785750,-1.483344
0.786250,-2.641369
0.786750,-3.304769
0.787250,-2.118982
0.787750,-2.493384
0.788250,-2.207199
0.788750,-2.184789
0.789250,-3.823703
0.789750,-2.630677
0.790250,-1.883868
0.790750,-2.882905
0.791250,-3.000074
0.791750,-2.834780
0.792250,-2.464386
0.792750,-3.073586
0.793250,-1.325378
0.793750,-1.514453
0.794250,-2.746446
0.794750,-3.496716
0.795250,-4.034164
0.795750,-3.087964
0.796250,-3.318003
0.796750,-2.275097
0.797250,-2.399614
0.797750,-2.896708
0.798250,-2.320749
0.798750,-2.002036
0.799250,-2.681522
0.799750,-1.903806
0.800250,-1.607344
0.800750,-2.988620
0.801250,-2.634804
0.801750,-3.097107
0.802250,-2.282610
0.802750,-2.809326
0.803250,-2.473959
0.803750,-2.868833
0.804250,-2.642948
0.804750,-3.175020
0.805250,-1.970020
0.805750,-3.501727
0.806250,-3.345456
0.806750,-2.497760
0.807250,-1.055266
0.807750,-2.631934
0.808250,-2.848410
0.808750,-1.635051
0.809250,-2.784341
0.809750,-1.304576
0.810250,-1.611849
0.810750,-1.525509
0.811250,-1.131891
0.811750,-2.497576
0.812250,-1.791869
0.812750,-2.150755
0.813250,-2.314323
0.813750,-1.915392
0.814250,-2.107348
0.814750,-2.180733
0.815250,-2.007794
0.815750,-1.335976
0.816250,-1.099124
0.816750,-2.467139
0.817250,-1.899890
0.817750,-1.221170
0.818250,-1.972191
0.818750,-1.395403
0.819250,-1.912377
0.819750,-2.199071
0.820250,-2.352605
0.820750,-1.163800
0.821250,-1.050132
0.821750,-1.229790
0.822250,-1.356951
0.822750,-1.651309
0.823250,-2.246240
0.823750,-1.544582
0.824250,-1.907927
0.824750,-1.431790
0.825250,-2.450689
0.825750,-2.111547
0.826250,-2.167048
0.826750,-1.545511
0.827250,-1.681677
0.827750,-2.679774
0.828250,-2.209924
0.828750,-1.954869
0.829250,-2.526060
0.829750,-1.779359
0.830250,-2.852419
0.830750,-2.243951
0.831250,-2.554100
0.831750,-2.694474
0.832250,-3.126416
0.832750,-2.815335
0.833250,-3.129762
0.833750,-2.123351
0.834250,-3.222419
0.834750,-2.209508
0.835250,-1.586770
0.835750,-3.986210
0.836250,-1.706414
0.836750,-2.204732
0.837250,-1.954926
0.837750,-2.468530
0.838250,-2.738467
0.838750,-2.061035
0.839250,-2.400521
0.839750,-2.279485
0.840250,-3.113506
0.840750,-2.540783
0.841250,-2.297293
0.841750,-2.743058
0.842250,-2.315010
0.842750,-2.051629
0.843250,-2.125551
0.843750,-3.583854
0.844250,-2.794088
0.844750,-1.680263
0.845250,-2.582428
0.845750,-1.041233
0.846250,-1.379549
0.846750,-2.280789
0.847250,-2.168596
0.847750,-2.450979
0.848250,-2.172781
0.848750,-2.980034
0.849250,-1.196175
0.849750,-2.360352
0.850250,-1.587146
0.850750,-2.313033
0.851250,-1.885180
0.851750,-3.401947
0.852250,-1.678507
0.852750,-2.355607
0.853250,-0.690277
0.853750,-1.330982
0.854250,-2.193896
0.854750,-1.954054
0.855250,-3.406547
0.855750,-2.247787
0.856250,-3.597406
0.856750,-3.358162
0.857250,-3.720536
0.857750,-2.749012
0.858250,-3.848015
0.858750,-2.597628
0.859250,-2.061957
0.859750,-2.268470
0.860250,-2.008868
0.860750,-3.033051
0.861250,-2.475878
0.861750,-2.694938
0.862250,-3.523263
0.862750,-2.946802
0.863250,-4.316350
0.863750,-2.337175
0.864250,-3.077753
0.864750,-2.893082
0.865250,-3.010057
0.865750,-3.439880
0.866250,-3.213158
0.866750,-3.506439
0.867250,-4.251034
0.867750,-3.192658
0.868250,-2.925903
0.868750,-2.674493
0.869250,-3.439912
0.869750,-3.516605
0.870250,-3.285199
0.870750,-5.055789
0.871250,-3.777356
0.871750,-3.374677
0.872250,-3.064570
0.872750,-3.599814
0.873250,-3.767572
0.873750,-3.978561
0.874250,-4.107242
0.874750,-2.480685
0.875250,-3.963507
0.875750,-3.914767
0.876250,-2.561510
0.876750,-3.424697
0.877250,-3.353634
0.877750,-4.151775
0.878250,-3.435009
0.878750,-4.014151
0.879250,-3.276254
0.879750,-3.402088
0.880250,-2.530329
0.880750,-3.955383
0.881250,-3.471051
0.881750,-3.976225
0.882250,-3.307943
0.882750,-2.966550
0.883250,-1.594215
0.883750,-2.352293
0.884250,-3.282203
0.884750,-2.324617
0.885250,-2.990806
0.885750,-3.321996
0.886250,-3.045956
0.886750,-2.629066
0.887250,-2.947248
0.887750,-2.611981
0.888250,-2.810537
0.888750,-2.857621
0.889250,-3.773005
0.889750,-3.017097
0.890250,-4.157855
0.890750,-3.260644
0.891250,-2.915201
0.891750,-3.443867
0.892250,-3.655299
0.892750,-4.026323
0.893250,-3.707101
0.893750,-2.705207
0.894250,-3.123699
0.894750,-2.465689
0.895250,-2.003018
0.895750,-2.534562
0.896250,-2.736620
0.896750,-4.262119
0.897250,-2.861260
0.897750,-2.933575
0.898250,-2.874811
0.898750,-2.554996
0.899250,-2.960704
0.899750,-3.069698
0.900250,-4.327350
0.900750,-2.675047
0.901250,-2.886577
0.901750,-3.880279
0.902250,-3.541665
0.902750,-2.306557
0.903250,-2.558432
0.903750,-3.978075
0.904250,-2.906305
0.904750,-3.682908
0.905250,-3.302541
0.905750,-3.592501
0.906250,-3.490304
0.906750,-3.175585
0.907250,-2.727751
0.907750,-2.020015
0.908250,-3.428750
0.908750,-2.491457
0.909250,-4.714454
0.909750,-2.385878
0.910250,-3.350944
0.910750,-1.801597
0.911250,-1.863930
0.911750,-1.793617
0.912250,-3.271099
0.912750,-2.938867
0.913250,-1.525882
0.913750,-1.681696
0.914250,-1.435569
0.914750,-1.372655
0.915250,-2.386690
0.915750,-2.957437
0.916250,-2.568684
0.916750,-2.569618
0.917250,-1.087545
0.917750,-2.750792
0.918250,-1.678138
0.918750,-1.884909
0.919250,-2.607737
0.919750,-2.001201
0.920250,-1.190358
0.920750,-2.355317
0.921250,-2.730144
0.921750,-1.349800
0.922250,-0.995249
0.922750,-1.076266
0.923250,-0.882766
0.923750,-1.676529
0.924250,-1.606601
0.924750,-1.533804
0.925250,-1.215974
0.925750,-2.195903
0.926250,-1.262828
0.926750,-0.458943
0.927250,-1.085081
0.927750,-0.622162
0.928250,-0.389297
0.928750,-2.092365
0.929250,-1.558373
0.929750,-2.412706
0.930250,-0.861609
0.930750,-1.042537
0.931250,-2.295041
0.931750,-1.833071
0.932250,-2.293076
0.932750,-1.349128
0.933250,-2.575941
0.933750,-2.168589
0.934250,-2.572277
0.934750,-1.423045
0.935250,-2.495633
0.935750,-3.208493
0.936250,-3.141075
0.936750,-3.546922
0.937250,-2.393674
0.937750,-2.127250
0.938250,-2.610271
0.938750,-2.620396
0.939250,-2.492121
0.939750,-2.678665
0.940250,-1.605769
0.940750,-2.752737
0.941250,-2.464084
0.941750,-1.826094
0.942250,-1.752800
0.942750,-1.655764
0.943250,-2.408298
0.943750,-1.368756
0.944250,-3.263607
0.944750,-3.068049
0.945250,-3.281747
0.945750,-2.569973
0.946250,-2.951960
0.946750,-2.469060
0.947250,-2.457769
0.947750,-2.029393
0.948250,-1.801398
0.948750,-2.393254
0.949250,-3.131907
0.949750,-2.411607
0.950250,-2.491073
0.950750,-2.058565
0.951250,-1.900537
0.951750,-2.274606
0.952250,-1.384606
0.952750,-2.295340
0.953250,-1.969172
0.953750,-2.007677
0.954250,-1.713756
0.954750,-2.324879
0.955250,-2.075651
0.955750,-1.462242
0.956250,-3.075481
0.956750,-2.181024
0.957250,-2.566691
0.957750,-1.190282
0.958250,-1.846279
0.958750,-2.669826
0.959250,-2.019271
0.959750,-1.785888
0.960250,-1.965331
0.960750,-3.102876
0.961250,-1.333209
0.961750,-2.957900
0.962250,-2.803056
0.962750,-1.777292
0.963250,-2.406369
0.963750,-1.758084
0.964250,-1.436161
0.964750,-3.008336
0.965250,-2.422856
0.965750,-1.165642
0.966250,-2.914566
0.966750,-2.059232
0.967250,-2.377249
0.967750,-2.123294
0.968250,-3.108788
0.968750,-4.031075
0.969250,-2.147431
0.969750,-1.422493
0.970250,-2.682304
0.970750,-3.321525
0.971250,-2.798784
0.971750,-2.555755
0.972250,-2.209869
0.972750,-2.074338
0.973250,-3.828060
0.973750,-3.547044
0.974250,-2.786549
0.974750,-2.231152
0.975250,-2.590354
0.975750,-3.237807
0.976250,-2.909016
0.976750,-2.711243
0.977250,-2.147199
0.977750,-3.151706
0.978250,-3.362405
0.978750,-3.160429
0.979250,-3.268521
0.979750,-3.135724
0.980250,-3.829122
0.980750,-3.656436
0.981250,-2.918476
0.981750,-2.427925
0.982250,-2.819538
0.982750,-3.272120
0.983250,-2.458540
0.983750,-2.710105
0.984250,-2.604840
0.984750,-1.754106
0.985250,-3.775305
0.985750,-2.107746
0.986250,-2.627751
0.986750,-1.782141
0.987250,-3.012505
0.987750,-3.038872
0.988250,-1.837455
0.988750,-1.380821
0.989250,-1.721193
0.989750,-1.905640
0.990250,-2.933297
0.990750,-3.178177
0.991250,-1.445216
0.991750,-1.807722
0.992250,-3.288372
0.992750,-3.455736
0.993250,-2.879728
0.993750,-1.923279
0.994250,-3.249477
0.994750,-1.836417
0.995250,-2.974141
0.995750,-1.891392
0.996250,-2.333017
0.996750,-1.655959
0.997250,-3.046134
0.997750,-3.215349
0.998250,-2.523370
0.998750,-1.297571
0.999250,-2.787741
0.999750,-1.411136
