0.000250,0.097274
0.000750,0.095932
0.001250,0.126898
0.001750,-0.012359
0.002250,0.011752
0.002750,0.146943
0.003250,0.181219
0.003750,0.184015
0.004250,0.307578
0.004750,0.512355
0.005250,0.622301
0.005750,0.587610
0.006250,0.529116
0.006750,0.501955
0.007250,0.583976
0.007750,0.629654
0.008250,0.640134
0.008750,0.552873
0.009250,0.427916
0.009750,0.357043
0.010250,0.369117
0.010750,0.468454
0.011250,0.585065
0.011750,0.662350
0.012250,0.691167
0.012750,0.677480
0.013250,0.653405
0.013750,0.687087
0.014250,0.769493
0.014750,0.891959
0.015250,1.040687
0.015750,1.171573
0.016250,1.233585
0.016750,1.251794
0.017250,1.200526
0.017750,1.140256
0.018250,1.075010
0.018750,1.064382
0.019250,1.066197
0.019750,1.110610
0.020250,1.171341
0.020750,1.213562
0.021250,1.208585
0.021750,1.145401
0.022250,1.046455
0.022750,0.936413
0.023250,0.868778
0.023750,0.780210
0.024250,0.780734
0.024750,0.800244
0.025250,0.849897
0.025750,0.939008
0.026250,1.063018
0.026750,1.061737
0.027250,1.118327
0.027750,1.122443
0.028250,1.092087
0.028750,1.059217
0.029250,1.046972
0.029750,1.060932
0.030250,1.071301
0.030750,1.142888
0.031250,1.289201
0.031750,1.352040
0.032250,1.432950
0.032750,1.601777
0.033250,1.614556
0.033750,1.616357
0.034250,1.631246
0.034750,1.593785
0.035250,1.466014
0.035750,1.458836
0.036250,1.375840
0.036750,1.329793
0.037250,1.335485
0.037750,1.278008
0.038250,1.360999
0.038750,1.407377
0.039250,1.392558
0.039750,1.444043
0.040250,1.363093
0.040750,1.416378
0.041250,1.306872
0.041750,1.193509
0.042250,1.143504
0.042750,1.002474
0.043250,0.936767
0.043750,0.848694
0.044250,0.773443
0.044750,0.807708
0.045250,0.760270
0.045750,0.883841
0.046250,0.852040
0.046750,0.955453
0.047250,1.038719
0.047750,1.011099
0.048250,1.101542
0.048750,1.057087
0.049250,1.107077
0.049750,0.992243
0.050250,1.044310
0.050750,0.925809
0.051250,0.964806
0.051750,0.922797
0.052250,0.884478
0.052750,0.967748
0.053250,0.991824
0.053750,1.116171
0.054250,1.098082
0.054750,1.245084
0.055250,1.285543
0.055750,1.415044
0.056250,1.424595
0.056750,1.490622
0.057250,1.418823
0.057750,1.451755
0.058250,1.403350
0.058750,1.361725
0.059250,1.199776
0.059750,1.211841
0.060250,1.094535
0.060750,1.056797
0.061250,1.021466
0.061750,1.001072
0.062250,0.950345
0.062750,1.034387
0.063250,0.982958
0.063750,1.047226
0.064250,1.022102
0.064750,1.049568
0.065250,1.027600
0.065750,0.994887
0.066250,0.989485
0.066750,0.886661
0.067250,0.836843
0.067750,0.679871
0.068250,0.611368
0.068750,0.508283
0.069250,0.460038
0.069750,0.296987
0.070250,0.269437
0.070750,0.203285
0.071250,0.205624
0.071750,0.171376
0.072250,0.227675
0.072750,0.203356
0.073250,0.244495
0.073750,0.379499
0.074250,0.310114
0.074750,0.436547
0.075250,0.383884
0.075750,0.438166
0.076250,0.452984
0.076750,0.425596
0.077250,0.397865
0.077750,0.304725
0.078250,0.339804
0.078750,0.253084
0.079250,0.255912
0.079750,0.156689
0.080250,0.214964
0.080750,0.147704
0.081250,0.174150
0.081750,0.278830
0.082250,0.249682
0.082750,0.368845
0.083250,0.352324
0.083750,0.484615
0.084250,0.542053
0.084750,0.558947
0.085250,0.698655
0.085750,0.634146
0.086250,0.734404
0.086750,0.712333
0.087250,0.620559
0.087750,0.679647
0.088250,0.544242
0.088750,0.561322
0.089250,0.450724
0.089750,0.372449
0.090250,0.361164
0.090750,0.167742
0.091250,0.223056
0.091750,0.115339
0.092250,0.136643
0.092750,0.128923
0.093250,0.055148
0.093750,0.126540
0.094250,0.072273
0.094750,0.103821
0.095250,0.183487
0.095750,0.076032
0.096250,0.168104
0.096750,0.101976
0.097250,0.099837
0.097750,0.056606
0.098250,-0.044577
0.098750,-0.062936
0.099250,-0.190423
0.099750,-0.286949
0.100250,-0.300819
0.100750,-0.495225
0.101250,-0.551215
0.101750,-0.604957
0.102250,-0.762613
0.102750,-0.734549
0.103250,-0.848474
0.103750,-0.854381
0.104250,-0.835920
0.104750,-0.938107
0.105250,-0.854127
0.105750,-0.758899
0.106250,-0.884485
0.106750,-0.737331
0.107250,-0.728728
0.107750,-0.722556
0.108250,-0.613641
0.108750,-0.645822
0.109250,-0.618991
0.109750,-0.617618
0.110250,-0.683850
0.110750,-0.606792
0.111250,-0.622302
0.111750,-0.772931
0.112250,-0.715363
0.112750,-0.827609
0.113250,-0.881943
0.113750,-0.796554
0.114250,-0.936737
0.114750,-0.881050
0.115250,-0.865053
0.115750,-0.977008
0.116250,-0.853907
0.116750,-0.852110
0.117250,-0.877725
0.117750,-0.686797
0.118250,-0.714907
0.118750,-0.660759
0.119250,-0.524530
0.119750,-0.508751
0.120250,-0.477904
0.120750,-0.327351
0.121250,-0.443735
0.121750,-0.344438
0.122250,-0.353667
0.122750,-0.344290
0.123250,-0.331670
0.123750,-0.369132
0.124250,-0.540195
0.124750,-0.505897
0.125250,-0.530414
0.125750,-0.671535
0.126250,-0.711233
0.126750,-0.699015
0.127250,-0.864560
0.127750,-0.837425
0.128250,-0.886264
0.128750,-1.051753
0.129250,-0.900127
0.129750,-0.967352
0.130250,-0.992835
0.130750,-0.971650
0.131250,-0.947614
0.131750,-1.016929
0.132250,-0.907203
0.132750,-0.886614
0.133250,-0.996036
0.133750,-0.845779
0.134250,-0.898467
0.134750,-1.052499
0.135250,-0.958957
0.135750,-0.959957
0.136250,-1.133718
0.136750,-1.110351
0.137250,-1.184487
0.137750,-1.333547
0.138250,-1.317235
0.138750,-1.438403
0.139250,-1.622251
0.139750,-1.633595
0.140250,-1.612089
0.140750,-1.853723
0.141250,-1.848514
0.141750,-1.784804
0.142250,-1.989397
0.142750,-1.939700
0.143250,-1.911542
0.143750,-1.960777
0.144250,-1.898091
0.144750,-1.865699
0.145250,-1.915139
0.145750,-1.861997
0.146250,-1.726833
0.146750,-1.773834
0.147250,-1.707926
0.147750,-1.612210
0.148250,-1.675057
0.148750,-1.704484
0.149250,-1.498664
0.149750,-1.577149
0.150250,-1.670591
0.150750,-1.606674
0.151250,-1.648260
0.151750,-1.694352
0.152250,-1.678543
0.152750,-1.638491
0.153250,-1.818751
0.153750,-1.844975
0.154250,-1.773299
0.154750,-1.861111
0.155250,-1.879905
0.155750,-1.781339
0.156250,-1.837078
0.156750,-1.878563
0.157250,-1.794911
0.157750,-1.721560
0.158250,-1.776688
0.158750,-1.643088
0.159250,-1.566352
0.159750,-1.647488
0.160250,-1.511037
0.160750,-1.300624
0.161250,-1.348927
0.161750,-1.384137
0.162250,-1.173723
0.162750,-1.187091
0.163250,-1.183040
0.163750,-1.156483
0.164250,-1.090176
0.164750,-1.163621
0.165250,-1.167286
0.165750,-1.105239
0.166250,-1.240950
0.166750,-1.273205
0.167250,-1.190316
0.167750,-1.326059
0.168250,-1.499918
0.168750,-1.456969
0.169250,-1.386995
0.169750,-1.574692
0.170250,-1.620944
0.170750,-1.557918
0.171250,-1.632535
0.171750,-1.734934
0.172250,-1.721009
0.172750,-1.616995
0.173250,-1.743925
0.173750,-1.671338
0.174250,-1.628268
0.174750,-1.628119
0.175250,-1.682807
0.175750,-1.563706
0.176250,-1.609037
0.176750,-1.670430
0.177250,-1.551676
0.177750,-1.430464
0.178250,-1.556797
0.178750,-1.667826
0.179250,-1.500326
0.179750,-1.631546
0.180250,-1.759795
0.180750,-1.728515
0.181250,-1.684899
0.181750,-1.878188
0.182250,-1.934130
0.182750,-1.931029
0.183250,-1.960604
0.183750,-2.202362
0.184250,-2.217327
0.184750,-2.244882
0.185250,-2.335991
0.185750,-2.424667
0.186250,-2.339560
0.186750,-2.350055
0.187250,-2.520463
0.187750,-2.548285
0.188250,-2.422083
0.188750,-2.459128
0.189250,-2.480514
0.189750,-2.359338
0.190250,-2.378151
0.190750,-2.429256
0.191250,-2.330707
0.191750,-2.185372
0.192250,-2.148898
0.192750,-2.308676
0.193250,-2.123790
0.193750,-2.011474
0.194250,-2.063202
0.194750,-2.066870
0.195250,-1.958206
0.195750,-1.946579
0.196250,-2.055564
0.196750,-2.000610
0.197250,-1.923666
0.197750,-1.921877
0.198250,-2.104766
0.198750,-2.080116
0.199250,-2.019115
0.199750,-2.077905
0.200250,-2.103123
0.200750,-2.081706
0.201250,-2.096353
0.201750,-2.242835
0.202250,-2.140701
0.202750,-2.052098
0.203250,-2.157532
0.203750,-2.166020
0.204250,-2.026069
0.204750,-1.930860
0.205250,-1.995759
0.205750,-1.979095
0.206250,-1.828966
0.206750,-1.731917
0.207250,-1.765847
0.207750,-1.653899
0.208250,-1.507177
0.208750,-1.512823
0.209250,-1.504886
0.209750,-1.382905
0.210250,-1.249792
0.210750,-1.255711
0.211250,-1.349715
0.211750,-1.221399
0.212250,-1.126388
0.212750,-1.181068
0.213250,-1.203817
0.213750,-1.166729
0.214250,-1.108006
0.214750,-1.251775
0.215250,-1.358772
0.215750,-1.249329
0.216250,-1.256035
0.216750,-1.459054
0.217250,-1.433486
0.217750,-1.374542
0.218250,-1.457806
0.218750,-1.609037
0.219250,-1.584914
0.219750,-1.474063
0.220250,-1.575620
0.220750,-1.689019
0.221250,-1.660658
0.221750,-1.524448
0.222250,-1.604940
0.222750,-1.632388
0.223250,-1.542176
0.223750,-1.493159
0.224250,-1.553639
0.224750,-1.532257
0.225250,-1.509388
0.225750,-1.423947
0.226250,-1.463866
0.226750,-1.421745
0.227250,-1.308671
0.227750,-1.266804
0.228250,-1.412550
0.228750,-1.440538
0.229250,-1.341669
0.229750,-1.354170
0.230250,-1.459234
0.230750,-1.549215
0.231250,-1.486325
0.231750,-1.423356
0.232250,-1.607670
0.232750,-1.679100
0.233250,-1.684168
0.233750,-1.717122
0.234250,-1.852113
0.234750,-1.955468
0.235250,-1.863635
0.235750,-1.988978
0.236250,-2.089217
0.236750,-2.089317
0.237250,-2.134264
0.237750,-2.060137
0.238250,-2.177063
0.238750,-2.156984
0.239250,-2.140254
0.239750,-2.103772
0.240250,-2.109161
0.240750,-2.121119
0.241250,-2.127518
0.241750,-1.928017
0.242250,-1.944077
0.242750,-2.026673
0.243250,-1.882394
0.243750,-1.766592
0.244250,-1.800265
0.244750,-1.746492
0.245250,-1.594509
0.245750,-1.531809
0.246250,-1.602396
0.246750,-1.656341
0.247250,-1.457724
0.247750,-1.470786
0.248250,-1.526661
0.248750,-1.578468
0.249250,-1.451748
0.249750,-1.390769
0.250250,-1.391301
0.250750,-1.524907
0.251250,-1.541660
0.251750,-1.444257
0.252250,-1.493294
0.252750,-1.567306
0.253250,-1.575848
0.253750,-1.460825
0.254250,-1.493276
0.254750,-1.601909
0.255250,-1.585029
0.255750,-1.465114
0.256250,-1.508617
0.256750,-1.554909
0.257250,-1.444612
0.257750,-1.253691
0.258250,-1.290545
0.258750,-1.408562
0.259250,-1.319542
0.259750,-1.136808
0.260250,-1.109798
0.260750,-1.043997
0.261250,-0.974479
0.261750,-0.875719
0.262250,-0.711349
0.262750,-0.730893
0.263250,-0.748231
0.263750,-0.641605
0.264250,-0.421945
0.264750,-0.444729
0.265250,-0.581584
0.265750,-0.455075
0.266250,-0.318944
0.266750,-0.309796
0.267250,-0.408523
0.267750,-0.365844
0.268250,-0.247316
0.268750,-0.305503
0.269250,-0.383827
0.269750,-0.421022
0.270250,-0.471323
0.270750,-0.347113
0.271250,-0.466456
0.271750,-0.552511
0.272250,-0.590737
0.272750,-0.465767
0.273250,-0.582190
0.273750,-0.684682
0.274250,-0.616335
0.274750,-0.620021
0.275250,-0.638457
0.275750,-0.726741
0.276250,-0.750569
0.276750,-0.703895
0.277250,-0.581168
0.277750,-0.666300
0.278250,-0.768376
0.278750,-0.620141
0.279250,-0.529884
0.279750,-0.487888
0.280250,-0.633786
0.280750,-0.518550
0.281250,-0.406307
0.281750,-0.376589
0.282250,-0.416292
0.282750,-0.457294
0.283250,-0.390204
0.283750,-0.264759
0.284250,-0.294992
0.284750,-0.482582
0.285250,-0.322705
0.285750,-0.195506
0.286250,-0.330700
0.286750,-0.457300
0.287250,-0.417927
0.287750,-0.388489
0.288250,-0.368914
0.288750,-0.494567
0.289250,-0.640992
0.289750,-0.648852
0.290250,-0.614644
0.290750,-0.732799
0.291250,-0.770343
0.291750,-0.805640
0.292250,-0.775270
0.292750,-0.811496
0.293250,-0.986068
0.293750,-1.063735
0.294250,-1.114034
0.294750,-0.940455
0.295250,-0.915171
0.295750,-0.996549
0.296250,-1.107783
0.296750,-1.071168
0.297250,-0.996280
0.297750,-1.030576
0.298250,-0.983049
0.298750,-0.913795
0.299250,-0.750835
0.299750,-0.779387
0.300250,-0.939552
0.300750,-0.885298
0.301250,-0.592796
0.301750,-0.498833
0.302250,-0.597209
0.302750,-0.565085
0.303250,-0.495842
0.303750,-0.353892
0.304250,-0.351784
0.304750,-0.427159
0.305250,-0.379560
0.305750,-0.307013
0.306250,-0.200230
0.306750,-0.237895
0.307250,-0.288880
0.307750,-0.214350
0.308250,-0.106562
0.308750,-0.147521
0.309250,-0.291712
0.309750,-0.241498
0.310250,-0.284292
0.310750,-0.159099
0.311250,-0.206818
0.311750,-0.366500
0.312250,-0.323197
0.312750,-0.209337
0.313250,-0.215035
0.313750,-0.268605
0.314250,-0.259123
0.314750,-0.232408
0.315250,-0.216305
0.315750,-0.203685
0.316250,-0.272174
0.316750,-0.189650
0.317250,-0.032931
0.317750,0.101327
0.318250,0.046462
0.318750,0.021725
0.319250,0.102732
0.319750,0.246089
0.320250,0.219536
0.320750,0.257564
0.321250,0.426159
0.321750,0.500682
0.322250,0.660329
0.322750,0.697349
0.323250,0.627197
0.323750,0.754268
0.324250,0.896596
0.324750,0.908721
0.325250,0.896483
0.325750,0.855335
0.326250,0.952472
0.326750,1.124017
0.327250,1.056105
0.327750,1.136439
0.328250,1.029078
0.328750,1.088497
0.329250,1.155596
0.329750,1.114239
0.330250,0.918971
0.330750,0.975404
0.331250,1.087796
0.331750,1.106004
0.332250,0.972696
0.332750,0.771709
0.333250,0.884230
0.333750,1.016839
0.334250,0.818801
0.334750,0.790372
0.335250,0.738073
0.335750,0.629286
0.336250,0.843827
0.336750,0.892433
0.337250,0.706931
0.337750,0.662975
0.338250,0.715882
0.338750,0.875855
0.339250,0.818955
0.339750,0.700356
0.340250,0.750202
0.340750,0.833047
0.341250,0.956759
0.341750,0.922223
0.342250,0.787709
0.342750,0.957200
0.343250,1.047178
0.343750,1.070219
0.344250,1.077974
0.344750,0.969582
0.345250,1.018010
0.345750,1.107383
0.346250,1.244858
0.346750,1.121126
0.347250,1.033289
0.347750,1.130970
0.348250,1.220560
0.348750,1.219955
0.349250,1.017778
0.349750,0.918653
0.350250,1.006134
0.350750,1.122934
0.351250,0.987886
0.351750,0.894560
0.352250,0.816266
0.352750,0.887234
0.353250,0.956941
0.353750,0.766359
0.354250,0.539174
0.354750,0.577805
0.355250,0.576477
0.355750,0.610644
0.356250,0.500800
0.356750,0.378645
0.357250,0.493307
0.357750,0.449837
0.358250,0.550743
0.358750,0.427366
0.359250,0.213830
0.359750,0.289081
0.360250,0.442004
0.360750,0.496519
0.361250,0.445836
0.361750,0.379770
0.362250,0.412198
0.362750,0.527795
0.363250,0.662162
0.363750,0.588562
0.364250,0.497517
0.364750,0.684812
0.365250,0.853799
0.365750,0.826559
0.366250,0.859325
0.366750,0.712368
0.367250,0.877029
0.367750,1.021526
0.368250,1.075484
0.368750,1.058243
0.369250,1.035852
0.369750,0.999240
0.370250,1.183290
0.370750,1.275242
0.371250,1.219798
0.371750,1.130842
0.372250,1.111914
0.372750,1.332934
0.373250,1.320332
0.373750,1.225979
0.374250,1.095316
0.374750,1.145452
0.375250,1.277261
0.375750,1.255126
0.376250,1.159308
0.376750,0.935897
0.377250,1.067457
0.377750,1.167613
0.378250,1.218073
0.378750,1.218112
0.379250,1.120606
0.379750,1.144467
0.380250,1.136930
0.380750,1.250881
0.381250,1.226946
0.381750,1.074397
0.382250,1.196885
0.382750,1.262582
0.383250,1.365456
0.383750,1.441783
0.384250,1.389460
0.384750,1.410412
0.385250,1.499789
0.385750,1.719360
0.386250,1.817652
0.386750,1.638019
0.387250,1.647803
0.387750,1.938703
0.388250,2.027912
0.388750,1.994777
0.389250,2.013850
0.389750,2.043582
0.390250,2.090146
0.390750,2.276088
0.391250,2.357761
0.391750,2.349501
0.392250,2.239360
0.392750,2.336426
0.393250,2.537749
0.393750,2.492236
0.394250,2.412362
0.394750,2.346307
0.395250,2.413740
0.395750,2.556248
0.396250,2.514107
0.396750,2.388107
0.397250,2.267723
0.397750,2.357365
0.398250,2.455575
0.398750,2.488046
0.399250,2.276544
0.399750,2.108930
0.400250,2.120647
0.400750,2.203459
0.401250,2.332168
0.401750,2.128975
0.402250,2.078242
0.402750,2.048743
0.403250,2.056819
0.403750,2.191567
0.404250,2.108680
0.404750,1.971359
0.405250,1.885583
0.405750,1.914012
0.406250,2.102987
0.406750,2.124269
0.407250,2.024070
0.407750,1.946990
0.408250,1.992559
0.408750,2.156619
0.409250,2.200709
0.409750,2.202571
0.410250,2.082359
0.410750,2.164356
0.411250,2.138052
0.411750,2.272605
0.412250,2.305673
0.412750,2.152691
0.413250,2.188297
0.413750,2.323125
0.414250,2.458358
0.414750,2.414648
0.415250,2.357724
0.415750,2.232762
0.416250,2.290999
0.416750,2.368391
0.417250,2.350934
0.417750,2.262626
0.418250,2.134465
0.418750,2.166001
0.419250,2.250122
0.419750,2.299263
0.420250,2.093532
0.420750,2.027960
0.421250,2.012288
0.421750,1.970278
0.422250,2.074243
0.422750,1.907784
0.423250,1.687681
0.423750,1.615519
0.424250,1.644210
0.424750,1.721409
0.425250,1.675928
0.425750,1.585384
0.426250,1.440507
0.426750,1.495142
0.427250,1.546472
0.427750,1.641303
0.428250,1.495825
0.428750,1.360993
0.429250,1.297517
0.429750,1.315342
0.430250,1.441092
0.430750,1.397541
0.431250,1.416184
0.431750,1.441004
0.432250,1.380495
0.432750,1.578435
0.433250,1.588295
0.433750,1.696541
0.434250,1.625168
0.434750,1.595569
0.435250,1.641869
0.435750,1.822429
0.436250,1.782082
0.436750,1.796164
0.437250,1.666879
0.437750,1.831386
0.438250,2.013331
0.438750,2.027263
0.439250,2.018480
0.439750,1.956757
0.440250,2.030983
0.440750,2.073137
0.441250,2.199734
0.441750,2.208200
0.442250,2.083387
0.442750,2.027444
0.443250,2.016462
0.443750,2.173024
0.444250,2.112927
0.444750,2.193880
0.445250,2.011223
0.445750,1.960068
0.446250,2.016479
0.446750,2.179408
0.447250,2.177219
0.447750,1.905790
0.448250,1.957571
0.448750,1.923247
0.449250,2.091354
0.449750,1.914396
0.450250,2.054357
0.450750,1.858030
0.451250,1.895474
0.451750,1.980575
0.452250,2.058587
0.452750,2.044480
0.453250,1.980543
0.453750,1.835641
0.454250,1.949169
0.454750,2.174831
0.455250,2.170274
0.455750,2.189196
0.456250,2.097234
0.456750,2.161386
0.457250,2.289934
0.457750,2.443651
0.458250,2.380455
0.458750,2.436471
0.459250,2.376274
0.459750,2.556671
0.460250,2.674073
0.460750,2.775035
0.461250,2.800219
0.461750,2.697571
0.462250,2.801814
0.462750,2.813590
0.463250,3.002385
0.463750,2.923231
0.464250,3.024396
0.464750,2.931485
0.465250,2.997824
0.465750,3.103396
0.466250,3.157984
0.466750,3.181170
0.467250,3.048480
0.467750,3.043252
0.468250,3.126076
0.468750,3.152932
0.469250,3.173842
0.469750,3.050103
0.470250,2.895408
0.470750,2.837806
0.471250,2.907090
0.471750,3.071217
0.472250,2.981437
0.472750,2.850547
0.473250,2.685378
0.473750,2.762542
0.474250,2.773984
0.474750,2.835913
0.475250,2.693886
0.475750,2.629672
0.476250,2.628605
0.476750,2.551545
0.477250,2.642331
0.477750,2.518358
0.478250,2.504120
0.478750,2.390272
0.479250,2.434061
0.479750,2.526191
0.480250,2.481810
0.480750,2.489225
0.481250,2.466587
0.481750,2.435687
0.482250,2.510396
0.482750,2.531433
0.483250,2.639815
0.483750,2.637345
0.484250,2.568697
0.484750,2.474900
0.485250,2.515958
0.485750,2.610648
0.486250,2.570119
0.486750,2.634309
0.487250,2.549681
0.487750,2.595646
0.488250,2.600933
0.488750,2.841159
0.489250,2.777441
0.489750,2.714156
0.490250,2.575813
0.490750,2.738489
0.491250,2.621867
0.491750,2.708894
0.492250,2.634220
0.492750,2.500578
0.493250,2.336503
0.493750,2.478987
0.494250,2.519908
0.494750,2.442306
0.495250,2.404296
0.495750,2.315364
0.496250,2.200147
0.496750,2.167557
0.497250,2.260225
0.497750,2.194288
0.498250,2.105597
0.498750,1.833017
0.499250,1.833736
0.499750,1.827693
0.500250,1.944838
0.500750,1.882301
0.501250,1.794067
0.501750,1.606545
0.502250,1.593829
0.502750,1.611004
0.503250,1.624929
0.503750,1.617938
0.504250,1.419906
0.504750,1.322405
0.505250,1.481249
0.505750,1.426650
0.506250,1.562255
0.506750,1.626117
0.507250,1.592403
0.507750,1.388868
0.508250,1.366900
0.508750,1.501279
0.509250,1.723683
0.509750,1.657892
0.510250,1.545480
0.510750,1.470152
0.511250,1.603565
0.511750,1.587627
0.512250,1.835687
0.512750,1.755239
0.513250,1.786256
0.513750,1.750021
0.514250,1.896688
0.514750,2.061493
0.515250,2.029610
0.515750,2.008029
0.516250,1.901493
0.516750,1.749456
0.517250,1.907612
0.517750,2.068933
0.518250,2.151042
0.518750,2.060875
0.519250,1.940527
0.519750,1.856631
0.520250,1.893114
0.520750,2.057813
0.521250,2.103253
0.521750,2.065437
0.522250,1.991570
0.522750,1.849496
0.523250,1.908002
0.523750,1.973415
0.524250,1.880394
0.524750,1.827733
0.525250,1.774879
0.525750,1.740752
0.526250,1.787113
0.526750,1.801672
0.527250,1.846017
0.527750,1.745937
0.528250,1.608922
0.528750,1.663468
0.529250,1.602566
0.529750,1.836236
0.530250,1.848895
0.530750,1.837288
0.531250,1.692695
0.531750,1.642319
0.532250,1.655491
0.532750,1.737084
0.533250,1.781127
0.533750,1.898045
0.534250,1.911471
0.534750,1.840689
0.535250,1.951759
0.535750,1.993910
0.536250,2.065416
0.536750,2.183786
0.537250,2.048253
0.537750,2.080109
0.538250,2.153100
0.538750,2.299337
0.539250,2.460553
0.539750,2.429458
0.540250,2.292389
0.540750,2.447169
0.541250,2.443121
0.541750,2.528962
0.542250,2.693951
0.542750,2.608661
0.543250,2.578894
0.543750,2.589345
0.544250,2.596288
0.544750,2.723413
0.545250,2.687164
0.545750,2.681109
0.546250,2.603354
0.546750,2.538948
0.547250,2.660083
0.547750,2.613450
0.548250,2.808454
0.548750,2.676660
0.549250,2.544406
0.549750,2.342335
0.550250,2.405699
0.550750,2.503676
0.551250,2.630668
0.551750,2.457854
0.552250,2.259684
0.552750,2.190270
0.553250,2.167500
0.553750,2.183917
0.554250,2.192650
0.554750,2.142701
0.555250,2.118812
0.555750,1.962541
0.556250,2.064252
0.556750,1.910840
0.557250,2.069601
0.557750,1.966472
0.558250,1.934352
0.558750,1.711304
0.559250,1.846605
0.559750,1.786775
0.560250,2.033480
0.560750,1.907868
0.561250,1.814756
0.561750,1.741986
0.562250,1.706634
0.562750,1.761089
0.563250,1.883757
0.563750,1.921975
0.564250,1.917101
0.564750,1.706896
0.565250,1.802224
0.565750,1.803485
0.566250,1.951951
0.566750,2.068478
0.567250,2.039746
0.567750,1.874669
0.568250,1.849027
0.568750,1.862715
0.569250,1.871461
0.569750,2.009868
0.570250,1.868811
0.570750,1.943368
0.571250,1.796773
0.571750,1.810723
0.572250,1.852290
0.572750,1.954049
0.573250,1.731828
0.573750,1.826728
0.574250,1.656679
0.574750,1.694197
0.575250,1.750659
0.575750,1.739726
0.576250,1.602280
0.576750,1.531700
0.577250,1.300144
0.577750,1.393478
0.578250,1.231931
0.578750,1.241865
0.579250,1.259102
0.579750,1.232938
0.580250,1.031598
0.580750,0.903915
0.581250,0.930345
0.581750,0.959039
0.582250,1.038569
0.582750,0.841755
0.583250,0.774259
0.583750,0.559968
0.584250,0.536917
0.584750,0.628304
0.585250,0.702853
0.585750,0.579410
0.586250,0.559490
0.586750,0.387326
0.587250,0.397065
0.587750,0.303524
0.588250,0.689283
0.588750,0.559672
0.589250,0.490524
0.589750,0.361887
0.590250,0.322517
0.590750,0.364795
0.591250,0.530310
0.591750,0.645646
0.592250,0.563790
0.592750,0.480132
0.593250,0.435305
0.593750,0.510936
0.594250,0.599254
0.594750,0.805079
0.595250,0.794900
0.595750,0.838233
0.596250,0.574009
0.596750,0.622394
0.597250,0.734989
0.597750,0.827447
0.598250,0.821961
0.598750,0.834581
0.599250,0.712824
0.599750,0.714608
0.600250,0.826244
0.600750,0.825276
0.601250,0.997972
0.601750,0.947009
0.602250,1.006047
0.602750,0.802978
0.603250,0.826349
0.603750,0.895831
0.604250,0.996243
0.604750,0.888234
0.605250,0.859309
0.605750,0.570021
0.606250,0.536527
0.606750,0.525723
0.607250,0.690129
0.607750,0.858870
0.608250,0.690860
0.608750,0.553007
0.609250,0.546955
0.609750,0.583254
0.610250,0.578062
0.610750,0.632044
0.611250,0.470374
0.611750,0.506233
0.612250,0.406708
0.612750,0.457265
0.613250,0.340180
0.613750,0.478442
0.614250,0.435335
0.614750,0.517643
0.615250,0.444588
0.615750,0.436529
0.616250,0.410477
0.616750,0.361653
0.617250,0.621647
0.617750,0.526426
0.618250,0.594625
0.618750,0.465721
0.619250,0.466493
0.619750,0.600103
0.620250,0.726743
0.620750,0.792279
0.621250,0.894054
0.621750,0.807125
0.622250,0.821115
0.622750,0.928670
0.623250,0.840572
0.623750,1.060671
0.624250,0.946092
0.624750,1.092278
0.625250,0.926664
0.625750,1.049081
0.626250,1.011316
0.626750,1.322205
0.627250,1.252329
0.627750,1.242159
0.628250,1.285347
0.628750,1.263949
0.629250,1.241526
0.629750,1.341725
0.630250,1.412056
0.630750,1.292839
0.631250,1.336452
0.631750,1.082656
0.632250,1.155526
0.632750,1.156290
0.633250,1.378372
0.633750,1.414175
0.634250,1.223523
0.634750,1.077714
0.635250,0.977104
0.635750,1.041233
0.636250,1.011018
0.636750,1.077535
0.637250,1.052195
0.637750,0.963449
0.638250,0.693814
0.638750,0.738299
0.639250,0.716513
0.639750,0.844417
0.640250,0.821770
0.640750,0.661832
0.641250,0.647283
0.641750,0.402261
0.642250,0.387923
0.642750,0.460984
0.643250,0.663562
0.643750,0.609124
0.644250,0.502986
0.644750,0.254281
0.645250,0.258615
0.645750,0.272738
0.646250,0.329934
0.646750,0.485667
0.647250,0.298384
0.647750,0.330234
0.648250,0.120767
0.648750,0.224621
0.649250,0.171510
0.649750,0.386725
0.650250,0.426823
0.650750,0.442204
0.651250,0.326819
0.651750,0.218048
0.652250,0.283310
0.652750,0.238994
0.653250,0.521981
0.653750,0.353573
0.654250,0.456895
0.654750,0.212472
0.655250,0.238603
0.655750,0.353586
0.656250,0.470261
0.656750,0.465591
0.657250,0.374227
0.657750,0.324906
0.658250,0.219581
0.658750,0.335695
0.659250,0.181143
0.659750,0.289627
0.660250,0.330037
0.660750,0.219474
0.661250,0.180120
0.661750,-0.016402
0.662250,0.028414
0.662750,0.064971
0.663250,0.096222
0.663750,-0.085193
0.664250,-0.087723
0.664750,-0.184210
0.665250,-0.243276
0.665750,-0.351174
0.666250,-0.358654
0.666750,-0.384305
0.667250,-0.396946
0.667750,-0.497454
0.668250,-0.855109
0.668750,-0.727249
0.669250,-0.688485
0.669750,-0.659563
0.670250,-0.718651
0.670750,-0.810762
0.671250,-0.918282
0.671750,-1.083541
0.672250,-1.093455
0.672750,-1.076951
0.673250,-0.993582
0.673750,-1.081794
0.674250,-1.082747
0.674750,-1.260079
0.675250,-1.336108
0.675750,-1.308115
0.676250,-1.319166
0.676750,-1.128420
0.677250,-1.252492
0.677750,-1.163431
0.678250,-1.358734
0.678750,-1.254896
0.679250,-1.168978
0.679750,-1.128306
0.680250,-1.158003
0.680750,-1.188362
0.681250,-1.234117
0.681750,-1.448792
0.682250,-1.191241
0.682750,-1.137405
0.683250,-1.040163
0.683750,-0.868655
0.684250,-0.875473
0.684750,-1.055984
0.685250,-1.204952
0.685750,-0.955619
0.686250,-1.019452
0.686750,-0.910222
0.687250,-0.856971
0.687750,-0.749085
0.688250,-0.852356
0.688750,-1.138467
0.689250,-0.970098
0.689750,-0.841030
0.690250,-0.687920
0.690750,-0.673481
0.691250,-0.778606
0.691750,-0.950727
0.692250,-1.048668
0.692750,-0.939945
0.693250,-0.934701
0.693750,-0.703118
0.694250,-0.866089
0.694750,-0.873242
0.695250,-1.124384
0.695750,-1.116809
0.696250,-1.065948
0.696750,-0.974563
0.697250,-0.866103
0.697750,-1.002978
0.698250,-1.078846
0.698750,-1.269239
0.699250,-1.312389
0.699750,-1.163344
0.700250,-1.202729
0.700750,-1.112478
0.701250,-1.186738
0.701750,-1.255802
0.702250,-1.436099
0.702750,-1.393101
0.703250,-1.375063
0.703750,-1.340749
0.704250,-1.159437
0.704750,-1.293163
0.705250,-1.134509
0.705750,-1.304492
0.706250,-1.339262
0.706750,-1.458425
0.707250,-1.213916
0.707750,-1.189134
0.708250,-1.238557
0.708750,-1.197804
0.709250,-1.362698
0.709750,-1.218035
0.710250,-1.184986
0.710750,-1.003277
0.711250,-0.865287
0.711750,-0.874560
0.712250,-0.896589
0.712750,-1.052611
0.713250,-0.918770
0.713750,-0.780316
0.714250,-0.772276
0.714750,-0.760279
0.715250,-0.659188
0.715750,-0.613909
0.716250,-0.785702
0.716750,-0.677516
0.717250,-0.591571
0.717750,-0.528793
0.718250,-0.379611
0.718750,-0.317906
0.719250,-0.487743
0.719750,-0.611744
0.720250,-0.551502
0.720750,-0.478407
0.721250,-0.294545
0.721750,-0.365864
0.722250,-0.501749
0.722750,-0.442043
0.723250,-0.520695
0.723750,-0.360901
0.724250,-0.449087
0.724750,-0.464436
0.725250,-0.464297
0.725750,-0.389574
0.726250,-0.475144
0.726750,-0.702174
0.727250,-0.710752
0.727750,-0.743793
0.728250,-0.731838
0.728750,-0.706362
0.729250,-0.773553
0.729750,-0.823822
0.730250,-1.056851
0.730750,-0.872501
0.731250,-1.052680
0.731750,-0.832734
0.732250,-0.870839
0.732750,-1.053214
0.733250,-1.040556
0.733750,-1.268703
0.734250,-1.154681
0.734750,-1.274819
0.735250,-1.190599
0.735750,-1.190713
0.736250,-1.331916
0.736750,-1.382624
0.737250,-1.423800
0.737750,-1.367319
0.738250,-1.392547
0.738750,-1.384988
0.739250,-1.313848
0.739750,-1.375476
0.740250,-1.403483
0.740750,-1.540464
0.741250,-1.549550
0.741750,-1.399919
0.742250,-1.348584
0.742750,-1.179163
0.743250,-1.302939
0.743750,-1.349203
0.744250,-1.468607
0.744750,-1.400875
0.745250,-1.421368
0.745750,-1.320792
0.746250,-1.247542
0.746750,-1.290912
0.747250,-1.350984
0.747750,-1.403756
0.748250,-1.511298
0.748750,-1.372030
0.749250,-1.251589
0.749750,-1.185102
0.750250,-1.301989
0.750750,-1.224681
0.751250,-1.430963
0.751750,-1.390536
0.752250,-1.438681
0.752750,-1.388796
0.753250,-1.247720
0.753750,-1.414552
0.754250,-1.450079
0.754750,-1.559898
0.755250,-1.618214
0.755750,-1.585335
0.756250,-1.686874
0.756750,-1.550966
0.757250,-1.713013
0.757750,-1.775506
0.758250,-1.804658
0.758750,-1.975425
0.759250,-1.962548
0.759750,-1.986610
0.760250,-1.924714
0.760750,-1.968528
0.761250,-2.080336
0.761750,-2.231083
0.762250,-2.370990
0.762750,-2.274007
0.763250,-2.423446
0.763750,-2.343219
0.764250,-2.437269
0.764750,-2.463893
0.765250,-2.481341
0.765750,-2.733137
0.766250,-2.769310
0.766750,-2.718253
0.767250,-2.593841
0.767750,-2.652358
0.768250,-2.804824
0.768750,-2.763263
0.769250,-2.919458
0.769750,-2.876185
0.770250,-2.853826
0.770750,-2.874659
0.771250,-2.741040
0.771750,-2.843876
0.772250,-2.859296
0.772750,-2.965039
0.773250,-2.979904
0.773750,-2.913445
0.774250,-2.917167
0.774750,-2.662920
0.775250,-2.710386
0.775750,-2.760203
0.776250,-2.811720
0.776750,-2.784403
0.777250,-2.779248
0.777750,-2.792879
0.778250,-2.512745
0.778750,-2.535622
0.779250,-2.495819
0.779750,-2.486139
0.780250,-2.668881
0.780750,-2.581876
0.781250,-2.634512
0.781750,-2.485632
0.782250,-2.393899
0.782750,-2.412259
0.783250,-2.430133
0.783750,-2.503912
0.784250,-2.526018
0.784750,-2.393592
0.785250,-2.264055
0.785750,-2.184705
0.786250,-2.277500
0.786750,-2.337386
0.787250,-2.486846
0.787750,-2.476794
0.788250,-2.281268
0.788750,-2.455368
0.789250,-2.225362
0.789750,-2.307566
0.790250,-2.383507
0.790750,-2.466693
0.791250,-2.590070
0.791750,-2.593031
0.792250,-2.569365
0.792750,-2.476749
0.793250,-2.429694
0.793750,-2.483591
0.794250,-2.492593
0.794750,-2.742767
0.795250,-2.710464
0.795750,-2.751299
0.796250,-2.694362
0.796750,-2.524265
0.797250,-2.583752
0.797750,-2.612780
0.798250,-2.700403
0.798750,-2.764069
0.799250,-2.739247
0.799750,-2.795223
0.800250,-2.706360
0.800750,-2.645782
0.801250,-2.752694
0.801750,-2.695467
0.802250,-2.692158
0.802750,-2.719705
0.803250,-2.768225
0.803750,-2.641453
0.804250,-2.596411
0.804750,-2.610685
0.805250,-2.495217
0.805750,-2.700719
0.806250,-2.620546
0.806750,-2.476360
0.807250,-2.442205
0.807750,-2.261587
0.808250,-2.379562
0.808750,-2.315759
0.809250,-2.365214
0.809750,-2.341471
0.810250,-2.134425
0.810750,-2.244544
0.811250,-1.892417
0.811750,-1.968779
0.812250,-2.013115
0.812750,-1.917852
0.813250,-2.050032
0.813750,-2.069664
0.814250,-1.883705
0.814750,-1.871201
0.815250,-1.626356
0.815750,-1.708918
0.816250,-1.610321
0.816750,-1.777094
0.817250,-1.722687
0.817750,-1.771140
0.818250,-1.790837
0.818750,-1.612985
0.819250,-1.616058
0.819750,-1.571694
0.820250,-1.664238
0.820750,-1.774058
0.821250,-1.744447
0.821750,-1.603794
0.822250,-1.599781
0.822750,-1.467912
0.823250,-1.645247
0.823750,-1.714153
0.824250,-1.779421
0.824750,-1.882514
0.825250,-1.955233
0.825750,-1.957752
0.826250,-1.795297
0.826750,-1.807374
0.827250,-1.850046
0.827750,-1.981466
0.828250,-2.176115
0.828750,-2.081017
0.829250,-2.110309
0.829750,-2.123419
0.830250,-2.039736
0.830750,-2.154754
0.831250,-2.105164
0.831750,-2.279805
0.832250,-2.458956
0.832750,-2.352049
0.833250,-2.340946
0.833750,-2.226117
0.834250,-2.383323
0.834750,-2.334851
0.835250,-2.403457
0.835750,-2.515493
0.836250,-2.480404
0.836750,-2.503746
0.837250,-2.485886
0.837750,-2.454170
0.838250,-2.330083
0.838750,-2.426931
0.839250,-2.525722
0.839750,-2.624009
0.840250,-2.554802
0.840750,-2.570050
0.841250,-2.438298
0.841750,-2.313948
0.842250,-2.317126
0.842750,-2.275478
0.843250,-2.537326
0.843750,-2.453941
0.844250,-2.366202
0.844750,-2.398101
0.845250,-2.130495
0.845750,-2.212182
0.846250,-2.220436
0.846750,-2.295625
0.847250,-2.382804
0.847750,-2.478616
0.848250,-2.480130
0.848750,-2.282283
0.849250,-2.202686
0.849750,-2.190287
0.850250,-2.121753
0.850750,-2.434145
0.851250,-2.358989
0.851750,-2.427942
0.852250,-2.378923
0.852750,-2.109000
0.853250,-2.163498
0.853750,-2.354801
0.854250,-2.471102
0.854750,-2.531554
0.855250,-2.505235
0.855750,-2.526294
0.856250,-2.479233
0.856750,-2.444837
0.857250,-2.617071
0.857750,-2.714866
0.858250,-2.850625
0.858750,-2.860680
0.859250,-2.751393
0.859750,-2.693529
0.860250,-2.689580
0.860750,-2.941179
0.861250,-3.028587
0.861750,-3.040477
0.862250,-3.265753
0.862750,-3.097513
0.863250,-3.283979
0.863750,-3.294867
0.864250,-3.208083
0.864750,-3.258038
0.865250,-3.207372
0.865750,-3.434721
0.866250,-3.494137
0.866750,-3.496748
0.867250,-3.565187
0.867750,-3.495721
0.868250,-3.412459
0.868750,-3.427697
0.869250,-3.462342
0.869750,-3.679390
0.870250,-3.686535
0.870750,-3.784550
0.871250,-3.717826
0.871750,-3.455335
0.872250,-3.569660
0.872750,-3.592377
0.873250,-3.549724
0.873750,-3.725893
0.874250,-3.767183
0.874750,-3.742974
0.875250,-3.545140
0.875750,-3.349964
0.876250,-3.313605
0.876750,-3.384764
0.877250,-3.454866
0.877750,-3.508402
0.878250,-3.419033
0.878750,-3.441073
0.879250,-3.191554
0.879750,-3.245969
0.880250,-3.225135
0.880750,-3.227393
0.881250,-3.294348
0.881750,-3.273609
0.882250,-3.145299
0.882750,-3.188849
0.883250,-2.912720
0.883750,-2.973434
0.884250,-3.121340
0.884750,-3.118615
0.885250,-3.174883
0.885750,-3.022472
0.886250,-2.899143
0.886750,-2.820847
0.887250,-2.692756
0.887750,-2.839325
0.888250,-2.930334
0.888750,-2.914185
0.889250,-2.930392
0.889750,-2.891853
0.890250,-2.964289
0.890750,-2.890329
0.891250,-2.718454
0.891750,-2.824705
0.892250,-2.849574
0.892750,-3.024250
0.893250,-3.201157
0.893750,-3.077948
0.894250,-2.987429
0.894750,-2.808187
0.895250,-2.872541
0.895750,-2.931919
0.896250,-2.945756
0.896750,-3.108176
0.897250,-3.236506
0.897750,-3.098523
0.898250,-3.187631
0.898750,-3.003011
0.899250,-2.917978
0.899750,-2.999433
0.900250,-3.106715
0.900750,-3.265994
0.901250,-3.297536
0.901750,-3.165040
0.902250,-3.221703
0.902750,-2.875122
0.903250,-2.927609
0.903750,-3.134772
0.904250,-3.076076
0.904750,-3.202972
0.905250,-3.093310
0.905750,-3.006462
0.906250,-3.047795
0.906750,-2.835205
0.907250,-2.822271
0.907750,-2.880307
0.908250,-2.851553
0.908750,-2.906109
0.909250,-2.994932
0.909750,-2.880937
0.910250,-2.839121
0.910750,-2.552746
0.911250,-2.488111
0.911750,-2.508853
0.912250,-2.505702
0.912750,-2.679309
0.913250,-2.418564
0.913750,-2.348440
0.914250,-2.284179
0.914750,-2.139254
0.915250,-2.233637
0.915750,-2.136196
0.916250,-2.238174
0.916750,-2.266976
0.917250,-1.963291
0.917750,-2.020427
0.918250,-1.990032
0.918750,-1.786814
0.919250,-1.886350
0.919750,-1.938114
0.920250,-2.030792
0.920750,-1.986027
0.921250,-1.801710
0.921750,-1.686530
0.922250,-1.509925
0.922750,-1.444480
0.923250,-1.730822
0.923750,-1.746319
0.924250,-1.912304
0.924750,-1.946990
0.925250,-1.795210
0.925750,-1.772893
0.926250,-1.612444
0.926750,-1.626145
0.927250,-1.743912
0.927750,-1.706739
0.928250,-1.866009
0.928750,-1.871317
0.929250,-1.824520
0.929750,-1.993469
0.930250,-1.804598
0.930750,-1.800357
0.931250,-1.893912
0.931750,-1.767406
0.932250,-2.052020
0.932750,-2.133685
0.933250,-2.189832
0.933750,-2.291170
0.934250,-1.935835
0.934750,-2.040487
0.935250,-2.208653
0.935750,-2.136588
0.936250,-2.347619
0.936750,-2.315982
0.937250,-2.279857
0.937750,-2.368772
0.938250,-2.120762
0.938750,-2.188309
0.939250,-2.273024
0.939750,-2.346180
0.940250,-2.417644
0.940750,-2.428448
0.941250,-2.244053
0.941750,-2.423257
0.942250,-2.308838
0.942750,-2.212749
0.943250,-2.289163
0.943750,-2.259921
0.944250,-2.414952
0.944750,-2.483559
0.945250,-2.323034
0.945750,-2.414464
0.946250,-2.289377
0.946750,-2.242943
0.947250,-2.211570
0.947750,-2.086462
0.948250,-2.307681
0.948750,-2.292437
0.949250,-2.131549
0.949750,-2.109266
0.950250,-2.080086
0.950750,-2.099285
0.951250,-2.111527
0.951750,-1.976671
0.952250,-2.117785
0.952750,-2.148057
0.953250,-2.057528
0.953750,-2.064606
0.954250,-1.860903
0.954750,-1.929404
0.955250,-2.013804
0.955750,-1.948992
0.956250,-2.139971
0.956750,-2.057616
0.957250,-2.026175
0.957750,-2.008357
0.958250,-1.771244
0.958750,-1.975862
0.959250,-2.027337
0.959750,-2.018618
0.960250,-2.165150
0.960750,-2.263286
0.961250,-2.132418
0.961750,-2.254279
0.962250,-2.107945
0.962750,-2.159264
0.963250,-2.271243
0.963750,-2.223421
0.964250,-2.356307
0.964750,-2.452277
0.965250,-2.308922
0.965750,-2.410765
0.966250,-2.390845
0.966750,-2.442496
0.967250,-2.625307
0.967750,-2.534980
0.968250,-2.734882
0.968750,-2.775420
0.969250,-2.707444
0.969750,-2.753315
0.970250,-2.751662
0.970750,-2.721442
0.971250,-2.909185
0.971750,-2.924134
0.972250,-2.998757
0.972750,-3.170738
0.973250,-3.128326
0.973750,-3.128241
0.974250,-2.975152
0.974750,-2.858676
0.975250,-2.953716
0.975750,-3.042301
0.976250,-3.067258
0.976750,-3.270828
0.977250,-3.073395
0.977750,-3.136655
0.978250,-3.042005
0.978750,-2.979759
0.979250,-3.041011
0.979750,-3.029207
0.980250,-3.205180
0.980750,-3.284814
0.981250,-3.087147
0.981750,-3.019288
0.982250,-2.988587
0.982750,-2.726263
0.983250,-2.864811
0.983750,-2.986298
0.984250,-2.921810
0.984750,-2.998325
0.985250,-2.804625
0.985750,-2.742451
0.986250,-2.654329
0.986750,-2.466025
0.987250,-2.553057
0.987750,-2.583336
0.988250,-2.535637
0.988750,-2.715805
0.989250,-2.743566
0.989750,-2.470521
0.990250,-2.417525
0.990750,-2.273342
0.991250,-2.242091
0.991750,-2.369563
0.992250,-2.359449
0.992750,-2.407869
0.993250,-2.306670
0.993750,-2.234138
0.994250,-2.293569
0.994750,-2.071731
0.995250,-1.961563
0.995750,-2.058701
0.996250,-2.110777
0.996750,-2.318607
0.997250,-2.247075
0.997750,-2.151364
0.998250,-2.295351
0.998750,-2.030363
0.999250,-1.885570
0.999750,-2.040986
