0.000250,0.042352
0.000750,0.064955
0.001250,0.024816
0.001750,-0.001167
0.002250,0.022332
0.002750,0.089999
0.003250,0.099381
0.003750,0.094746
0.004250,0.130234
0.004750,0.252362
0.005250,0.330678
0.005750,0.310055
0.006250,0.318819
0.006750,0.220312
0.007250,0.314902
0.007750,0.262866
0.008250,0.257202
0.008750,0.313161
0.009250,0.210060
0.009750,0.229824
0.010250,0.167980
0.010750,0.173723
0.011250,0.376286
0.011750,0.259412
0.012250,0.298924
0.012750,0.273480
0.013250,0.433125
0.013750,0.433776
0.014250,0.388337
0.014750,0.471746
0.015250,0.528379
0.015750,0.675734
0.016250,0.531701
0.016750,0.512551
0.017250,0.532703
0.017750,0.513445
0.018250,0.426019
0.018750,0.463728
0.019250,0.593935
0.019750,0.732906
0.020250,0.665707
0.020750,0.615596
0.021250,0.620332
0.021750,0.595515
0.022250,0.511578
0.022750,0.425046
0.023250,0.515908
0.023750,0.435875
0.024250,0.421818
0.024750,0.300888
0.025250,0.435262
0.025750,0.505272
0.026250,0.588467
0.026750,0.561021
0.027250,0.498572
0.027750,0.456671
0.028250,0.465277
0.028750,0.501732
0.029250,0.445752
0.029750,0.464117
0.030250,0.559736
0.030750,0.570080
0.031250,0.700459
0.031750,0.750020
0.032250,0.726134
0.032750,0.821443
0.033250,0.771832
0.033750,0.809848
0.034250,0.854943
0.034750,0.877709
0.035250,0.759677
0.035750,0.806662
0.036250,0.693852
0.036750,0.731463
0.037250,0.702976
0.037750,0.643251
0.038250,0.576010
0.038750,0.723279
0.039250,0.592627
0.039750,0.666121
0.040250,0.711350
0.040750,0.704994
0.041250,0.777094
0.041750,0.502707
0.042250,0.550740
0.042750,0.550097
0.043250,0.511505
0.043750,0.426467
0.044250,0.271360
0.044750,0.188977
0.045250,0.451622
0.045750,0.431209
0.046250,0.503233
0.046750,0.541528
0.047250,0.597652
0.047750,0.567812
0.048250,0.594739
0.048750,0.466521
0.049250,0.622623
0.049750,0.278952
0.050250,0.454846
0.050750,0.477779
0.051250,0.376686
0.051750,0.494707
0.052250,0.234605
0.052750,0.663283
0.053250,0.615656
0.053750,0.749957
0.054250,0.649704
0.054750,0.440165
0.055250,0.621628
0.055750,0.803984
0.056250,0.839380
0.056750,0.717180
0.057250,0.585744
0.057750,0.775169
0.058250,0.784813
0.058750,0.756060
0.059250,0.397302
0.059750,0.636727
0.060250,0.559450
0.060750,0.489106
0.061250,0.538017
0.061750,0.274523
0.062250,0.351123
0.062750,0.480124
0.063250,0.374948
0.063750,0.617612
0.064250,0.529541
0.064750,0.645233
0.065250,0.429888
0.065750,0.354162
0.066250,0.529426
0.066750,0.317908
0.067250,0.525103
0.067750,0.377742
0.068250,0.315011
0.068750,0.361376
0.069250,0.408341
0.069750,0.280328
0.070250,-0.006915
0.070750,0.133453
0.071250,0.038106
0.071750,0.319127
0.072250,0.152911
0.072750,-0.073750
0.073250,0.151705
0.073750,0.193066
0.074250,0.034020
0.074750,0.287792
0.075250,0.184762
0.075750,0.235233
0.076250,0.192264
0.076750,0.189624
0.077250,0.252289
0.077750,0.081497
0.078250,0.264067
0.078750,0.080677
0.079250,0.036744
0.079750,0.122668
0.080250,-0.125322
0.080750,0.129936
0.081250,0.024863
0.081750,0.249589
0.082250,0.134179
0.082750,0.296748
0.083250,0.240323
0.083750,0.191497
0.084250,0.227311
0.084750,0.489343
0.085250,0.374029
0.085750,0.235699
0.086250,0.489338
0.086750,0.206805
0.087250,0.525086
0.087750,0.562867
0.088250,0.226437
0.088750,0.385956
0.089250,0.310484
0.089750,0.140901
0.090250,0.272236
0.090750,-0.014234
0.091250,0.122408
0.091750,-0.123730
0.092250,-0.068215
0.092750,0.145122
0.093250,-0.016511
0.093750,-0.047828
0.094250,-0.080965
0.094750,-0.141011
0.095250,0.031924
0.095750,0.049137
0.096250,0.377050
0.096750,0.107464
0.097250,0.139167
0.097750,-0.068735
0.098250,-0.131440
0.098750,-0.100482
0.099250,-0.285240
0.099750,-0.207127
0.100250,-0.108205
0.100750,-0.363577
0.101250,-0.478483
0.101750,-0.163527
0.102250,-0.325346
0.102750,-0.108401
0.103250,-0.437243
0.103750,-0.396138
0.104250,-0.476170
0.104750,-0.185751
0.105250,-0.453219
0.105750,-0.199043
0.106250,-0.256337
0.106750,-0.260194
0.107250,-0.164864
0.107750,-0.358245
0.108250,-0.188982
0.108750,-0.339616
0.109250,-0.401179
0.109750,-0.522324
0.110250,-0.372367
0.110750,-0.313931
0.111250,-0.359870
0.111750,-0.521150
0.112250,-0.594895
0.112750,-0.468845
0.113250,-0.721692
0.113750,-0.578559
0.114250,-0.568705
0.114750,-0.625271
0.115250,-0.470363
0.115750,-0.755904
0.116250,-0.501376
0.116750,-0.435360
0.117250,-0.134893
0.117750,-0.353867
0.118250,-0.297455
0.118750,-0.366926
0.119250,0.028916
0.119750,-0.143321
0.120250,-0.066101
0.120750,-0.109341
0.121250,-0.263607
0.121750,-0.275329
0.122250,-0.472263
0.122750,0.040701
0.123250,-0.366205
0.123750,-0.223074
0.124250,-0.323376
0.124750,-0.035776
0.125250,-0.252817
0.125750,-0.206387
0.126250,-0.486215
0.126750,-0.138315
0.127250,-0.245940
0.127750,-0.492496
0.128250,-0.224636
0.128750,-0.487327
0.129250,-0.596308
0.129750,-0.500787
0.130250,-0.318669
0.130750,-0.703211
0.131250,-0.543447
0.131750,-0.528816
0.132250,-0.386905
0.132750,-0.484358
0.133250,-0.637318
0.133750,-0.394350
0.134250,-0.475158
0.134750,-0.561626
0.135250,-0.620171
0.135750,-0.324075
0.136250,-0.594937
0.136750,-0.647762
0.137250,-0.573362
0.137750,-0.777661
0.138250,-0.775043
0.138750,-0.763988
0.139250,-0.933108
0.139750,-0.749030
0.140250,-0.397149
0.140750,-0.839033
0.141250,-0.670475
0.141750,-0.872207
0.142250,-0.912305
0.142750,-0.833555
0.143250,-1.337493
0.143750,-1.076859
0.144250,-1.169952
0.144750,-1.261195
0.145250,-1.234530
0.145750,-1.050495
0.146250,-0.872696
0.146750,-0.715211
0.147250,-0.640841
0.147750,-0.867629
0.148250,-0.900930
0.148750,-0.857595
0.149250,-0.508222
0.149750,-0.637219
0.150250,-0.853352
0.150750,-0.599552
0.151250,-0.708950
0.151750,-0.657469
0.152250,-0.568102
0.152750,-0.780317
0.153250,-0.689321
0.153750,-0.802910
0.154250,-0.788063
0.154750,-1.212996
0.155250,-1.280701
0.155750,-0.935992
0.156250,-0.978662
0.156750,-0.772459
0.157250,-0.928923
0.157750,-0.714846
0.158250,-0.741690
0.158750,-0.892964
0.159250,-0.860287
0.159750,-0.563886
0.160250,-0.793753
0.160750,-0.553441
0.161250,-0.569702
0.161750,-0.618446
0.162250,-0.754100
0.162750,-0.512912
0.163250,-0.621616
0.163750,-0.756478
0.164250,-0.773136
0.164750,-0.665207
0.165250,-0.826205
0.165750,-0.932361
0.166250,-0.693585
0.166750,-0.365681
0.167250,-0.590287
0.167750,-0.522924
0.168250,-0.952595
0.168750,-1.000973
0.169250,-0.655237
0.169750,-1.272881
0.170250,-0.716826
0.170750,-0.961710
0.171250,-0.734558
0.171750,-0.687358
0.172250,-0.737608
0.172750,-0.485803
0.173250,-0.463520
0.173750,-0.759248
0.174250,-0.859845
0.174750,-0.670207
0.175250,-1.092707
0.175750,-0.676214
0.176250,-0.882087
0.176750,-0.782985
0.177250,-0.439595
0.177750,-0.647323
0.178250,-0.497772
0.178750,-1.057567
0.179250,-0.735848
0.179750,-0.479479
0.180250,-0.996672
0.180750,-0.885743
0.181250,-0.918368
0.181750,-0.917911
0.182250,-0.844881
0.182750,-1.196525
0.183250,-1.281653
0.183750,-1.242717
0.184250,-1.371912
0.184750,-1.186337
0.185250,-1.176452
0.185750,-0.857559
0.186250,-1.212283
0.186750,-0.942472
0.187250,-0.999116
0.187750,-1.547083
0.188250,-1.309575
0.188750,-1.112982
0.189250,-1.335829
0.189750,-1.259078
0.190250,-1.328127
0.190750,-1.535665
0.191250,-1.541880
0.191750,-0.818522
0.192250,-1.103163
0.192750,-1.088048
0.193250,-1.083305
0.193750,-1.173831
0.194250,-1.400954
0.194750,-1.125738
0.195250,-0.845651
0.195750,-0.871894
0.196250,-1.128653
0.196750,-0.807244
0.197250,-1.309722
0.197750,-1.006231
0.198250,-0.914295
0.198750,-0.902671
0.199250,-1.216264
0.199750,-0.629780
0.200250,-0.899330
0.200750,-1.007564
0.201250,-1.327476
0.201750,-0.809233
0.202250,-1.197493
0.202750,-1.036380
0.203250,-1.143470
0.203750,-0.733562
0.204250,-1.309953
0.204750,-0.902220
0.205250,-1.344578
0.205750,-1.456648
0.206250,-0.713330
0.206750,-0.831759
0.207250,-0.632062
0.207750,-0.688022
0.208250,-0.809574
0.208750,-0.770149
0.209250,-0.736681
0.209750,-0.274345
0.210250,-0.548327
0.210750,-0.448655
0.211250,-0.859844
0.211750,-0.525668
0.212250,-0.468019
0.212750,-0.088610
0.213250,-1.009426
0.213750,-0.694221
0.214250,-0.800464
0.214750,-0.879685
0.215250,-0.864384
0.215750,-0.891204
0.216250,-0.522038
0.216750,-0.858164
0.217250,-0.753442
0.217750,-0.760056
0.218250,-0.688033
0.218750,-0.753948
0.219250,-0.835319
0.219750,-0.744714
0.220250,-0.645693
0.220750,-0.747279
0.221250,-0.581689
0.221750,-0.687311
0.222250,-1.048509
0.222750,-1.006822
0.223250,-0.732737
0.223750,-0.746898
0.224250,-1.193350
0.224750,-0.689830
0.225250,-0.659779
0.225750,-0.815331
0.226250,-0.717151
0.226750,-0.724379
0.227250,-0.715606
0.227750,-0.631442
0.228250,-0.815640
0.228750,-0.478899
0.229250,-0.191070
0.229750,-0.347282
0.230250,-0.751356
0.230750,-0.978307
0.231250,-0.763254
0.231750,-0.966905
0.232250,-0.452678
0.232750,-0.671383
0.233250,-0.952107
0.233750,-0.730586
0.234250,-0.620953
0.234750,-0.629135
0.235250,-0.984874
0.235750,-0.810516
0.236250,-1.139867
0.236750,-1.161816
0.237250,-0.999657
0.237750,-1.108080
0.238250,-1.062129
0.238750,-1.349927
0.239250,-1.360941
0.239750,-1.266314
0.240250,-1.068802
0.240750,-0.944471
0.241250,-1.184141
0.241750,-0.793709
0.242250,-0.871457
0.242750,-1.258450
0.243250,-1.174364
0.243750,-1.126225
0.244250,-0.503138
0.244750,-0.894818
0.245250,-0.827108
0.245750,-0.906963
0.246250,-0.887789
0.246750,-0.606597
0.247250,-0.814586
0.247750,-1.050564
0.248250,-0.989670
0.248750,-0.567663
0.249250,-0.553895
0.249750,-0.305304
0.250250,-0.317915
0.250750,-0.412161
0.251250,-0.338906
0.251750,-0.905004
0.252250,-0.494126
0.252750,-0.433768
0.253250,-0.345917
0.253750,-0.488280
0.254250,-0.635944
0.254750,-0.846655
0.255250,-0.905705
0.255750,-0.941600
0.256250,-0.948315
0.256750,-1.092163
0.257250,-0.480016
0.257750,-0.418457
0.258250,-0.516912
0.258750,-0.910336
0.259250,-0.549865
0.259750,-0.965076
0.260250,-0.751430
0.260750,-0.664853
0.261250,-0.429348
0.261750,-0.618574
0.262250,-0.484771
0.262750,-0.458612
0.263250,-0.954256
0.263750,-0.432415
0.264250,-0.164144
0.264750,-0.558439
0.265250,-0.553042
0.265750,-0.344092
0.266250,-0.455638
0.266750,-0.365065
0.267250,-0.469800
0.267750,0.142918
0.268250,0.120932
0.268750,-0.084720
0.269250,-0.144150
0.269750,-0.363257
0.270250,-0.189753
0.270750,-0.031448
0.271250,-0.064274
0.271750,-0.584084
0.272250,-0.140998
0.272750,-0.100306
0.273250,-0.098260
0.273750,-0.354842
0.274250,-0.016918
0.274750,-0.349885
0.275250,-0.308441
0.275750,0.205134
0.276250,-0.227344
0.276750,-0.448226
0.277250,-0.462429
0.277750,-0.083830
0.278250,-0.399004
0.278750,-0.075808
0.279250,-0.407213
0.279750,-0.318417
0.280250,-0.795988
0.280750,-0.462570
0.281250,-0.276597
0.281750,-0.053233
0.282250,-0.016069
0.282750,-0.113630
0.283250,-0.286607
0.283750,-0.099066
0.284250,-0.388875
0.284750,-0.274680
0.285250,-0.506782
0.285750,-0.226453
0.286250,0.180241
0.286750,-0.306089
0.287250,-0.010336
0.287750,-0.497223
0.288250,0.047754
0.288750,0.062547
0.289250,-0.489668
0.289750,-0.437277
0.290250,-0.452901
0.290750,-0.600949
0.291250,-0.090417
0.291750,0.022536
0.292250,-0.074306
0.292750,-0.461615
0.293250,-0.744920
0.293750,-0.754676
0.294250,-0.463257
0.294750,-0.541839
0.295250,-0.334369
0.295750,-0.236584
0.296250,-0.714031
0.296750,-0.575068
0.297250,-0.265647
0.297750,-0.307711
0.298250,-0.851535
0.298750,-0.686625
0.299250,-0.596728
0.299750,-0.675713
0.300250,-0.540080
0.300750,-0.716458
0.301250,-0.323445
0.301750,-0.677999
0.302250,-0.614030
0.302750,0.087846
0.303250,-0.491572
0.303750,-0.017798
0.304250,-0.465943
0.304750,-0.283457
0.305250,-0.116508
0.305750,-0.318537
0.306250,-0.380876
0.306750,-0.262185
0.307250,0.011369
0.307750,0.002094
0.308250,0.154410
0.308750,-0.045736
0.309250,0.181698
0.309750,-0.048229
0.310250,-0.192095
0.310750,-0.078930
0.311250,0.022466
0.311750,0.051810
0.312250,-0.462927
0.312750,-0.027924
0.313250,-0.016927
0.313750,-0.259415
0.314250,0.003094
0.314750,0.077743
0.315250,-0.011661
0.315750,-0.078178
0.316250,-0.233375
0.316750,-0.187749
0.317250,0.011163
0.317750,0.372828
0.318250,-0.111279
0.318750,0.132584
0.319250,0.132900
0.319750,0.320697
0.320250,0.278197
0.320750,0.093675
0.321250,0.264682
0.321750,0.199059
0.322250,0.558055
0.322750,0.258376
0.323250,0.532929
0.323750,0.296248
0.324250,0.653008
0.324750,0.442409
0.325250,0.455500
0.325750,0.703625
0.326250,0.050893
0.326750,0.358035
0.327250,0.250640
0.327750,0.656608
0.328250,0.802644
0.328750,0.830046
0.329250,0.364174
0.329750,0.370671
0.330250,0.271311
0.330750,-0.019258
0.331250,0.525795
0.331750,0.279751
0.332250,0.500076
0.332750,0.545472
0.333250,0.649268
0.333750,0.860517
0.334250,0.635638
0.334750,0.537710
0.335250,0.354339
0.335750,0.420252
0.336250,0.480675
0.336750,0.616676
0.337250,0.308899
0.337750,-0.073736
0.338250,0.106187
0.338750,0.579248
0.339250,0.319010
0.339750,0.329429
0.340250,0.536186
0.340750,0.824306
0.341250,0.472961
0.341750,0.589047
0.342250,0.671838
0.342750,0.514534
0.343250,0.312461
0.343750,0.618887
0.344250,0.727661
0.344750,0.356305
0.345250,0.233795
0.345750,0.273768
0.346250,0.171464
0.346750,0.785822
0.347250,0.213224
0.347750,0.783941
0.348250,1.015516
0.348750,0.351727
0.349250,0.621867
0.349750,0.555150
0.350250,0.818926
0.350750,0.353857
0.351250,0.432737
0.351750,0.162253
0.352250,0.394608
0.352750,0.921718
0.353250,0.400012
0.353750,0.259330
0.354250,0.329840
0.354750,0.223839
0.355250,0.461102
0.355750,0.603178
0.356250,0.188405
0.356750,-0.060201
0.357250,0.496109
0.357750,0.836900
0.358250,0.266451
0.358750,0.160098
0.359250,0.039763
0.359750,-0.106225
0.360250,0.357254
0.360750,0.343399
0.361250,-0.052905
0.361750,0.072731
0.362250,0.019142
0.362750,-0.119709
0.363250,0.197861
0.363750,0.607174
0.364250,-0.258715
0.364750,0.205205
0.365250,0.296351
0.365750,0.549726
0.366250,0.080180
0.366750,0.586821
0.367250,0.361273
0.367750,0.422003
0.368250,0.261529
0.368750,0.952355
0.369250,0.629907
0.369750,0.501293
0.370250,0.835019
0.370750,1.082679
0.371250,0.813014
0.371750,0.753216
0.372250,0.852914
0.372750,0.761685
0.373250,0.726785
0.373750,0.898067
0.374250,0.181784
0.374750,0.553053
0.375250,0.441493
0.375750,0.632149
0.376250,0.470822
0.376750,0.377503
0.377250,0.687770
0.377750,0.633071
0.378250,0.400851
0.378750,0.577446
0.379250,0.363386
0.379750,0.760652
0.380250,0.035895
0.380750,0.625515
0.381250,0.430822
0.381750,0.583816
0.382250,0.505828
0.382750,0.797633
0.383250,0.575700
0.383750,0.998407
0.384250,0.855495
0.384750,0.895291
0.385250,0.150131
0.385750,1.104345
0.386250,1.218481
0.386750,0.790953
0.387250,0.794388
0.387750,1.471896
0.388250,1.418140
0.388750,0.845689
0.389250,1.045697
0.389750,1.328003
0.390250,1.067726
0.390750,1.026254
0.391250,0.630940
0.391750,0.784395
0.392250,1.445312
0.392750,1.161022
0.393250,1.759171
0.393750,1.149255
0.394250,1.346911
0.394750,1.146988
0.395250,0.893273
0.395750,1.011246
0.396250,0.911285
0.396750,1.325340
0.397250,0.924756
0.397750,0.972022
0.398250,0.760925
0.398750,1.221625
0.399250,1.248422
0.399750,1.123696
0.400250,1.244178
0.400750,0.997829
0.401250,1.052779
0.401750,0.642913
0.402250,1.006824
0.402750,1.074872
0.403250,0.797965
0.403750,1.013223
0.404250,1.333624
0.404750,1.001675
0.405250,0.708236
0.405750,0.774505
0.406250,1.118056
0.406750,0.996860
0.407250,1.192406
0.407750,1.067258
0.408250,0.973742
0.408750,1.124990
0.409250,1.005524
0.409750,0.951799
0.410250,0.501826
0.410750,0.843085
0.411250,0.765184
0.411750,0.906418
0.412250,1.039959
0.412750,0.636404
0.413250,1.418685
0.413750,0.969121
0.414250,1.660351
0.414750,1.587031
0.415250,1.653934
0.415750,1.554273
0.416250,1.646676
0.416750,1.440254
0.417250,1.358044
0.417750,1.197450
0.418250,1.166387
0.418750,0.984542
0.419250,1.484037
0.419750,1.458011
0.420250,0.539489
0.420750,1.636418
0.421250,1.033622
0.421750,1.174810
0.422250,1.167378
0.422750,0.751591
0.423250,0.960459
0.423750,1.128428
0.424250,0.846248
0.424750,0.262791
0.425250,0.964746
0.425750,1.103118
0.426250,0.069761
0.426750,0.768877
0.427250,0.857162
0.427750,0.761399
0.428250,1.011788
0.428750,0.075482
0.429250,0.554639
0.429750,0.472276
0.430250,0.285112
0.430750,0.521208
0.431250,0.918734
0.431750,0.352639
0.432250,0.808310
0.432750,0.527898
0.433250,0.975421
0.433750,1.151183
0.434250,0.820319
0.434750,0.325539
0.435250,0.425127
0.435750,0.657597
0.436250,0.991016
0.436750,0.511629
0.437250,0.619679
0.437750,0.628535
0.438250,1.277135
0.438750,0.917470
0.439250,1.425105
0.439750,0.864106
0.440250,1.061032
0.440750,1.210291
0.441250,1.246808
0.441750,1.438603
0.442250,1.036335
0.442750,0.829893
0.443250,1.066497
0.443750,0.820294
0.444250,1.120336
0.444750,1.007201
0.445250,0.884509
0.445750,1.089821
0.446250,1.041024
0.446750,1.181440
0.447250,1.209631
0.447750,0.859890
0.448250,0.799794
0.448750,1.504155
0.449250,0.829138
0.449750,0.378532
0.450250,1.139217
0.450750,0.847974
0.451250,1.679737
0.451750,0.969860
0.452250,0.746461
0.452750,1.483173
0.453250,1.373492
0.453750,1.580315
0.454250,1.147727
0.454750,1.298191
0.455250,0.755393
0.455750,1.272570
0.456250,1.251250
0.456750,1.281881
0.457250,1.628394
0.457750,1.260424
0.458250,1.178293
0.458750,1.209638
0.459250,0.477047
0.459750,1.496945
0.460250,1.223641
0.460750,1.090942
0.461250,1.023024
0.461750,1.386290
0.462250,1.442152
0.462750,1.185082
0.463250,1.276650
0.463750,1.112017
0.464250,1.276946
0.464750,1.482460
0.465250,1.841368
0.465750,1.703640
0.466250,1.675792
0.466750,1.788183
0.467250,1.784977
0.467750,1.426673
0.468250,1.721334
0.468750,1.488624
0.469250,1.342766
0.469750,1.336076
0.470250,1.359110
0.470750,0.908141
0.471250,1.808125
0.471750,1.307359
0.472250,1.960117
0.472750,1.581037
0.473250,1.764726
0.473750,1.201339
0.474250,1.828592
0.474750,1.707237
0.475250,1.547999
0.475750,1.676644
0.476250,1.068102
0.476750,1.361616
0.477250,1.451650
0.477750,1.447495
0.478250,1.420915
0.478750,1.141548
0.479250,1.259673
0.479750,1.168887
0.480250,0.600592
0.480750,0.919378
0.481250,1.121055
0.481750,1.373196
0.482250,1.470161
0.482750,1.006381
0.483250,1.282214
0.483750,1.719960
0.484250,2.007362
0.484750,1.338804
0.485250,1.190244
0.485750,1.366420
0.486250,0.752166
0.486750,0.977704
0.487250,1.236831
0.487750,1.220213
0.488250,1.416718
0.488750,1.404445
0.489250,1.415595
0.489750,1.099283
0.490250,1.410765
0.490750,1.442169
0.491250,1.340009
0.491750,1.535137
0.492250,1.500608
0.492750,1.125195
0.493250,1.031606
0.493750,1.155651
0.494250,0.878685
0.494750,0.924413
0.495250,1.345595
0.495750,1.415078
0.496250,1.180359
0.496750,0.710108
0.497250,1.515711
0.497750,1.196602
0.498250,1.042827
0.498750,1.172782
0.499250,0.612496
0.499750,1.027032
0.500250,0.614515
0.500750,0.855265
0.501250,1.316439
0.501750,0.842299
0.502250,0.655261
0.502750,1.047957
0.503250,0.713875
0.503750,0.991332
0.504250,0.461148
0.504750,0.874992
0.505250,1.147312
0.505750,0.574530
0.506250,0.566602
0.506750,0.616902
0.507250,0.931061
0.507750,0.782434
0.508250,0.288870
0.508750,0.505193
0.509250,1.423593
0.509750,0.540008
0.510250,1.039853
0.510750,0.428062
0.511250,0.695322
0.511750,-0.038670
0.512250,0.821423
0.512750,0.910998
0.513250,0.633127
0.513750,0.933082
0.514250,1.353378
0.514750,0.862692
0.515250,1.199878
0.515750,0.954221
0.516250,0.873232
0.516750,0.678445
0.517250,1.356428
0.517750,1.084920
0.518250,1.278380
0.518750,1.446239
0.519250,0.664396
0.519750,1.342269
0.520250,1.193729
0.520750,1.231374
0.521250,1.098598
0.521750,1.137613
0.522250,1.692769
0.522750,1.126841
0.523250,1.144638
0.523750,1.434064
0.524250,1.334928
0.524750,1.015720
0.525250,1.441490
0.525750,0.531686
0.526250,0.717449
0.526750,0.591489
0.527250,0.737265
0.527750,0.911386
0.528250,0.666255
0.528750,0.122327
0.529250,1.059565
0.529750,0.949641
0.530250,0.646920
0.530750,0.576504
0.531250,0.269867
0.531750,0.406309
0.532250,0.429368
0.532750,0.473511
0.533250,0.970611
0.533750,1.431419
0.534250,1.181350
0.534750,0.814754
0.535250,1.129553
0.535750,0.886285
0.536250,1.146664
0.536750,1.135987
0.537250,1.298350
0.537750,1.254967
0.538250,1.198864
0.538750,1.564797
0.539250,1.372985
0.539750,1.205772
0.540250,1.090400
0.540750,1.982813
0.541250,0.931553
0.541750,1.698969
0.542250,1.517420
0.542750,0.685302
0.543250,1.466034
0.543750,1.635566
0.544250,1.202998
0.544750,0.845051
0.545250,1.413418
0.545750,0.883454
0.546250,0.699516
0.546750,0.707068
0.547250,1.778937
0.547750,0.950741
0.548250,0.758844
0.548750,1.626301
0.549250,1.141803
0.549750,0.763031
0.550250,0.580801
0.550750,0.918723
0.551250,0.955537
0.551750,1.090817
0.552250,0.688326
0.552750,1.884527
0.553250,1.169597
0.553750,0.914559
0.554250,1.137345
0.554750,1.112315
0.555250,0.779902
0.555750,1.499874
0.556250,0.981641
0.556750,0.792656
0.557250,1.197939
0.557750,0.828924
0.558250,1.226214
0.558750,1.155523
0.559250,0.996745
0.559750,0.954900
0.560250,1.057322
0.560750,0.904815
0.561250,0.644790
0.561750,0.599764
0.562250,0.768274
0.562750,1.337241
0.563250,0.785845
0.563750,0.489146
0.564250,0.960355
0.564750,1.092124
0.565250,0.862606
0.565750,0.984810
0.566250,0.921165
0.566750,1.280915
0.567250,1.967154
0.567750,1.032573
0.568250,0.879437
0.568750,1.369409
0.569250,1.405967
0.569750,0.770435
0.570250,0.538062
0.570750,0.728518
0.571250,1.106175
0.571750,1.447833
0.572250,1.041873
0.572750,0.418445
0.573250,0.979187
0.573750,1.138226
0.574250,0.883275
0.574750,0.706882
0.575250,0.860382
0.575750,0.325647
0.576250,0.789157
0.576750,0.411533
0.577250,0.242289
0.577750,0.474318
0.578250,0.163043
0.578750,0.240648
0.579250,0.390122
0.579750,0.418236
0.580250,0.449969
0.580750,0.802203
0.581250,0.224845
0.581750,0.464106
0.582250,0.538196
0.582750,0.802794
0.583250,0.423962
0.583750,0.299111
0.584250,0.185613
0.584750,-0.210947
0.585250,0.088964
0.585750,0.605249
0.586250,0.499341
0.586750,0.930573
0.587250,0.463048
0.587750,0.123884
0.588250,0.891659
0.588750,0.061380
0.589250,0.322368
0.589750,0.227336
0.590250,-0.301133
0.590750,0.268478
0.591250,0.540588
0.591750,0.038354
0.592250,0.646466
0.592750,0.910350
0.593250,0.356947
0.593750,0.146289
0.594250,0.256610
0.594750,0.001622
0.595250,0.880741
0.595750,0.563739
0.596250,0.390992
0.596750,0.400329
0.597250,0.257633
0.597750,0.791181
0.598250,0.612819
0.598750,0.603354
0.599250,0.171024
0.599750,0.107029
0.600250,0.206386
0.600750,0.134180
0.601250,0.929237
0.601750,0.399000
0.602250,-0.033917
0.602750,0.813521
0.603250,-0.225540
0.603750,0.720300
0.604250,0.892359
0.604750,0.093323
0.605250,0.669963
0.605750,-0.178132
0.606250,-0.022318
0.606750,0.605725
0.607250,0.210101
0.607750,0.245468
0.608250,-0.282922
0.608750,-0.400753
0.609250,0.263348
0.609750,0.539035
0.610250,0.174175
0.610750,0.067178
0.611250,0.236313
0.611750,0.385069
0.612250,-0.131859
0.612750,0.775389
0.613250,0.343514
0.613750,0.894472
0.614250,0.560744
0.614750,0.441470
0.615250,0.211054
0.615750,0.152412
0.616250,0.468403
0.616750,-0.240503
0.617250,0.484362
0.617750,0.374357
0.618250,0.428924
0.618750,0.475392
0.619250,0.002495
0.619750,0.572646
0.620250,0.161251
0.620750,0.240037
0.621250,0.432392
0.621750,0.342140
0.622250,0.218240
0.622750,0.941058
0.623250,0.634744
0.623750,0.421885
0.624250,0.956030
0.624750,0.834822
0.625250,1.189638
0.625750,0.509146
0.626250,0.426028
0.626750,0.548713
0.627250,0.736547
0.627750,0.316902
0.628250,1.025241
0.628750,1.050598
0.629250,0.791686
0.629750,-0.047582
0.630250,0.795267
0.630750,0.778931
0.631250,0.590007
0.631750,1.035635
0.632250,0.848487
0.632750,0.455110
0.633250,0.920704
0.633750,0.657532
0.634250,0.619546
0.634750,0.789356
0.635250,0.543710
0.635750,0.684004
0.636250,-0.115906
0.636750,-0.014149
0.637250,0.052816
0.637750,0.657711
0.638250,-0.199240
0.638750,0.290609
0.639250,0.025256
0.639750,0.038855
0.640250,0.286237
0.640750,0.523926
0.641250,0.709482
0.641750,-0.505279
0.642250,0.165814
0.642750,0.037087
0.643250,0.835944
0.643750,-0.185877
0.644250,0.039926
0.644750,-0.005074
0.645250,0.176153
0.645750,-0.053269
0.646250,-0.378151
0.646750,0.629833
0.647250,-0.585549
0.647750,0.277930
0.648250,0.062205
0.648750,0.194196
0.649250,0.262681
0.649750,0.415949
0.650250,0.097457
0.650750,0.270775
0.651250,0.238547
0.651750,-0.021917
0.652250,0.187857
0.652750,0.742307
0.653250,0.175045
0.653750,0.890908
0.654250,-0.009074
0.654750,0.263234
0.655250,0.063208
0.655750,0.465681
0.656250,0.621329
0.656750,0.761160
0.657250,0.915909
0.657750,0.408134
0.658250,0.150120
0.658750,0.531874
0.659250,-0.022853
0.659750,0.218289
0.660250,0.012428
0.660750,-0.020920
0.661250,-0.237124
0.661750,0.190486
0.662250,0.425410
0.662750,0.478993
0.663250,0.210951
0.663750,0.094929
0.664250,-0.006082
0.664750,0.454054
0.665250,0.307649
0.665750,-0.036125
0.666250,-0.338462
0.666750,-0.192850
0.667250,-0.402541
0.667750,-0.204550
0.668250,-0.445630
0.668750,-0.456332
0.669250,-0.453612
0.669750,-0.640524
0.670250,-0.329904
0.670750,-0.387244
0.671250,-0.213625
0.671750,-0.886193
0.672250,-1.130538
0.672750,-0.327321
0.673250,-1.254783
0.673750,-0.489767
0.674250,-0.485713
0.674750,-0.529006
0.675250,-0.912044
0.675750,-0.637716
0.676250,-0.641641
0.676750,-0.081771
0.677250,-0.752397
0.677750,-1.126338
0.678250,-0.873759
0.678750,-0.538242
0.679250,-0.380298
0.679750,-1.096263
0.680250,-0.452338
0.680750,-0.656339
0.681250,-0.159034
0.681750,-0.446854
0.682250,-0.934240
0.682750,-1.084828
0.683250,-0.923100
0.683750,-0.764931
0.684250,0.103843
0.684750,-0.518644
0.685250,-1.257707
0.685750,-1.036031
0.686250,-0.666080
0.686750,-1.024310
0.687250,-0.618876
0.687750,-0.214681
0.688250,-0.815337
0.688750,-0.555372
0.689250,-0.473324
0.689750,-0.913981
0.690250,-0.092954
0.690750,-0.594836
0.691250,0.356600
0.691750,0.010771
0.692250,-0.668738
0.692750,-0.729865
0.693250,0.169038
0.693750,-0.168806
0.694250,-1.345849
0.694750,-0.738111
0.695250,-0.570726
0.695750,-0.656385
0.696250,0.060352
0.696750,-0.759954
0.697250,-0.631534
0.697750,-0.294029
0.698250,-0.950325
0.698750,-1.080972
0.699250,-0.399139
0.699750,-0.438582
0.700250,-0.182408
0.700750,-0.541129
0.701250,-0.454313
0.701750,-0.701247
0.702250,-0.661204
0.702750,-0.409896
0.703250,-0.583672
0.703750,-0.923338
0.704250,-0.078634
0.704750,-0.729770
0.705250,-1.089655
0.705750,-0.579427
0.706250,-1.066407
0.706750,-1.132318
0.707250,-0.642649
0.707750,-1.181599
0.708250,-0.803073
0.708750,-0.998832
0.709250,-0.815143
0.709750,-0.629762
0.710250,-0.527407
0.710750,-0.483894
0.711250,-0.268041
0.711750,-0.152378
0.712250,-0.097166
0.712750,0.100344
0.713250,-0.665824
0.713750,0.126788
0.714250,0.096336
0.714750,0.154624
0.715250,-0.714107
0.715750,-0.154511
0.716250,-0.212673
0.716750,-0.407697
0.717250,0.362053
0.717750,-0.311055
0.718250,-0.028093
0.718750,0.205859
0.719250,-0.280799
0.719750,0.209288
0.720250,0.527365
0.720750,0.009051
0.721250,-0.170120
0.721750,-0.079935
0.722250,-0.326141
0.722750,-0.730726
0.723250,-0.216907
0.723750,-0.539220
0.724250,-0.712244
0.724750,-0.773093
0.725250,-0.887186
0.725750,0.365658
0.726250,-0.432664
0.726750,-0.378008
0.727250,-0.595001
0.727750,-0.664952
0.728250,-0.338430
0.728750,-0.153153
0.729250,-0.286779
0.729750,-0.086948
0.730250,-0.617261
0.730750,-0.810517
0.731250,-1.082072
0.731750,-0.723697
0.732250,-0.570084
0.732750,-0.228590
0.733250,-0.781904
0.733750,-0.120045
0.734250,-0.959776
0.734750,-0.776803
0.735250,-0.745011
0.735750,-0.537480
0.736250,-0.653180
0.736750,-0.983291
0.737250,-0.642823
0.737750,-0.081235
0.738250,-1.115649
0.738750,-0.422636
0.739250,-0.923323
0.739750,-1.179197
0.740250,-0.298895
0.740750,-1.414414
0.741250,-1.151510
0.741750,-0.642568
0.742250,-0.676192
0.742750,-0.096325
0.743250,-0.085494
0.743750,-0.862484
0.744250,-1.148093
0.744750,-0.295295
0.745250,-0.303384
0.745750,-0.864951
0.746250,-0.302345
0.746750,-0.759900
0.747250,-0.545222
0.747750,0.301039
0.748250,-0.867396
0.748750,-0.457393
0.749250,0.072420
0.749750,-0.403592
0.750250,-1.173372
0.750750,-0.166464
0.751250,-1.024035
0.751750,-0.326383
0.752250,-1.186421
0.752750,-0.837309
0.753250,-0.287071
0.753750,-0.631520
0.754250,-0.562211
0.754750,-0.392859
0.755250,-0.386404
0.755750,-1.213552
0.756250,-0.710364
0.756750,-0.541373
0.757250,-0.898231
0.757750,-1.633093
0.758250,-1.030785
0.758750,-0.835212
0.759250,-1.286387
0.759750,-1.293018
0.760250,-0.767467
0.760750,-1.271870
0.761250,-1.209537
0.761750,-1.279114
0.762250,-1.011551
0.762750,-1.994483
0.763250,-1.495651
0.763750,-1.036143
0.764250,-1.273773
0.764750,-1.548070
0.765250,-1.660413
0.765750,-1.952734
0.766250,-1.858282
0.766750,-2.113300
0.767250,-2.176867
0.767750,-1.119497
0.768250,-1.708748
0.768750,-1.180766
0.769250,-1.048012
0.769750,-1.478141
0.770250,-1.547440
0.770750,-1.205286
0.771250,-1.150243
0.771750,-1.120622
0.772250,-1.904703
0.772750,-0.868940
0.773250,-1.085137
0.773750,-1.490578
0.774250,-1.652001
0.774750,-1.391411
0.775250,-0.680202
0.775750,-0.949221
0.776250,-1.179601
0.776750,-1.457027
0.777250,-1.556251
0.777750,-1.604270
0.778250,-0.704996
0.778750,-0.473855
0.779250,-1.356097
0.779750,-1.209608
0.780250,-1.491479
0.780750,-1.638639
0.781250,-1.247210
0.781750,-1.195516
0.782250,-1.830818
0.782750,-1.254476
0.783250,-0.766552
0.783750,-1.521954
0.784250,-1.234381
0.784750,-1.156215
0.785250,-0.902456
0.785750,-1.123473
0.786250,-1.258658
0.786750,-1.557469
0.787250,-1.127892
0.787750,-0.896288
0.788250,-0.955293
0.788750,-0.430539
0.789250,-2.303488
0.789750,-1.548448
0.790250,-0.379398
0.790750,-1.498246
0.791250,-1.539740
0.791750,-1.273527
0.792250,-0.560188
0.792750,-1.347562
0.793250,-0.645572
0.793750,-0.227863
0.794250,-1.196202
0.794750,-1.883396
0.795250,-1.904235
0.795750,-1.732912
0.796250,-1.354318
0.796750,-1.381511
0.797250,-0.927491
0.797750,-1.303383
0.798250,-0.770957
0.798750,-1.211500
0.799250,-1.434578
0.799750,-0.963995
0.800250,-0.960797
0.800750,-1.301087
0.801250,-1.229201
0.801750,-1.336702
0.802250,-1.407642
0.802750,-1.577021
0.803250,-0.970678
0.803750,-1.628188
0.804250,-1.126661
0.804750,-1.468431
0.805250,-0.827219
0.805750,-1.925639
0.806250,-1.823979
0.806750,-1.303412
0.807250,-0.700791
0.807750,-1.074846
0.808250,-2.019320
0.808750,-0.854827
0.809250,-1.246559
0.809750,-0.592556
0.810250,-0.661265
0.810750,-0.753260
0.811250,-0.478952
0.811750,-1.264663
0.812250,-0.144051
0.812750,-0.646311
0.813250,-1.198795
0.813750,-0.595544
0.814250,-0.962427
0.814750,-1.123889
0.815250,-1.163377
0.815750,-0.668210
0.816250,-0.379448
0.816750,-1.378597
0.817250,-0.703408
0.817750,-0.428119
0.818250,-0.817556
0.818750,-0.714161
0.819250,-0.727600
0.819750,-0.730149
0.820250,-1.610404
0.820750,-0.617994
0.821250,-1.074077
0.821750,-0.689763
0.822250,-0.742110
0.822750,-1.064505
0.823250,-1.018158
0.823750,-0.689812
0.824250,-1.028521
0.824750,-0.387391
0.825250,-1.313653
0.825750,-0.890975
0.826250,-0.672244
0.826750,-0.581218
0.827250,-1.792258
0.827750,-1.458817
0.828250,-1.268404
0.828750,-0.820600
0.829250,-1.132876
0.829750,-1.157777
0.830250,-0.879908
0.830750,-1.479481
0.831250,-1.559753
0.831750,-1.236585
0.832250,-1.979300
0.832750,-1.220685
0.833250,-1.173505
0.833750,-1.433622
0.834250,-1.674252
0.834750,-1.131676
0.835250,-0.552017
0.835750,-1.613690
0.836250,-0.539535
0.836750,-1.032440
0.837250,-1.049553
0.837750,-1.597685
0.838250,-1.579426
0.838750,-0.933631
0.839250,-1.504129
0.839750,-1.630366
0.840250,-1.722515
0.840750,-1.228038
0.841250,-1.687001
0.841750,-1.439107
0.842250,-1.240099
0.842750,-0.959857
0.843250,-1.220806
0.843750,-1.812267
0.844250,-1.347764
0.844750,-0.618190
0.845250,-1.172327
0.845750,-0.490868
0.846250,-0.862232
0.846750,-0.944692
0.847250,-0.874756
0.847750,-0.925545
0.848250,-1.262520
0.848750,-1.385455
0.849250,-0.870530
0.849750,-1.017169
0.850250,-0.849284
0.850750,-0.902057
0.851250,-1.628327
0.851750,-1.936184
0.852250,-0.949488
0.852750,-1.252848
0.853250,-0.283983
0.853750,-0.537938
0.854250,-1.009218
0.854750,-1.236264
0.855250,-1.669522
0.855750,-0.707166
0.856250,-2.030751
0.856750,-1.365485
0.857250,-1.878810
0.857750,-1.148545
0.858250,-1.540781
0.858750,-1.028284
0.859250,-1.049977
0.859750,-1.026409
0.860250,-0.914814
0.860750,-1.761937
0.861250,-1.112934
0.861750,-1.237643
0.862250,-1.910378
0.862750,-1.789124
0.863250,-2.066547
0.863750,-0.994439
0.864250,-1.294040
0.864750,-1.691295
0.865250,-1.481862
0.865750,-1.773566
0.866250,-1.414195
0.866750,-1.491028
0.867250,-2.298933
0.867750,-1.505751
0.868250,-1.716691
0.868750,-0.950496
0.869250,-1.659249
0.869750,-1.893588
0.870250,-1.137875
0.870750,-2.811643
0.871250,-1.274046
0.871750,-1.948199
0.872250,-1.132457
0.872750,-1.811101
0.873250,-1.730373
0.873750,-2.136340
0.874250,-1.980560
0.874750,-1.625831
0.875250,-2.252718
0.875750,-1.966164
0.876250,-1.272101
0.876750,-1.660315
0.877250,-1.767927
0.877750,-1.925319
0.878250,-1.463975
0.878750,-2.293709
0.879250,-1.689728
0.879750,-1.703981
0.880250,-1.828980
0.880750,-2.684532
0.881250,-2.048143
0.881750,-2.295400
0.882250,-1.628984
0.882750,-1.582566
0.883250,-0.710299
0.883750,-0.879552
0.884250,-1.602443
0.884750,-1.085387
0.885250,-1.553795
0.885750,-1.784098
0.886250,-1.539465
0.886750,-1.354984
0.887250,-1.424984
0.887750,-1.488676
0.888250,-1.677484
0.888750,-1.659544
0.889250,-1.991174
0.889750,-1.788855
0.890250,-2.629610
0.890750,-1.424756
0.891250,-1.210686
0.891750,-2.129742
0.892250,-2.091123
0.892750,-1.845225
0.893250,-1.804453
0.893750,-1.375176
0.894250,-1.838579
0.894750,-1.241991
0.895250,-1.005659
0.895750,-1.110627
0.896250,-1.511670
0.896750,-2.727457
0.897250,-1.356942
0.897750,-1.586441
0.898250,-1.105960
0.898750,-1.269628
0.899250,-1.427151
0.899750,-1.245043
0.900250,-1.992215
0.900750,-1.426172
0.901250,-1.853462
0.901750,-2.060875
0.902250,-1.982475
0.902750,-1.621187
0.903250,-1.095115
0.903750,-2.085396
0.904250,-1.723012
0.904750,-1.929112
0.905250,-1.704696
0.905750,-1.650034
0.906250,-2.014334
0.906750,-2.039287
0.907250,-1.119881
0.907750,-0.904346
0.908250,-1.094146
0.908750,-0.912839
0.909250,-2.304839
0.909750,-1.596917
0.910250,-1.783457
0.910750,-1.153400
0.911250,-1.258254
0.911750,-1.101961
0.912250,-1.837631
0.912750,-1.369593
0.913250,-0.575489
0.913750,-0.769945
0.914250,-0.705606
0.914750,-0.277329
0.915250,-0.644197
0.915750,-1.289991
0.916250,-0.763578
0.916750,-1.090141
0.917250,-0.640119
0.917750,-1.295246
0.918250,-0.955026
0.918750,-1.122645
0.919250,-1.225698
0.919750,-0.811923
0.920250,-0.397232
0.920750,-0.621993
0.921250,-1.284729
0.921750,-0.593921
0.922250,-0.324102
0.922750,-0.634236
0.923250,-0.320078
0.923750,-0.651405
0.924250,-1.114828
0.924750,-0.309264
0.925250,-0.534118
0.925750,-1.091735
0.926250,-0.954193
0.926750,-0.875075
0.927250,-0.443976
0.927750,-0.463461
0.928250,-0.295302
0.928750,-0.949848
0.929250,-1.389101
0.929750,-0.954293
0.930250,-0.417435
0.930750,-0.498487
0.931250,-0.453678
0.931750,-0.628670
0.932250,-0.990345
0.932750,-0.838515
0.933250,-1.246122
0.933750,-1.252493
0.934250,-1.157354
0.934750,-0.953837
0.935250,-1.152485
0.935750,-1.437912
0.936250,-1.639019
0.936750,-2.107288
0.937250,-0.866452
0.937750,-0.856486
0.938250,-1.568684
0.938750,-1.083440
0.939250,-1.393803
0.939750,-1.242163
0.940250,-0.726731
0.940750,-1.262849
0.941250,-1.430906
0.941750,-1.157561
0.942250,-1.001895
0.942750,-0.467916
0.943250,-1.466218
0.943750,-0.945806
0.944250,-2.106023
0.944750,-1.263904
0.945250,-1.530203
0.945750,-1.207436
0.946250,-1.847514
0.946750,-1.601383
0.947250,-1.058069
0.947750,-0.950818
0.948250,-1.293206
0.948750,-1.136487
0.949250,-1.353608
0.949750,-1.282318
0.950250,-1.140257
0.950750,-1.067418
0.951250,-1.248457
0.951750,-1.100614
0.952250,-1.070080
0.952750,-1.195733
0.953250,-0.806413
0.953750,-0.727499
0.954250,-0.903285
0.954750,-1.219372
0.955250,-1.110581
0.955750,-1.262468
0.956250,-1.621118
0.956750,-0.371782
0.957250,-1.956685
0.957750,-0.765491
0.958250,-0.721343
0.958750,-1.521128
0.959250,-0.854674
0.959750,-1.311559
0.960250,-1.139280
0.960750,-1.563033
0.961250,-0.800557
0.961750,-1.527152
0.962250,-1.402612
0.962750,-1.264277
0.963250,-0.812913
0.963750,-0.656079
0.964250,-0.497691
0.964750,-1.060979
0.965250,-1.091641
0.965750,-0.887972
0.966250,-1.173709
0.966750,-0.739565
0.967250,-1.253119
0.967750,-1.000527
0.968250,-1.087192
0.968750,-1.906342
0.969250,-1.153014
0.969750,-1.247426
0.970250,-1.128552
0.970750,-1.697962
0.971250,-1.684581
0.971750,-1.339827
0.972250,-1.259588
0.972750,-1.530373
0.973250,-1.894918
0.973750,-1.561895
0.974250,-1.064083
0.974750,-1.374062
0.975250,-1.187860
0.975750,-1.336104
0.976250,-1.465171
0.976750,-1.538775
0.977250,-1.675206
0.977750,-1.173033
0.978250,-1.295394
0.978750,-1.710627
0.979250,-1.457793
0.979750,-1.648612
0.980250,-2.014177
0.980750,-1.714950
0.981250,-1.567638
0.981750,-1.324196
0.982250,-1.928140
0.982750,-1.451722
0.983250,-0.894010
0.983750,-1.228923
0.984250,-1.250416
0.984750,-0.472818
0.985250,-2.215497
0.985750,-1.423120
0.986250,-1.191611
0.986750,-0.615738
0.987250,-1.521477
0.987750,-1.715001
0.988250,-0.871826
0.988750,-1.058333
0.989250,-0.622911
0.989750,-0.923134
0.990250,-1.229257
0.990750,-1.144543
0.991250,-0.336536
0.991750,-1.298470
0.992250,-1.605431
0.992750,-1.178339
0.993250,-1.160282
0.993750,-0.583317
0.994250,-1.021645
0.994750,-1.252597
0.995250,-1.322074
0.995750,-0.744080
0.996250,-0.609301
0.996750,-0.771760
0.997250,-1.248873
0.997750,-1.593648
0.998250,-1.608097
0.998750,-0.985381
0.999250,-1.274007
0.999750,-0.614364
