0.000250,0.098121
0.000750,0.099175
0.001250,0.119563
0.001750,-0.011102
0.002250,0.013413
0.002750,0.133060
0.003250,0.191768
0.003750,0.186692
0.004250,0.307161
0.004750,0.494891
0.005250,0.649245
0.005750,0.582931
0.006250,0.518099
0.006750,0.479898
0.007250,0.631914
0.007750,0.603182
0.008250,0.645044
0.008750,0.550472
0.009250,0.426868
0.009750,0.381041
0.010250,0.346954
0.010750,0.447563
0.011250,0.622064
0.011750,0.637374
0.012250,0.736224
0.012750,0.654961
0.013250,0.647790
0.013750,0.676836
0.014250,0.740729
0.014750,0.937135
0.015250,1.055057
0.015750,1.198338
0.016250,1.180567
0.016750,1.241684
0.017250,1.252647
0.017750,1.147617
0.018250,1.049645
0.018750,1.060454
0.019250,1.074295
0.019750,1.112957
0.020250,1.166152
0.020750,1.198922
0.021250,1.221733
0.021750,1.128384
0.022250,1.034226
0.022750,0.916858
0.023250,0.873136
0.023750,0.835410
0.024250,0.762058
0.024750,0.805062
0.025250,0.854379
0.025750,0.876548
0.026250,1.080596
0.026750,1.106015
0.027250,1.085840
0.027750,1.080778
0.028250,1.100824
0.028750,1.065863
0.029250,1.084066
0.029750,1.076699
0.030250,1.063648
0.030750,1.114233
0.031250,1.294323
0.031750,1.316049
0.032250,1.412465
0.032750,1.604643
0.033250,1.662077
0.033750,1.685600
0.034250,1.643221
0.034750,1.609321
0.035250,1.420373
0.035750,1.390098
0.036250,1.383520
0.036750,1.325020
0.037250,1.337514
0.037750,1.306763
0.038250,1.378214
0.038750,1.423005
0.039250,1.406398
0.039750,1.421117
0.040250,1.285495
0.040750,1.473302
0.041250,1.332468
0.041750,1.219620
0.042250,1.092659
0.042750,0.986662
0.043250,0.992886
0.043750,0.885401
0.044250,0.737025
0.044750,0.733386
0.045250,0.782842
0.045750,0.933205
0.046250,0.868808
0.046750,0.943261
0.047250,0.998002
0.047750,0.994605
0.048250,1.114804
0.048750,1.059660
0.049250,1.161269
0.049750,0.968052
0.050250,1.024222
0.050750,0.925520
0.051250,0.954711
0.051750,0.946372
0.052250,0.863674
0.052750,0.984220
0.053250,1.011149
0.053750,1.152226
0.054250,1.045803
0.054750,1.195794
0.055250,1.233426
0.055750,1.412702
0.056250,1.434382
0.056750,1.554200
0.057250,1.421493
0.057750,1.438311
0.058250,1.484887
0.058750,1.386976
0.059250,1.096085
0.059750,1.197280
0.060250,1.097101
0.060750,1.070972
0.061250,1.085056
0.061750,0.913549
0.062250,0.854263
0.062750,1.093424
0.063250,1.034707
0.063750,1.043672
0.064250,1.027136
0.064750,1.110979
0.065250,1.017791
0.065750,0.950575
0.066250,0.993510
0.066750,0.855744
0.067250,0.757889
0.067750,0.659230
0.068250,0.683113
0.068750,0.605686
0.069250,0.502903
0.069750,0.245271
0.070250,0.219983
0.070750,0.173986
0.071250,0.252784
0.071750,0.247619
0.072250,0.178117
0.072750,0.090924
0.073250,0.250011
0.073750,0.415006
0.074250,0.393581
0.074750,0.455956
0.075250,0.415887
0.075750,0.452357
0.076250,0.436767
0.076750,0.341924
0.077250,0.428514
0.077750,0.268275
0.078250,0.312208
0.078750,0.242789
0.079250,0.279481
0.079750,0.172885
0.080250,0.214122
0.080750,0.146506
0.081250,0.227596
0.081750,0.373500
0.082250,0.214135
0.082750,0.239394
0.083250,0.371486
0.083750,0.475903
0.084250,0.543473
0.084750,0.601649
0.085250,0.778145
0.085750,0.544881
0.086250,0.689131
0.086750,0.653012
0.087250,0.681377
0.087750,0.690760
0.088250,0.590819
0.088750,0.541390
0.089250,0.472873
0.089750,0.436776
0.090250,0.456415
0.090750,0.133399
0.091250,0.182498
0.091750,0.049097
0.092250,0.126643
0.092750,0.131533
0.093250,0.074550
0.093750,0.211778
0.094250,0.041707
0.094750,0.023600
0.095250,0.107248
0.095750,0.032692
0.096250,0.194880
0.096750,0.178711
0.097250,0.139664
0.097750,0.093508
0.098250,0.033223
0.098750,0.000492
0.099250,-0.245667
0.099750,-0.325264
0.100250,-0.253868
0.100750,-0.633386
0.101250,-0.634570
0.101750,-0.617543
0.102250,-0.700557
0.102750,-0.664195
0.103250,-0.805511
0.103750,-0.940028
0.104250,-0.874061
0.104750,-0.912303
0.105250,-0.861523
0.105750,-0.703521
0.106250,-0.856646
0.106750,-0.807189
0.107250,-0.813652
0.107750,-0.725544
0.108250,-0.625991
0.108750,-0.646117
0.109250,-0.653673
0.109750,-0.668898
0.110250,-0.701752
0.110750,-0.583280
0.111250,-0.473938
0.111750,-0.758853
0.112250,-0.752227
0.112750,-0.771735
0.113250,-0.975704
0.113750,-0.806683
0.114250,-0.934325
0.114750,-0.930011
0.115250,-0.879156
0.115750,-1.050579
0.116250,-0.927154
0.116750,-0.814163
0.117250,-0.856817
0.117750,-0.657689
0.118250,-0.703828
0.118750,-0.582895
0.119250,-0.454129
0.119750,-0.397211
0.120250,-0.446717
0.120750,-0.311148
0.121250,-0.563825
0.121750,-0.457022
0.122250,-0.367469
0.122750,-0.281403
0.123250,-0.336278
0.123750,-0.431981
0.124250,-0.618203
0.124750,-0.541236
0.125250,-0.491495
0.125750,-0.672919
0.126250,-0.783736
0.126750,-0.610799
0.127250,-0.769005
0.127750,-0.787786
0.128250,-0.805216
0.128750,-1.001246
0.129250,-0.820627
0.129750,-1.013765
0.130250,-1.011182
0.130750,-1.036225
0.131250,-1.080913
0.131750,-1.037332
0.132250,-0.888188
0.132750,-0.840067
0.133250,-1.037069
0.133750,-0.771083
0.134250,-0.910404
0.134750,-1.194827
0.135250,-0.967941
0.135750,-0.917357
0.136250,-1.119798
0.136750,-1.114402
0.137250,-1.251849
0.137750,-1.301120
0.138250,-1.302878
0.138750,-1.438338
0.139250,-1.493570
0.139750,-1.717810
0.140250,-1.558149
0.140750,-1.759988
0.141250,-1.808130
0.141750,-1.775430
0.142250,-2.004879
0.142750,-1.920793
0.143250,-1.963115
0.143750,-2.021267
0.144250,-1.929047
0.144750,-1.852964
0.145250,-1.982203
0.145750,-1.908502
0.146250,-1.758703
0.146750,-1.625742
0.147250,-1.600128
0.147750,-1.510149
0.148250,-1.800877
0.148750,-1.740069
0.149250,-1.596696
0.149750,-1.568284
0.150250,-1.716202
0.150750,-1.665734
0.151250,-1.636261
0.151750,-1.621281
0.152250,-1.511860
0.152750,-1.476782
0.153250,-1.775982
0.153750,-1.834067
0.154250,-1.851116
0.154750,-2.079449
0.155250,-1.995510
0.155750,-1.888467
0.156250,-1.839074
0.156750,-1.835793
0.157250,-1.780357
0.157750,-1.662176
0.158250,-1.779330
0.158750,-1.669398
0.159250,-1.559037
0.159750,-1.659675
0.160250,-1.433732
0.160750,-1.245438
0.161250,-1.251006
0.161750,-1.433867
0.162250,-1.142580
0.162750,-1.159118
0.163250,-1.214713
0.163750,-1.146290
0.164250,-1.177292
0.164750,-1.211589
0.165250,-1.197245
0.165750,-1.151489
0.166250,-1.333971
0.166750,-1.100449
0.167250,-1.006301
0.167750,-1.153448
0.168250,-1.539140
0.168750,-1.489135
0.169250,-1.398773
0.169750,-1.684506
0.170250,-1.692005
0.170750,-1.652478
0.171250,-1.705214
0.171750,-1.637127
0.172250,-1.713697
0.172750,-1.622020
0.173250,-1.649246
0.173750,-1.608053
0.174250,-1.686559
0.174750,-1.635499
0.175250,-1.751642
0.175750,-1.480348
0.176250,-1.690207
0.176750,-1.629784
0.177250,-1.531889
0.177750,-1.348011
0.178250,-1.678479
0.178750,-1.637731
0.179250,-1.427968
0.179750,-1.555270
0.180250,-1.776686
0.180750,-1.700202
0.181250,-1.609720
0.181750,-1.816945
0.182250,-1.957071
0.182750,-1.983537
0.183250,-2.153785
0.183750,-2.321256
0.184250,-2.387695
0.184750,-2.289749
0.185250,-2.218441
0.185750,-2.389817
0.186250,-2.237665
0.186750,-2.256171
0.187250,-2.398451
0.187750,-2.556772
0.188250,-2.341841
0.188750,-2.538640
0.189250,-2.441444
0.189750,-2.292005
0.190250,-2.508134
0.190750,-2.548713
0.191250,-2.317322
0.191750,-2.147665
0.192250,-2.175647
0.192750,-2.337809
0.193250,-2.197077
0.193750,-1.987876
0.194250,-2.064081
0.194750,-2.078518
0.195250,-1.851510
0.195750,-1.942234
0.196250,-2.150097
0.196750,-1.961982
0.197250,-2.030100
0.197750,-2.050872
0.198250,-2.225075
0.198750,-2.102834
0.199250,-1.882439
0.199750,-2.024000
0.200250,-1.962169
0.200750,-1.917244
0.201250,-2.064180
0.201750,-2.140569
0.202250,-2.180608
0.202750,-2.135907
0.203250,-2.217167
0.203750,-2.246475
0.204250,-2.073167
0.204750,-2.069101
0.205250,-2.094094
0.205750,-1.959010
0.206250,-1.799370
0.206750,-1.597933
0.207250,-1.700001
0.207750,-1.810819
0.208250,-1.539887
0.208750,-1.488588
0.209250,-1.440701
0.209750,-1.225494
0.210250,-1.147938
0.210750,-1.173040
0.211250,-1.271039
0.211750,-1.185839
0.212250,-1.118579
0.212750,-1.240743
0.213250,-1.332201
0.213750,-1.204956
0.214250,-1.177120
0.214750,-1.349762
0.215250,-1.396776
0.215750,-1.193141
0.216250,-1.371585
0.216750,-1.529188
0.217250,-1.472934
0.217750,-1.474887
0.218250,-1.562336
0.218750,-1.448099
0.219250,-1.508052
0.219750,-1.348114
0.220250,-1.478338
0.220750,-1.532620
0.221250,-1.655229
0.221750,-1.566084
0.222250,-1.656744
0.222750,-1.665298
0.223250,-1.552333
0.223750,-1.437410
0.224250,-1.596167
0.224750,-1.562716
0.225250,-1.678934
0.225750,-1.515775
0.226250,-1.451986
0.226750,-1.300599
0.227250,-1.148724
0.227750,-1.194534
0.228250,-1.450026
0.228750,-1.468515
0.229250,-1.351560
0.229750,-1.420340
0.230250,-1.509538
0.230750,-1.548243
0.231250,-1.435057
0.231750,-1.517560
0.232250,-1.503389
0.232750,-1.758595
0.233250,-1.726091
0.233750,-1.656378
0.234250,-1.863630
0.234750,-2.055024
0.235250,-1.812592
0.235750,-1.992932
0.236250,-2.028371
0.236750,-2.196153
0.237250,-2.138947
0.237750,-2.104935
0.238250,-2.185032
0.238750,-2.184585
0.239250,-2.129988
0.239750,-2.080014
0.240250,-2.014573
0.240750,-1.942324
0.241250,-2.209311
0.241750,-1.981902
0.242250,-1.848617
0.242750,-2.202639
0.243250,-1.981763
0.243750,-1.865532
0.244250,-1.867524
0.244750,-1.596689
0.245250,-1.506804
0.245750,-1.475501
0.246250,-1.464798
0.246750,-1.511646
0.247250,-1.521430
0.247750,-1.598122
0.248250,-1.592572
0.248750,-1.656593
0.249250,-1.493627
0.249750,-1.374244
0.250250,-1.351932
0.250750,-1.516578
0.251250,-1.458598
0.251750,-1.447245
0.252250,-1.404173
0.252750,-1.448846
0.253250,-1.536731
0.253750,-1.477385
0.254250,-1.449612
0.254750,-1.632239
0.255250,-1.628876
0.255750,-1.573299
0.256250,-1.571108
0.256750,-1.749945
0.257250,-1.466279
0.257750,-1.126837
0.258250,-1.326591
0.258750,-1.439377
0.259250,-1.374685
0.259750,-1.166791
0.260250,-0.978920
0.260750,-0.973632
0.261250,-0.821922
0.261750,-0.837301
0.262250,-0.490072
0.262750,-0.783134
0.263250,-0.810136
0.263750,-0.689148
0.264250,-0.528894
0.264750,-0.499870
0.265250,-0.626247
0.265750,-0.476610
0.266250,-0.334133
0.266750,-0.315156
0.267250,-0.406751
0.267750,-0.334946
0.268250,-0.256672
0.268750,-0.173816
0.269250,-0.268805
0.269750,-0.342186
0.270250,-0.377103
0.270750,-0.351646
0.271250,-0.725639
0.271750,-0.635943
0.272250,-0.691792
0.272750,-0.498966
0.273250,-0.631310
0.273750,-0.745452
0.274250,-0.541851
0.274750,-0.653426
0.275250,-0.550297
0.275750,-0.659634
0.276250,-0.658144
0.276750,-0.849893
0.277250,-0.621219
0.277750,-0.519018
0.278250,-0.779054
0.278750,-0.596617
0.279250,-0.435230
0.279750,-0.546951
0.280250,-0.600698
0.280750,-0.683691
0.281250,-0.408564
0.281750,-0.470273
0.282250,-0.239700
0.282750,-0.457723
0.283250,-0.379973
0.283750,-0.322175
0.284250,-0.396312
0.284750,-0.492270
0.285250,-0.317892
0.285750,-0.274330
0.286250,-0.243459
0.286750,-0.375464
0.287250,-0.350498
0.287750,-0.287130
0.288250,-0.269888
0.288750,-0.552320
0.289250,-0.652994
0.289750,-0.499969
0.290250,-0.640151
0.290750,-0.817207
0.291250,-0.678309
0.291750,-0.792878
0.292250,-0.690936
0.292750,-0.755487
0.293250,-1.114325
0.293750,-1.030200
0.294250,-1.066635
0.294750,-1.027212
0.295250,-0.917302
0.295750,-0.906078
0.296250,-1.038459
0.296750,-1.191624
0.297250,-1.119155
0.297750,-1.051328
0.298250,-0.954499
0.298750,-0.990972
0.299250,-0.911219
0.299750,-0.808919
0.300250,-0.937762
0.300750,-0.878034
0.301250,-0.531376
0.301750,-0.560071
0.302250,-0.664379
0.302750,-0.636702
0.303250,-0.595740
0.303750,-0.361754
0.304250,-0.477568
0.304750,-0.390637
0.305250,-0.234258
0.305750,-0.220408
0.306250,-0.018869
0.306750,-0.051316
0.307250,-0.168780
0.307750,-0.255469
0.308250,-0.085136
0.308750,-0.204833
0.309250,-0.273368
0.309750,-0.230696
0.310250,-0.301610
0.310750,-0.302018
0.311250,-0.383988
0.311750,-0.545098
0.312250,-0.418807
0.312750,-0.307401
0.313250,-0.187330
0.313750,-0.297535
0.314250,-0.170439
0.314750,-0.205427
0.315250,-0.129072
0.315750,-0.191018
0.316250,-0.199371
0.316750,-0.133396
0.317250,0.098453
0.317750,0.129959
0.318250,0.090451
0.318750,-0.066551
0.319250,0.050805
0.319750,0.030191
0.320250,0.008136
0.320750,0.136260
0.321250,0.442174
0.321750,0.442948
0.322250,0.774228
0.322750,0.948987
0.323250,0.867738
0.323750,0.844849
0.324250,1.044024
0.324750,0.825839
0.325250,0.964257
0.325750,0.837932
0.326250,0.780223
0.326750,1.031236
0.327250,1.069792
0.327750,1.205742
0.328250,1.017447
0.328750,1.107302
0.329250,1.012430
0.329750,1.175099
0.330250,0.783923
0.330750,1.006001
0.331250,0.984951
0.331750,1.224717
0.332250,0.848670
0.332750,0.691760
0.333250,0.994117
0.333750,1.187172
0.334250,0.679549
0.334750,0.771883
0.335250,0.705385
0.335750,0.607045
0.336250,0.767419
0.336750,1.059807
0.337250,0.739555
0.337750,0.867346
0.338250,0.827152
0.338750,0.925391
0.339250,0.845466
0.339750,0.736305
0.340250,0.795847
0.340750,0.817199
0.341250,0.854410
0.341750,0.938884
0.342250,0.741213
0.342750,1.032226
0.343250,0.957336
0.343750,1.139498
0.344250,1.086784
0.344750,0.878699
0.345250,0.988886
0.345750,0.950374
0.346250,1.252404
0.346750,1.086229
0.347250,0.931774
0.347750,1.263831
0.348250,1.306211
0.348750,1.282885
0.349250,0.974585
0.349750,0.832767
0.350250,0.930613
0.350750,1.025922
0.351250,0.978393
0.351750,0.945776
0.352250,0.676725
0.352750,0.938913
0.353250,1.037759
0.353750,0.745332
0.354250,0.594403
0.354750,0.778061
0.355250,0.651725
0.355750,0.715448
0.356250,0.554929
0.356750,0.510188
0.357250,0.634260
0.357750,0.589182
0.358250,0.647666
0.358750,0.349647
0.359250,0.158598
0.359750,0.189916
0.360250,0.393211
0.360750,0.229385
0.361250,0.446687
0.361750,0.307043
0.362250,0.386477
0.362750,0.429736
0.363250,0.692736
0.363750,0.453410
0.364250,0.212326
0.364750,0.795326
0.365250,0.798668
0.365750,0.836272
0.366250,1.029171
0.366750,0.745581
0.367250,0.889649
0.367750,1.178507
0.368250,1.173871
0.368750,0.911333
0.369250,1.130890
0.369750,0.942732
0.370250,1.192121
0.370750,1.260203
0.371250,1.185941
0.371750,1.186158
0.372250,1.129501
0.372750,1.379348
0.373250,1.346880
0.373750,1.298023
0.374250,1.047020
0.374750,1.013458
0.375250,1.240275
0.375750,1.292091
0.376250,1.307107
0.376750,0.955370
0.377250,0.989161
0.377750,1.274955
0.378250,1.325544
0.378750,1.288517
0.379250,1.110637
0.379750,1.080807
0.380250,0.979544
0.380750,1.233586
0.381250,1.106432
0.381750,1.038973
0.382250,1.230887
0.382750,1.291101
0.383250,1.390839
0.383750,1.432394
0.384250,1.178146
0.384750,1.334179
0.385250,1.419118
0.385750,1.696429
0.386250,1.839853
0.386750,1.640421
0.387250,1.694141
0.387750,2.235779
0.388250,2.075058
0.388750,2.025106
0.389250,1.944579
0.389750,2.055490
0.390250,2.196896
0.390750,2.275407
0.391250,2.381783
0.391750,2.233334
0.392250,2.130709
0.392750,2.230759
0.393250,2.589818
0.393750,2.560313
0.394250,2.342676
0.394750,2.361188
0.395250,2.396333
0.395750,2.431480
0.396250,2.362024
0.396750,2.213558
0.397250,2.271353
0.397750,2.436218
0.398250,2.426286
0.398750,2.564154
0.399250,2.190108
0.399750,2.119122
0.400250,1.947214
0.400750,2.287904
0.401250,2.454417
0.401750,2.259083
0.402250,2.008312
0.402750,2.261557
0.403250,2.262820
0.403750,2.226258
0.404250,2.160032
0.404750,1.924985
0.405250,1.949443
0.405750,1.757675
0.406250,2.020605
0.406750,2.213818
0.407250,2.139044
0.407750,1.899318
0.408250,1.961749
0.408750,2.132042
0.409250,2.328977
0.409750,2.083077
0.410250,1.858095
0.410750,2.060054
0.411250,2.084167
0.411750,2.153013
0.412250,2.046436
0.412750,2.232006
0.413250,1.955534
0.413750,2.296228
0.414250,2.721598
0.414750,2.453255
0.415250,2.535191
0.415750,2.331234
0.416250,2.535224
0.416750,2.597190
0.417250,2.571574
0.417750,2.231491
0.418250,2.032217
0.418750,2.060326
0.419250,2.328627
0.419750,2.378178
0.420250,1.874517
0.420750,2.008226
0.421250,2.054478
0.421750,1.820332
0.422250,2.213507
0.422750,1.874756
0.423250,1.569665
0.423750,1.663374
0.424250,1.649835
0.424750,1.841379
0.425250,1.679981
0.425750,1.508181
0.426250,1.130573
0.426750,1.332578
0.427250,1.459267
0.427750,1.605223
0.428250,1.542443
0.428750,1.175287
0.429250,1.212195
0.429750,1.179116
0.430250,1.425856
0.430750,1.434928
0.431250,1.732185
0.431750,1.582140
0.432250,1.471410
0.432750,1.682636
0.433250,1.782777
0.433750,1.927640
0.434250,1.684153
0.434750,1.568891
0.435250,1.559564
0.435750,1.740698
0.436250,1.697240
0.436750,1.849580
0.437250,1.653300
0.437750,1.929932
0.438250,1.931253
0.438750,1.904770
0.439250,2.045621
0.439750,1.919669
0.440250,1.998582
0.440750,2.059183
0.441250,2.276993
0.441750,2.249661
0.442250,2.040528
0.442750,1.780404
0.443250,2.071319
0.443750,2.088604
0.444250,2.032707
0.444750,2.353957
0.445250,2.017451
0.445750,1.830929
0.446250,1.794926
0.446750,2.194206
0.447250,2.194260
0.447750,1.771086
0.448250,1.997572
0.448750,1.947527
0.449250,2.075936
0.449750,2.054970
0.450250,2.155018
0.450750,2.064003
0.451250,1.929532
0.451750,2.113805
0.452250,2.197352
0.452750,2.028426
0.453250,2.154144
0.453750,1.689679
0.454250,1.858082
0.454750,2.201941
0.455250,2.207796
0.455750,2.160898
0.456250,2.038042
0.456750,2.241237
0.457250,2.187113
0.457750,2.368980
0.458250,2.333242
0.458750,2.246116
0.459250,2.121877
0.459750,2.669562
0.460250,2.891654
0.460750,2.764007
0.461250,2.801946
0.461750,2.672088
0.462250,2.738963
0.462750,2.776381
0.463250,2.808214
0.463750,2.739796
0.464250,3.120141
0.464750,3.032123
0.465250,2.925629
0.465750,3.276793
0.466250,3.352735
0.466750,3.353090
0.467250,3.214315
0.467750,3.180186
0.468250,3.190451
0.468750,3.165736
0.469250,2.996075
0.469750,2.920789
0.470250,2.682804
0.470750,2.569228
0.471250,2.933691
0.471750,3.094080
0.472250,3.086714
0.472750,2.808978
0.473250,2.761389
0.473750,2.814804
0.474250,2.874162
0.474750,3.129540
0.475250,2.632490
0.475750,2.819938
0.476250,2.718321
0.476750,2.737681
0.477250,2.546428
0.477750,2.479504
0.478250,2.403753
0.478750,2.471607
0.479250,2.404310
0.479750,2.505787
0.480250,2.185655
0.480750,2.266319
0.481250,2.313242
0.481750,2.397908
0.482250,2.485873
0.482750,2.494269
0.483250,2.704969
0.483750,2.784138
0.484250,2.825027
0.484750,2.654537
0.485250,2.631677
0.485750,2.654737
0.486250,2.478485
0.486750,2.512316
0.487250,2.646512
0.487750,2.472039
0.488250,2.422125
0.488750,2.953397
0.489250,2.890178
0.489750,2.572319
0.490250,2.651879
0.490750,2.799568
0.491250,2.747200
0.491750,2.669982
0.492250,2.823353
0.492750,2.581017
0.493250,2.265309
0.493750,2.531955
0.494250,2.463299
0.494750,2.214621
0.495250,2.350701
0.495750,2.467757
0.496250,2.305047
0.496750,2.504096
0.497250,2.378577
0.497750,2.061924
0.498250,2.151879
0.498750,1.871004
0.499250,1.514045
0.499750,1.934461
0.500250,1.555165
0.500750,1.518505
0.501250,1.664848
0.501750,1.539037
0.502250,1.622172
0.502750,1.743113
0.503250,1.602246
0.503750,1.824358
0.504250,1.416059
0.504750,1.208719
0.505250,1.657449
0.505750,1.526939
0.506250,1.536442
0.506750,1.515645
0.507250,1.781011
0.507750,1.505741
0.508250,1.464252
0.508750,1.604008
0.509250,1.963781
0.509750,1.655196
0.510250,1.732747
0.510750,1.597325
0.511250,1.550464
0.511750,1.432815
0.512250,1.703282
0.512750,1.661993
0.513250,1.687806
0.513750,1.639027
0.514250,1.835909
0.514750,1.998710
0.515250,1.975465
0.515750,1.884742
0.516250,1.803731
0.516750,1.556471
0.517250,1.827425
0.517750,2.022649
0.518250,2.113339
0.518750,2.058500
0.519250,1.981789
0.519750,1.960125
0.520250,1.856545
0.520750,2.064360
0.521250,2.255028
0.521750,2.159349
0.522250,2.075124
0.522750,1.880162
0.523250,2.030228
0.523750,1.942155
0.524250,1.928046
0.524750,1.988203
0.525250,1.777657
0.525750,1.735459
0.526250,1.710213
0.526750,1.815449
0.527250,1.875781
0.527750,1.734169
0.528250,1.440508
0.528750,1.551308
0.529250,1.658515
0.529750,1.793792
0.530250,1.987624
0.530750,1.910377
0.531250,1.703240
0.531750,1.597189
0.532250,1.483475
0.532750,1.448132
0.533250,1.731098
0.533750,1.855118
0.534250,1.843413
0.534750,1.904218
0.535250,1.954624
0.535750,1.975369
0.536250,2.014564
0.536750,2.368390
0.537250,2.054426
0.537750,2.143765
0.538250,1.981175
0.538750,2.179752
0.539250,2.553806
0.539750,2.393269
0.540250,2.355097
0.540750,2.821830
0.541250,2.375235
0.541750,2.538172
0.542250,2.853672
0.542750,2.637673
0.543250,2.464544
0.543750,2.538258
0.544250,2.575701
0.544750,2.690113
0.545250,2.577174
0.545750,2.518779
0.546250,2.556840
0.546750,2.359835
0.547250,2.732046
0.547750,2.687822
0.548250,3.043498
0.548750,2.749862
0.549250,2.439970
0.549750,2.335935
0.550250,2.170626
0.550750,2.319108
0.551250,2.883497
0.551750,2.708316
0.552250,2.296378
0.552750,2.174569
0.553250,2.127507
0.553750,2.214345
0.554250,2.113325
0.554750,2.070802
0.555250,2.043863
0.555750,1.817767
0.556250,2.134324
0.556750,1.874879
0.557250,1.971018
0.557750,1.989482
0.558250,1.910474
0.558750,1.743519
0.559250,1.821061
0.559750,1.847032
0.560250,2.020973
0.560750,1.895078
0.561250,1.829575
0.561750,1.789786
0.562250,1.661811
0.562750,1.802819
0.563250,1.862082
0.563750,1.737562
0.564250,1.937100
0.564750,1.504978
0.565250,1.709273
0.565750,1.734178
0.566250,2.045542
0.566750,2.202902
0.567250,2.328747
0.567750,2.070849
0.568250,2.020158
0.568750,1.932997
0.569250,1.910666
0.569750,1.978500
0.570250,1.817985
0.570750,1.990478
0.571250,1.764942
0.571750,1.663435
0.572250,1.887173
0.572750,1.858921
0.573250,1.542245
0.573750,1.951895
0.574250,1.699878
0.574750,1.765226
0.575250,1.954449
0.575750,1.680760
0.576250,1.462198
0.576750,1.567731
0.577250,1.079284
0.577750,1.354723
0.578250,1.217683
0.578750,1.313886
0.579250,1.166715
0.579750,1.235252
0.580250,1.098796
0.580750,1.046650
0.581250,0.994957
0.581750,0.799993
0.582250,1.112656
0.582750,0.953912
0.583250,0.783712
0.583750,0.524488
0.584250,0.483774
0.584750,0.660878
0.585250,0.813643
0.585750,0.604584
0.586250,0.586116
0.586750,0.478010
0.587250,0.288537
0.587750,0.425177
0.588250,0.750444
0.588750,0.474364
0.589250,0.278570
0.589750,0.255783
0.590250,0.289472
0.590750,0.143659
0.591250,0.581801
0.591750,0.626132
0.592250,0.525892
0.592750,0.492718
0.593250,0.292409
0.593750,0.502009
0.594250,0.457908
0.594750,0.877769
0.595250,0.903696
0.595750,1.023893
0.596250,0.674630
0.596750,0.566485
0.597250,0.771819
0.597750,0.879965
0.598250,0.866140
0.598750,0.873456
0.599250,0.569284
0.599750,0.737549
0.600250,0.833740
0.600750,0.959226
0.601250,1.081586
0.601750,1.025966
0.602250,1.076395
0.602750,0.646829
0.603250,0.933309
0.603750,0.983636
0.604250,0.992599
0.604750,1.111582
0.605250,0.602765
0.605750,0.439253
0.606250,0.334622
0.606750,0.545746
0.607250,0.551832
0.607750,0.697692
0.608250,0.553373
0.608750,0.481041
0.609250,0.568681
0.609750,0.711424
0.610250,0.619991
0.610750,0.707869
0.611250,0.627924
0.611750,0.491490
0.612250,0.418888
0.612750,0.829504
0.613250,0.338628
0.613750,0.654511
0.614250,0.607691
0.614750,0.677212
0.615250,0.523761
0.615750,0.541985
0.616250,0.476236
0.616750,0.071423
0.617250,0.518067
0.617750,0.394950
0.618250,0.438476
0.618750,0.354213
0.619250,0.416515
0.619750,0.339420
0.620250,0.458197
0.620750,0.846284
0.621250,0.835464
0.621750,0.826830
0.622250,0.920901
0.622750,1.156649
0.623250,0.878618
0.623750,1.217453
0.624250,1.094776
0.624750,1.152311
0.625250,1.085899
0.625750,1.040593
0.626250,1.010651
0.626750,1.296730
0.627250,1.188788
0.627750,1.090179
0.628250,1.049716
0.628750,1.366675
0.629250,1.031546
0.629750,1.279293
0.630250,1.498260
0.630750,1.211107
0.631250,1.241565
0.631750,1.109565
0.632250,1.305925
0.632750,1.205541
0.633250,1.501326
0.633750,1.393814
0.634250,1.115525
0.634750,0.923262
0.635250,1.079564
0.635750,1.136461
0.636250,0.930063
0.636750,0.987753
0.637250,1.180297
0.637750,1.021918
0.638250,0.895847
0.638750,0.982755
0.639250,0.825943
0.639750,0.965732
0.640250,0.870887
0.640750,0.528733
0.641250,0.711525
0.641750,0.349415
0.642250,0.175854
0.642750,0.336467
0.643250,0.657357
0.643750,0.648987
0.644250,0.592681
0.644750,0.355030
0.645250,0.228607
0.645750,0.344441
0.646250,0.272381
0.646750,0.521349
0.647250,0.260262
0.647750,0.327234
0.648250,0.297979
0.648750,0.330073
0.649250,0.234218
0.649750,0.426593
0.650250,0.225743
0.650750,0.136199
0.651250,0.192043
0.651750,0.227535
0.652250,0.137967
0.652750,0.329841
0.653250,0.375553
0.653750,0.473084
0.654250,0.367609
0.654750,0.337266
0.655250,0.122701
0.655750,0.345360
0.656250,0.544948
0.656750,0.420630
0.657250,0.396666
0.657750,0.281397
0.658250,0.352821
0.658750,0.513788
0.659250,0.181334
0.659750,0.254496
0.660250,0.033236
0.660750,0.047718
0.661250,0.108313
0.661750,0.219593
0.662250,0.017059
0.662750,0.026824
0.663250,0.338188
0.663750,0.081933
0.664250,-0.022775
0.664750,0.198381
0.665250,-0.155003
0.665750,-0.139983
0.666250,-0.445216
0.666750,-0.640498
0.667250,-0.432699
0.667750,-0.647503
0.668250,-1.108924
0.668750,-0.769992
0.669250,-0.768622
0.669750,-0.613240
0.670250,-0.778114
0.670750,-1.083035
0.671250,-0.999258
0.671750,-0.977138
0.672250,-0.988326
0.672750,-1.138196
0.673250,-1.023493
0.673750,-0.847820
0.674250,-1.030336
0.674750,-1.245000
0.675250,-1.271106
0.675750,-1.502970
0.676250,-1.413386
0.676750,-1.147528
0.677250,-1.244327
0.677750,-1.091138
0.678250,-1.460410
0.678750,-1.174582
0.679250,-1.149462
0.679750,-1.271458
0.680250,-1.271224
0.680750,-1.181061
0.681250,-1.051858
0.681750,-1.375410
0.682250,-1.145001
0.682750,-1.132123
0.683250,-0.842200
0.683750,-0.829582
0.684250,-0.654039
0.684750,-1.091427
0.685250,-1.360508
0.685750,-1.054789
0.686250,-1.032026
0.686750,-1.355442
0.687250,-0.811487
0.687750,-0.834482
0.688250,-0.930740
0.688750,-1.222318
0.689250,-1.096130
0.689750,-1.055335
0.690250,-0.706962
0.690750,-0.594401
0.691250,-0.660243
0.691750,-0.944142
0.692250,-0.881267
0.692750,-1.008314
0.693250,-0.705991
0.693750,-0.553932
0.694250,-0.704525
0.694750,-0.929216
0.695250,-1.423104
0.695750,-0.903248
0.696250,-1.271351
0.696750,-0.934282
0.697250,-0.893836
0.697750,-1.099567
0.698250,-1.273143
0.698750,-1.406874
0.699250,-1.163433
0.699750,-1.011325
0.700250,-1.009904
0.700750,-1.063900
0.701250,-0.874598
0.701750,-1.317606
0.702250,-1.386540
0.702750,-1.276111
0.703250,-1.438495
0.703750,-1.213103
0.704250,-1.368832
0.704750,-1.375879
0.705250,-0.982543
0.705750,-1.257164
0.706250,-1.372703
0.706750,-1.669882
0.707250,-1.242704
0.707750,-1.357286
0.708250,-1.367792
0.708750,-1.068697
0.709250,-1.347337
0.709750,-0.975843
0.710250,-1.284234
0.710750,-1.134637
0.711250,-0.987513
0.711750,-1.091381
0.712250,-0.918813
0.712750,-0.843902
0.713250,-0.922905
0.713750,-0.852745
0.714250,-0.678865
0.714750,-0.979870
0.715250,-0.638357
0.715750,-0.577096
0.716250,-0.794704
0.716750,-0.794851
0.717250,-0.398678
0.717750,-0.732198
0.718250,-0.240643
0.718750,-0.292758
0.719250,-0.388165
0.719750,-0.479847
0.720250,-0.321172
0.720750,-0.397507
0.721250,-0.144605
0.721750,-0.281143
0.722250,-0.310647
0.722750,-0.645100
0.723250,-0.529693
0.723750,-0.353540
0.724250,-0.748648
0.724750,-0.751237
0.725250,-0.626527
0.725750,-0.370366
0.726250,-0.524008
0.726750,-0.704599
0.727250,-0.824042
0.727750,-0.648030
0.728250,-0.556666
0.728750,-0.564226
0.729250,-0.639454
0.729750,-0.590206
0.730250,-1.038044
0.730750,-0.997863
0.731250,-1.070985
0.731750,-0.871996
0.732250,-1.055177
0.732750,-1.147601
0.733250,-0.855159
0.733750,-1.233016
0.734250,-1.070206
0.734750,-1.298695
0.735250,-1.346508
0.735750,-1.058180
0.736250,-1.326926
0.736750,-1.369902
0.737250,-1.266553
0.737750,-1.276775
0.738250,-1.320169
0.738750,-1.273899
0.739250,-1.419935
0.739750,-1.643020
0.740250,-1.551622
0.740750,-1.688687
0.741250,-1.706504
0.741750,-1.362501
0.742250,-1.349014
0.742750,-1.044946
0.743250,-1.363168
0.743750,-1.012955
0.744250,-1.495556
0.744750,-1.255208
0.745250,-1.373705
0.745750,-1.250293
0.746250,-1.258929
0.746750,-1.319583
0.747250,-1.457630
0.747750,-1.448934
0.748250,-1.741673
0.748750,-1.284774
0.749250,-1.254146
0.749750,-1.154455
0.750250,-1.255736
0.750750,-1.139520
0.751250,-1.482240
0.751750,-1.438425
0.752250,-1.239165
0.752750,-1.369354
0.753250,-1.417011
0.753750,-1.391514
0.754250,-1.599692
0.754750,-1.389980
0.755250,-1.472157
0.755750,-1.697877
0.756250,-1.798466
0.756750,-1.489859
0.757250,-1.748649
0.757750,-1.617261
0.758250,-1.780670
0.758750,-1.927074
0.759250,-2.033073
0.759750,-2.066283
0.760250,-1.975556
0.760750,-1.874257
0.761250,-2.209354
0.761750,-2.072903
0.762250,-2.183481
0.762750,-2.295590
0.763250,-2.651163
0.763750,-2.475679
0.764250,-2.650033
0.764750,-2.453077
0.765250,-2.358296
0.765750,-2.657056
0.766250,-2.889525
0.766750,-2.684933
0.767250,-2.481383
0.767750,-2.686278
0.768250,-2.776454
0.768750,-2.699535
0.769250,-2.926521
0.769750,-2.771987
0.770250,-2.878990
0.770750,-2.805677
0.771250,-2.574297
0.771750,-2.703194
0.772250,-2.783975
0.772750,-3.008388
0.773250,-2.833286
0.773750,-2.805826
0.774250,-2.943631
0.774750,-2.645544
0.775250,-2.661327
0.775750,-2.956483
0.776250,-2.825893
0.776750,-2.794078
0.777250,-2.725938
0.777750,-3.030607
0.778250,-2.597937
0.778750,-2.756874
0.779250,-2.445896
0.779750,-2.555216
0.780250,-2.709805
0.780750,-2.704123
0.781250,-2.953350
0.781750,-2.668370
0.782250,-2.518290
0.782750,-2.254292
0.783250,-2.363339
0.783750,-2.511317
0.784250,-2.618125
0.784750,-2.363284
0.785250,-2.150826
0.785750,-2.153368
0.786250,-2.194683
0.786750,-2.267773
0.787250,-2.494486
0.787750,-2.514941
0.788250,-2.444024
0.788750,-2.429170
0.789250,-2.204789
0.789750,-2.040530
0.790250,-2.307635
0.790750,-2.636977
0.791250,-2.542886
0.791750,-2.729550
0.792250,-2.785486
0.792750,-2.395482
0.793250,-2.415348
0.793750,-2.560707
0.794250,-2.469405
0.794750,-2.743536
0.795250,-2.799067
0.795750,-2.827094
0.796250,-2.638968
0.796750,-2.566374
0.797250,-2.525960
0.797750,-2.443222
0.798250,-2.450317
0.798750,-2.745620
0.799250,-2.420258
0.799750,-2.844458
0.800250,-2.956848
0.800750,-2.698600
0.801250,-2.937163
0.801750,-2.534315
0.802250,-2.692071
0.802750,-2.938574
0.803250,-2.782925
0.803750,-2.873430
0.804250,-2.628970
0.804750,-2.799122
0.805250,-2.485749
0.805750,-2.673915
0.806250,-2.798408
0.806750,-2.284034
0.807250,-2.149844
0.807750,-2.044437
0.808250,-2.384239
0.808750,-2.286735
0.809250,-2.299517
0.809750,-2.260464
0.810250,-1.869364
0.810750,-1.956910
0.811250,-1.696878
0.811750,-1.830051
0.812250,-2.090158
0.812750,-1.901676
0.813250,-1.968151
0.813750,-2.178135
0.814250,-2.160872
0.814750,-2.241362
0.815250,-1.779918
0.815750,-1.959631
0.816250,-1.716613
0.816750,-1.957563
0.817250,-1.694880
0.817750,-1.579144
0.818250,-1.880548
0.818750,-1.535027
0.819250,-1.632082
0.819750,-1.739512
0.820250,-1.672424
0.820750,-1.370848
0.821250,-1.721988
0.821750,-1.696532
0.822250,-1.517244
0.822750,-1.600500
0.823250,-1.636090
0.823750,-1.494299
0.824250,-1.816049
0.824750,-1.768998
0.825250,-1.790868
0.825750,-2.081834
0.826250,-1.561024
0.826750,-1.616242
0.827250,-1.742275
0.827750,-1.912943
0.828250,-2.121581
0.828750,-2.065607
0.829250,-2.222352
0.829750,-2.217882
0.830250,-2.065299
0.830750,-2.384055
0.831250,-2.205641
0.831750,-2.405478
0.832250,-2.730886
0.832750,-2.553162
0.833250,-2.380023
0.833750,-2.306754
0.834250,-2.561141
0.834750,-2.266892
0.835250,-2.156426
0.835750,-2.530853
0.836250,-2.320466
0.836750,-2.334765
0.837250,-2.170998
0.837750,-2.335789
0.838250,-2.377029
0.838750,-2.323842
0.839250,-2.629754
0.839750,-2.802588
0.840250,-2.536886
0.840750,-2.559125
0.841250,-2.486246
0.841750,-2.343630
0.842250,-2.463331
0.842750,-2.085725
0.843250,-2.609701
0.843750,-2.533467
0.844250,-2.433226
0.844750,-2.407771
0.845250,-2.273849
0.845750,-2.020263
0.846250,-2.169264
0.846750,-2.433021
0.847250,-2.422283
0.847750,-2.483831
0.848250,-2.601355
0.848750,-2.345391
0.849250,-2.064752
0.849750,-2.053701
0.850250,-1.799573
0.850750,-2.405696
0.851250,-2.446061
0.851750,-2.551525
0.852250,-2.298857
0.852750,-1.740681
0.853250,-2.001724
0.853750,-2.239826
0.854250,-2.288933
0.854750,-2.443723
0.855250,-2.757048
0.855750,-2.613445
0.856250,-2.678000
0.856750,-2.890654
0.857250,-2.933798
0.857750,-3.036194
0.858250,-3.173898
0.858750,-2.884069
0.859250,-2.618590
0.859750,-2.758916
0.860250,-2.428766
0.860750,-2.980245
0.861250,-2.884126
0.861750,-2.945752
0.862250,-3.301058
0.862750,-2.825085
0.863250,-3.152606
0.863750,-3.528916
0.864250,-3.085377
0.864750,-2.981616
0.865250,-3.271327
0.865750,-3.155903
0.866250,-3.245657
0.866750,-3.424455
0.867250,-3.662399
0.867750,-3.775780
0.868250,-3.706351
0.868750,-3.427083
0.869250,-3.297505
0.869750,-3.868541
0.870250,-3.689154
0.870750,-4.132094
0.871250,-3.588493
0.871750,-3.338203
0.872250,-3.660067
0.872750,-3.637022
0.873250,-3.474989
0.873750,-3.813523
0.874250,-3.503934
0.874750,-3.795045
0.875250,-3.675081
0.875750,-3.743377
0.876250,-3.058180
0.876750,-3.193329
0.877250,-3.543929
0.877750,-3.304223
0.878250,-3.545435
0.878750,-3.503736
0.879250,-3.047658
0.879750,-3.153079
0.880250,-3.367697
0.880750,-3.298935
0.881250,-3.394065
0.881750,-3.341585
0.882250,-3.243072
0.882750,-3.187961
0.883250,-2.795817
0.883750,-2.952652
0.884250,-3.186814
0.884750,-2.990583
0.885250,-3.223475
0.885750,-3.131544
0.886250,-2.911611
0.886750,-2.604786
0.887250,-2.602302
0.887750,-2.808385
0.888250,-2.951236
0.888750,-2.952041
0.889250,-3.097120
0.889750,-2.942012
0.890250,-3.026529
0.890750,-3.087146
0.891250,-2.680096
0.891750,-2.809085
0.892250,-2.887550
0.892750,-3.284880
0.893250,-3.306627
0.893750,-3.091077
0.894250,-3.023685
0.894750,-2.528274
0.895250,-2.499141
0.895750,-2.980787
0.896250,-2.782977
0.896750,-3.338595
0.897250,-2.990192
0.897750,-2.891938
0.898250,-3.109900
0.898750,-2.813154
0.899250,-2.948150
0.899750,-3.168727
0.900250,-3.375883
0.900750,-3.410514
0.901250,-3.309702
0.901750,-3.169057
0.902250,-3.133689
0.902750,-2.883003
0.903250,-2.812683
0.903750,-3.382171
0.904250,-3.257915
0.904750,-3.170479
0.905250,-3.264648
0.905750,-3.023089
0.906250,-3.479809
0.906750,-2.766702
0.907250,-2.640693
0.907750,-2.899509
0.908250,-2.727615
0.908750,-2.949706
0.909250,-2.875761
0.909750,-2.806135
0.910250,-2.996880
0.910750,-2.590828
0.911250,-2.305402
0.911750,-2.341783
0.912250,-2.417231
0.912750,-2.610174
0.913250,-2.087060
0.913750,-2.196553
0.914250,-2.213994
0.914750,-2.004842
0.915250,-2.212989
0.915750,-2.401105
0.916250,-2.214511
0.916750,-2.300148
0.917250,-1.786164
0.917750,-1.850256
0.918250,-2.188835
0.918750,-1.672568
0.919250,-1.965979
0.919750,-2.100570
0.920250,-2.046333
0.920750,-2.113446
0.921250,-1.745755
0.921750,-1.736600
0.922250,-1.195544
0.922750,-1.157302
0.923250,-1.919512
0.923750,-1.775998
0.924250,-1.969661
0.924750,-1.907954
0.925250,-1.968150
0.925750,-1.877747
0.926250,-1.497577
0.926750,-1.697282
0.927250,-1.836760
0.927750,-1.799607
0.928250,-1.730160
0.928750,-1.812020
0.929250,-1.827633
0.929750,-2.011924
0.930250,-1.761466
0.930750,-1.824690
0.931250,-2.000814
0.931750,-1.704559
0.932250,-2.266663
0.932750,-2.013477
0.933250,-2.298876
0.933750,-2.257649
0.934250,-1.992269
0.934750,-2.032078
0.935250,-2.043607
0.935750,-2.191336
0.936250,-2.542704
0.936750,-2.269044
0.937250,-2.305398
0.937750,-2.371393
0.938250,-2.093205
0.938750,-2.163074
0.939250,-2.362530
0.939750,-2.679555
0.940250,-2.233010
0.940750,-2.382102
0.941250,-2.038316
0.941750,-2.129727
0.942250,-2.202426
0.942750,-2.044968
0.943250,-2.336484
0.943750,-2.004152
0.944250,-2.296045
0.944750,-2.316870
0.945250,-2.283620
0.945750,-2.321419
0.946250,-2.316068
0.946750,-2.340914
0.947250,-2.419932
0.947750,-2.281784
0.948250,-2.520400
0.948750,-2.300463
0.949250,-2.201278
0.949750,-2.007782
0.950250,-2.145242
0.950750,-2.333294
0.951250,-1.933629
0.951750,-2.213549
0.952250,-2.139500
0.952750,-1.957717
0.953250,-1.918285
0.953750,-2.034161
0.954250,-1.817074
0.954750,-2.191458
0.955250,-2.212364
0.955750,-1.970753
0.956250,-2.417177
0.956750,-2.246642
0.957250,-1.889616
0.957750,-1.911321
0.958250,-1.580672
0.958750,-2.176824
0.959250,-1.804646
0.959750,-1.972904
0.960250,-2.231625
0.960750,-2.196655
0.961250,-2.001925
0.961750,-2.290498
0.962250,-1.890639
0.962750,-2.259427
0.963250,-2.325226
0.963750,-2.043949
0.964250,-2.238671
0.964750,-2.418693
0.965250,-2.427209
0.965750,-2.197224
0.966250,-2.270741
0.966750,-2.308991
0.967250,-2.652602
0.967750,-2.519014
0.968250,-2.435974
0.968750,-2.896331
0.969250,-2.585494
0.969750,-2.460264
0.970250,-2.947148
0.970750,-2.611302
0.971250,-3.246725
0.971750,-3.000799
0.972250,-2.865798
0.972750,-3.496279
0.973250,-3.456114
0.973750,-3.209266
0.974250,-3.089483
0.974750,-2.722177
0.975250,-3.040400
0.975750,-3.017084
0.976250,-3.011608
0.976750,-3.211049
0.977250,-2.855989
0.977750,-3.002491
0.978250,-3.092923
0.978750,-3.114878
0.979250,-3.211629
0.979750,-3.065932
0.980250,-3.469661
0.980750,-3.533673
0.981250,-3.128755
0.981750,-3.075436
0.982250,-3.048695
0.982750,-2.631147
0.983250,-2.944988
0.983750,-3.004518
0.984250,-2.922858
0.984750,-2.683494
0.985250,-2.823502
0.985750,-2.684592
0.986250,-2.522084
0.986750,-2.370722
0.987250,-2.361540
0.987750,-2.802708
0.988250,-2.263008
0.988750,-2.668111
0.989250,-2.516751
0.989750,-2.371861
0.990250,-2.351887
0.990750,-2.226942
0.991250,-2.185513
0.991750,-2.236938
0.992250,-2.443191
0.992750,-2.551588
0.993250,-2.331177
0.993750,-2.406444
0.994250,-2.424960
0.994750,-2.269179
0.995250,-2.175210
0.995750,-2.185767
0.996250,-2.252927
0.996750,-2.126386
0.997250,-2.240057
0.997750,-2.420245
0.998250,-2.338110
0.998750,-1.796474
0.999250,-1.799816
0.999750,-1.775143
