0.000250,0.094041
0.000750,0.077915
0.001250,0.038614
0.001750,-0.127240
0.002250,-0.171271
0.002750,0.036494
0.003250,0.103155
0.003750,0.101064
0.004250,0.203370
0.004750,0.567681
0.005250,0.816668
0.005750,0.745645
0.006250,0.627782
0.006750,0.646202
0.007250,0.681469
0.007750,0.663989
0.008250,0.730432
0.008750,0.773577
0.009250,0.507405
0.009750,0.500178
0.010250,0.409052
0.010750,0.672615
0.011250,0.957906
0.011750,0.840919
0.012250,0.841931
0.012750,0.718056
0.013250,0.814764
0.013750,1.052974
0.014250,0.960281
0.014750,1.275701
0.015250,1.599396
0.015750,1.729134
0.016250,1.627213
0.016750,1.909523
0.017250,1.855106
0.017750,1.568265
0.018250,1.349188
0.018750,1.572341
0.019250,1.554998
0.019750,1.789342
0.020250,1.687227
0.020750,1.795251
0.021250,1.597582
0.021750,1.586336
0.022250,1.379783
0.022750,1.291085
0.023250,1.354307
0.023750,1.156630
0.024250,1.280473
0.024750,1.210089
0.025250,1.312891
0.025750,1.186435
0.026250,1.375535
0.026750,1.394138
0.027250,1.433187
0.027750,1.584136
0.028250,1.552593
0.028750,1.525391
0.029250,1.680396
0.029750,1.429935
0.030250,1.598721
0.030750,1.834950
0.031250,1.855340
0.031750,1.929819
0.032250,1.946134
0.032750,2.213217
0.033250,1.992672
0.033750,2.046092
0.034250,2.195561
0.034750,2.018031
0.035250,1.898562
0.035750,2.411285
0.036250,1.802857
0.036750,1.668019
0.037250,1.923555
0.037750,1.893926
0.038250,1.514712
0.038750,1.710239
0.039250,1.638632
0.039750,1.643363
0.040250,1.818867
0.040750,1.746616
0.041250,1.682681
0.041750,1.529063
0.042250,1.270600
0.042750,1.118658
0.043250,1.046882
0.043750,0.662502
0.044250,0.656657
0.044750,0.692542
0.045250,0.979604
0.045750,1.035205
0.046250,0.978264
0.046750,1.075697
0.047250,1.119896
0.047750,0.863858
0.048250,1.678139
0.048750,0.919236
0.049250,1.320237
0.049750,0.795793
0.050250,1.225278
0.050750,1.132487
0.051250,1.109112
0.051750,1.373443
0.052250,0.681035
0.052750,1.215063
0.053250,1.258905
0.053750,1.640901
0.054250,1.313449
0.054750,1.601688
0.055250,1.265418
0.055750,1.689728
0.056250,1.676497
0.056750,1.871606
0.057250,1.806588
0.057750,1.847604
0.058250,1.935232
0.058750,2.012140
0.059250,1.232873
0.059750,1.710049
0.060250,1.323512
0.060750,1.552542
0.061250,1.759938
0.061750,1.297958
0.062250,1.633516
0.062750,1.260090
0.063250,1.137124
0.063750,1.453177
0.064250,1.282613
0.064750,1.607121
0.065250,1.427817
0.065750,0.683535
0.066250,1.283726
0.066750,0.923667
0.067250,1.441513
0.067750,0.796651
0.068250,0.971280
0.068750,0.597958
0.069250,0.090879
0.069750,0.435436
0.070250,-0.088697
0.070750,0.719628
0.071250,0.397657
0.071750,0.522203
0.072250,0.637058
0.072750,0.233207
0.073250,0.372435
0.073750,0.831246
0.074250,0.424407
0.074750,0.722580
0.075250,0.522383
0.075750,0.692279
0.076250,0.448840
0.076750,0.494726
0.077250,0.485403
0.077750,0.651166
0.078250,0.514791
0.078750,0.374935
0.079250,0.317887
0.079750,0.222617
0.080250,0.234082
0.080750,0.872871
0.081250,0.765515
0.081750,0.925484
0.082250,0.724262
0.082750,0.588768
0.083250,1.107309
0.083750,1.503004
0.084250,0.739404
0.084750,1.399283
0.085250,1.181997
0.085750,0.659571
0.086250,1.348639
0.086750,1.058753
0.087250,1.222259
0.087750,1.162791
0.088250,1.272427
0.088750,1.165278
0.089250,0.881287
0.089750,1.355482
0.090250,1.013683
0.090750,0.670376
0.091250,0.873707
0.091750,1.034248
0.092250,0.733995
0.092750,0.860663
0.093250,0.653773
0.093750,0.527481
0.094250,0.380009
0.094750,0.345671
0.095250,0.580722
0.095750,0.620528
0.096250,0.708122
0.096750,0.531610
0.097250,0.416947
0.097750,0.592626
0.098250,0.166972
0.098750,0.311155
0.099250,0.271715
0.099750,-0.060018
0.100250,0.083497
0.100750,-0.635393
0.101250,-0.356829
0.101750,-0.657273
0.102250,-0.331526
0.102750,-0.542222
0.103250,-0.820121
0.103750,-0.988627
0.104250,-0.858107
0.104750,-0.800065
0.105250,-0.589247
0.105750,0.118660
0.106250,-0.567892
0.106750,-0.716075
0.107250,-0.665575
0.107750,-0.400593
0.108250,-0.238323
0.108750,-0.554650
0.109250,-0.826808
0.109750,-0.473951
0.110250,-0.730444
0.110750,-0.331318
0.111250,-0.564180
0.111750,-0.415418
0.112250,-0.803397
0.112750,-0.378483
0.113250,-1.602086
0.113750,-0.176956
0.114250,-0.701133
0.114750,-0.889377
0.115250,-0.901099
0.115750,-0.918461
0.116250,-0.956391
0.116750,-0.943902
0.117250,-0.473450
0.117750,-0.671718
0.118250,-0.798828
0.118750,-0.198054
0.119250,0.270497
0.119750,-0.232134
0.120250,-0.136175
0.120750,0.316873
0.121250,-0.391535
0.121750,0.010555
0.122250,-0.256456
0.122750,0.233976
0.123250,-0.291362
0.123750,-0.406643
0.124250,-0.671371
0.124750,0.159616
0.125250,-0.075482
0.125750,-0.388502
0.126250,-0.341137
0.126750,-0.018937
0.127250,-0.938201
0.127750,-0.351990
0.128250,-0.196230
0.128750,-0.673815
0.129250,-0.918036
0.129750,-1.122784
0.130250,-1.195961
0.130750,-0.950609
0.131250,-1.270061
0.131750,-0.652200
0.132250,-0.868284
0.132750,-0.754930
0.133250,-0.751434
0.133750,-0.827242
0.134250,-1.269863
0.134750,-1.422492
0.135250,-1.040523
0.135750,-0.633169
0.136250,-1.415028
0.136750,-1.179325
0.137250,-1.444948
0.137750,-1.297564
0.138250,-1.285793
0.138750,-1.386964
0.139250,-1.425750
0.139750,-1.693246
0.140250,-1.496850
0.140750,-1.723585
0.141250,-2.073797
0.141750,-2.219545
0.142250,-2.213556
0.142750,-1.772217
0.143250,-2.887903
0.143750,-2.258698
0.144250,-2.731065
0.144750,-2.584340
0.145250,-2.436946
0.145750,-3.066565
0.146250,-2.702104
0.146750,-1.840666
0.147250,-1.964277
0.147750,-1.945528
0.148250,-2.252926
0.148750,-2.450435
0.149250,-1.321950
0.149750,-2.260432
0.150250,-2.512190
0.150750,-1.670649
0.151250,-2.123800
0.151750,-1.661514
0.152250,-1.675132
0.152750,-2.078778
0.153250,-2.029411
0.153750,-2.236986
0.154250,-2.533608
0.154750,-3.121494
0.155250,-2.917395
0.155750,-2.171469
0.156250,-2.398938
0.156750,-1.917137
0.157250,-2.050233
0.157750,-2.222304
0.158250,-2.340279
0.158750,-2.390760
0.159250,-1.608936
0.159750,-1.653543
0.160250,-1.917618
0.160750,-1.514985
0.161250,-1.216386
0.161750,-1.884120
0.162250,-0.945718
0.162750,-1.511785
0.163250,-1.126758
0.163750,-1.257534
0.164250,-1.342335
0.164750,-1.348782
0.165250,-1.686846
0.165750,-1.423441
0.166250,-1.466338
0.166750,-0.858606
0.167250,-0.848896
0.167750,-1.447385
0.168250,-1.839897
0.168750,-1.573512
0.169250,-1.302123
0.169750,-1.990814
0.170250,-1.758060
0.170750,-2.265523
0.171250,-1.983293
0.171750,-1.865061
0.172250,-1.752204
0.172750,-2.099160
0.173250,-1.449459
0.173750,-1.838888
0.174250,-1.565595
0.174750,-2.002243
0.175250,-1.946229
0.175750,-1.103217
0.176250,-2.408938
0.176750,-2.008904
0.177250,-1.355095
0.177750,-1.282594
0.178250,-1.860771
0.178750,-1.567400
0.179250,-1.235427
0.179750,-1.511530
0.180250,-2.073225
0.180750,-1.642887
0.181250,-1.721803
0.181750,-1.879473
0.182250,-1.797597
0.182750,-2.532706
0.183250,-2.802879
0.183750,-2.615574
0.184250,-2.792786
0.184750,-2.541300
0.185250,-2.483971
0.185750,-2.320104
0.186250,-3.200794
0.186750,-2.190716
0.187250,-2.961076
0.187750,-2.898632
0.188250,-2.188466
0.188750,-2.923242
0.189250,-2.840014
0.189750,-2.609135
0.190250,-3.093751
0.190750,-2.888300
0.191250,-2.371814
0.191750,-2.001100
0.192250,-3.091504
0.192750,-3.055829
0.193250,-2.401860
0.193750,-2.495250
0.194250,-2.880144
0.194750,-2.515335
0.195250,-1.747592
0.195750,-2.304961
0.196250,-2.698426
0.196750,-1.820997
0.197250,-1.927590
0.197750,-2.490916
0.198250,-3.033756
0.198750,-2.590243
0.199250,-2.282038
0.199750,-1.613076
0.200250,-1.797207
0.200750,-1.215167
0.201250,-2.132193
0.201750,-2.763169
0.202250,-2.330027
0.202750,-2.386731
0.203250,-2.291183
0.203750,-2.381885
0.204250,-2.379129
0.204750,-1.805363
0.205250,-2.048668
0.205750,-1.523915
0.206250,-1.484642
0.206750,-1.602551
0.207250,-1.943588
0.207750,-1.508704
0.208250,-1.140769
0.208750,-1.266634
0.209250,-0.860314
0.209750,-0.615669
0.210250,-0.337406
0.210750,-0.707743
0.211250,-0.845383
0.211750,-0.761114
0.212250,-1.163186
0.212750,-0.476254
0.213250,-0.609193
0.213750,-0.523632
0.214250,-0.684873
0.214750,-0.721239
0.215250,-0.129053
0.215750,-0.635588
0.216250,-0.583846
0.216750,-0.788710
0.217250,-1.542043
0.217750,-1.089126
0.218250,-0.913168
0.218750,-0.690183
0.219250,-0.972270
0.219750,-1.468365
0.220250,-1.052808
0.220750,-0.949244
0.221250,-0.655131
0.221750,-0.405903
0.222250,-0.576601
0.222750,-1.638574
0.223250,-1.235880
0.223750,-1.127938
0.224250,-1.512102
0.224750,-1.303172
0.225250,-1.161325
0.225750,-1.303897
0.226250,-1.094175
0.226750,-1.148822
0.227250,-0.583235
0.227750,-0.608849
0.228250,-1.131569
0.228750,-1.391560
0.229250,-0.752277
0.229750,-0.671566
0.230250,-1.108241
0.230750,-1.471532
0.231250,-0.875024
0.231750,-1.352022
0.232250,-1.419683
0.232750,-1.570702
0.233250,-1.049194
0.233750,-0.965689
0.234250,-1.716994
0.234750,-2.122122
0.235250,-0.537292
0.235750,-2.178552
0.236250,-1.625293
0.236750,-2.688878
0.237250,-1.232755
0.237750,-1.935011
0.238250,-2.363729
0.238750,-1.907547
0.239250,-2.682374
0.239750,-2.554628
0.240250,-2.165264
0.240750,-2.466020
0.241250,-2.047909
0.241750,-1.358359
0.242250,-1.737399
0.242750,-2.646800
0.243250,-1.970483
0.243750,-2.273914
0.244250,-2.533660
0.244750,-1.775566
0.245250,-0.886845
0.245750,-1.188192
0.246250,-1.574961
0.246750,-1.606950
0.247250,-1.577088
0.247750,-1.517479
0.248250,-1.815016
0.248750,-1.608350
0.249250,-1.455524
0.249750,-1.479402
0.250250,-1.583818
0.250750,-1.117056
0.251250,-0.763228
0.251750,-1.316797
0.252250,-0.959959
0.252750,-0.854980
0.253250,-0.893171
0.253750,-1.167336
0.254250,-0.412785
0.254750,-1.503597
0.255250,-1.121548
0.255750,-1.293916
0.256250,-1.581126
0.256750,-1.208974
0.257250,-0.451704
0.257750,-0.474718
0.258250,-0.808716
0.258750,-1.100020
0.259250,-0.897219
0.259750,-0.869785
0.260250,-0.903645
0.260750,-0.197582
0.261250,-0.205421
0.261750,-0.215863
0.262250,-0.024520
0.262750,0.874413
0.263250,-0.667278
0.263750,-0.104021
0.264250,0.517907
0.264750,-0.556115
0.265250,-0.132234
0.265750,-0.188892
0.266250,0.565936
0.266750,-0.306072
0.267250,-0.097305
0.267750,0.420134
0.268250,-0.274513
0.268750,-0.046993
0.269250,0.088563
0.269750,-0.520812
0.270250,0.125791
0.270750,0.354352
0.271250,-0.570829
0.271750,-0.265789
0.272250,-0.593136
0.272750,-0.506692
0.273250,-0.156159
0.273750,-0.613881
0.274250,0.557738
0.274750,-0.109443
0.275250,0.265121
0.275750,0.063641
0.276250,0.010181
0.276750,-0.702972
0.277250,-0.440079
0.277750,0.234845
0.278250,-1.237260
0.278750,0.475963
0.279250,-0.637413
0.279750,0.599617
0.280250,0.073427
0.280750,-0.864435
0.281250,0.463148
0.281750,0.120774
0.282250,0.414805
0.282750,-0.384512
0.283250,0.214110
0.283750,-0.288101
0.284250,-0.152005
0.284750,-0.970048
0.285250,-0.170177
0.285750,0.310995
0.286250,0.020419
0.286750,-0.347097
0.287250,0.725695
0.287750,-0.499716
0.288250,0.231413
0.288750,0.057843
0.289250,-1.055518
0.289750,0.258608
0.290250,-0.203623
0.290750,-0.249066
0.291250,-0.145545
0.291750,-0.958986
0.292250,0.034164
0.292750,-1.284787
0.293250,-1.316475
0.293750,-0.945940
0.294250,-1.069367
0.294750,-1.737870
0.295250,-0.013369
0.295750,-0.590623
0.296250,-1.044294
0.296750,-1.506474
0.297250,-1.047023
0.297750,-0.634360
0.298250,-0.651651
0.298750,-1.100398
0.299250,-0.017062
0.299750,-0.158674
0.300250,-1.075614
0.300750,-1.504007
0.301250,-0.178157
0.301750,-0.468544
0.302250,-0.568998
0.302750,0.189715
0.303250,-0.087539
0.303750,-0.160422
0.304250,-0.007601
0.304750,-0.129308
0.305250,-0.692905
0.305750,0.011381
0.306250,0.124502
0.306750,-0.630480
0.307250,0.536360
0.307750,0.679810
0.308250,0.378011
0.308750,0.388304
0.309250,0.141200
0.309750,0.061987
0.310250,0.351884
0.310750,-0.272570
0.311250,-0.121792
0.311750,-0.658267
0.312250,-0.496141
0.312750,-0.168874
0.313250,0.606391
0.313750,-0.769451
0.314250,-0.440307
0.314750,0.135624
0.315250,0.046597
0.315750,0.354016
0.316250,0.552917
0.316750,-0.144510
0.317250,0.536518
0.317750,0.414080
0.318250,0.785222
0.318750,-0.316923
0.319250,0.081006
0.319750,1.071740
0.320250,0.429904
0.320750,0.257528
0.321250,1.192041
0.321750,0.766628
0.322250,1.188104
0.322750,1.128920
0.323250,1.500008
0.323750,1.865686
0.324250,1.887872
0.324750,1.857857
0.325250,1.376980
0.325750,1.847719
0.326250,2.500410
0.326750,1.709262
0.327250,1.496182
0.327750,1.795022
0.328250,1.216660
0.328750,1.738199
0.329250,2.090540
0.329750,2.023582
0.330250,1.730783
0.330750,1.867889
0.331250,2.224498
0.331750,1.803545
0.332250,1.144247
0.332750,1.786486
0.333250,2.178550
0.333750,1.955892
0.334250,1.625059
0.334750,1.790080
0.335250,2.152746
0.335750,1.950030
0.336250,0.620510
0.336750,1.781106
0.337250,1.921585
0.337750,1.762172
0.338250,1.251002
0.338750,1.761696
0.339250,2.324243
0.339750,1.872706
0.340250,1.559438
0.340750,1.977868
0.341250,1.631138
0.341750,1.909878
0.342250,1.003696
0.342750,2.013965
0.343250,1.140578
0.343750,1.793362
0.344250,1.075337
0.344750,1.378829
0.345250,1.703198
0.345750,1.848864
0.346250,2.299206
0.346750,2.649236
0.347250,2.344173
0.347750,2.381233
0.348250,1.527980
0.348750,1.342439
0.349250,1.942520
0.349750,1.162066
0.350250,2.355563
0.350750,1.352120
0.351250,1.784323
0.351750,2.500637
0.352250,0.523533
0.352750,2.140173
0.353250,1.642569
0.353750,0.315035
0.354250,2.080337
0.354750,1.560552
0.355250,1.000581
0.355750,0.659395
0.356250,1.111323
0.356750,1.399701
0.357250,1.404355
0.357750,1.315536
0.358250,1.410197
0.358750,1.209772
0.359250,1.227310
0.359750,0.678071
0.360250,1.934852
0.360750,1.530690
0.361250,0.636297
0.361750,0.630902
0.362250,1.453434
0.362750,1.307643
0.363250,1.613259
0.363750,1.409411
0.364250,0.404970
0.364750,1.659593
0.365250,0.985416
0.365750,1.519774
0.366250,2.005136
0.366750,1.715978
0.367250,1.649662
0.367750,0.980456
0.368250,2.025722
0.368750,2.019341
0.369250,1.868428
0.369750,2.321081
0.370250,2.371742
0.370750,2.883180
0.371250,3.064144
0.371750,2.844180
0.372250,2.215636
0.372750,1.651010
0.373250,3.161637
0.373750,2.023863
0.374250,2.942348
0.374750,2.972876
0.375250,1.675342
0.375750,2.636170
0.376250,2.293882
0.376750,1.600338
0.377250,2.468067
0.377750,1.423528
0.378250,2.500670
0.378750,1.822368
0.379250,2.302714
0.379750,2.797029
0.380250,2.654711
0.380750,2.804328
0.381250,2.173733
0.381750,2.439123
0.382250,3.168785
0.382750,2.771932
0.383250,2.945191
0.383750,3.161091
0.384250,2.790991
0.384750,3.104306
0.385250,2.390461
0.385750,3.936567
0.386250,4.169274
0.386750,3.118252
0.387250,2.956859
0.387750,3.608579
0.388250,3.914416
0.388750,3.059974
0.389250,3.494183
0.389750,3.895384
0.390250,4.905179
0.390750,3.425247
0.391250,3.898544
0.391750,3.740600
0.392250,3.959538
0.392750,4.308996
0.393250,4.572939
0.393750,3.733670
0.394250,4.266781
0.394750,4.588139
0.395250,4.577933
0.395750,3.455464
0.396250,4.290564
0.396750,4.987902
0.397250,3.879247
0.397750,4.176038
0.398250,3.538552
0.398750,4.650748
0.399250,4.509260
0.399750,3.830294
0.400250,4.168850
0.400750,4.116814
0.401250,4.202138
0.401750,4.772012
0.402250,3.580884
0.402750,5.004398
0.403250,4.237806
0.403750,4.187455
0.404250,4.523408
0.404750,4.758573
0.405250,3.646630
0.405750,3.623076
0.406250,3.170650
0.406750,3.600909
0.407250,4.064013
0.407750,3.829051
0.408250,3.710478
0.408750,3.283555
0.409250,3.816927
0.409750,4.282389
0.410250,3.080447
0.410750,3.228846
0.411250,3.199463
0.411750,3.397318
0.412250,3.955490
0.412750,4.292797
0.413250,3.611084
0.413750,4.090797
0.414250,4.883430
0.414750,4.614953
0.415250,5.090703
0.415750,4.552025
0.416250,4.316620
0.416750,4.942663
0.417250,4.238592
0.417750,3.923044
0.418250,3.817599
0.418750,2.823648
0.419250,3.776996
0.419750,3.902570
0.420250,3.859341
0.420750,3.473758
0.421250,3.182112
0.421750,3.332457
0.422250,4.886191
0.422750,3.346055
0.423250,3.361230
0.423750,2.455269
0.424250,3.174704
0.424750,2.969468
0.425250,3.281480
0.425750,3.675723
0.426250,2.743174
0.426750,2.846313
0.427250,3.285769
0.427750,2.599445
0.428250,2.850205
0.428750,2.733497
0.429250,2.306472
0.429750,1.979780
0.430250,2.508601
0.430750,3.281295
0.431250,3.669976
0.431750,2.952176
0.432250,3.298465
0.432750,3.713645
0.433250,3.446847
0.433750,3.263136
0.434250,3.440843
0.434750,3.048903
0.435250,2.009170
0.435750,3.299035
0.436250,2.900589
0.436750,2.882166
0.437250,2.797742
0.437750,3.924061
0.438250,3.992271
0.438750,4.153159
0.439250,4.913361
0.439750,3.247564
0.440250,3.682721
0.440750,2.726871
0.441250,4.353781
0.441750,3.913481
0.442250,2.908671
0.442750,2.983989
0.443250,3.154676
0.443750,3.860992
0.444250,3.566814
0.444750,4.075253
0.445250,3.552652
0.445750,3.069278
0.446250,3.672292
0.446750,3.017031
0.447250,4.294437
0.447750,3.904455
0.448250,3.923341
0.448750,4.011170
0.449250,3.987786
0.449750,3.863415
0.450250,4.294343
0.450750,4.231086
0.451250,3.731198
0.451750,3.039811
0.452250,3.784130
0.452750,4.358515
0.453250,4.302518
0.453750,3.095296
0.454250,3.240934
0.454750,4.314528
0.455250,4.257340
0.455750,4.464781
0.456250,4.119380
0.456750,3.973012
0.457250,4.380660
0.457750,3.838797
0.458250,3.565559
0.458750,4.020824
0.459250,3.433333
0.459750,4.534670
0.460250,4.055561
0.460750,4.893103
0.461250,4.416678
0.461750,3.826265
0.462250,3.796305
0.462750,4.238427
0.463250,4.206709
0.463750,4.189401
0.464250,4.095299
0.464750,4.731900
0.465250,4.381295
0.465750,5.453870
0.466250,4.698643
0.466750,5.348524
0.467250,3.877917
0.467750,4.371145
0.468250,4.305810
0.468750,4.943376
0.469250,5.094719
0.469750,5.170789
0.470250,3.742015
0.470750,3.698452
0.471250,4.631646
0.471750,5.205512
0.472250,4.238155
0.472750,4.617511
0.473250,4.374062
0.473750,4.226657
0.474250,5.286283
0.474750,4.723017
0.475250,4.440429
0.475750,4.654141
0.476250,4.669198
0.476750,4.610064
0.477250,4.695855
0.477750,4.299270
0.478250,3.423172
0.478750,3.528165
0.479250,4.365112
0.479750,3.262476
0.480250,3.786233
0.480750,3.242237
0.481250,4.443641
0.481750,3.621510
0.482250,4.499483
0.482750,4.721747
0.483250,4.217500
0.483750,4.248997
0.484250,4.625343
0.484750,4.618229
0.485250,3.424590
0.485750,4.201247
0.486250,3.744339
0.486750,3.482386
0.487250,3.885846
0.487750,4.460799
0.488250,4.051413
0.488750,4.499966
0.489250,4.815952
0.489750,4.275012
0.490250,3.718279
0.490750,4.447410
0.491250,3.898094
0.491750,3.377343
0.492250,5.068544
0.492750,3.841851
0.493250,3.447053
0.493750,3.015195
0.494250,3.825131
0.494750,3.677399
0.495250,3.618053
0.495750,4.253904
0.496250,3.810740
0.496750,4.255137
0.497250,3.387676
0.497750,2.676419
0.498250,3.042606
0.498750,2.832613
0.499250,2.589292
0.499750,2.785044
0.500250,2.542739
0.500750,2.370030
0.501250,3.482186
0.501750,2.422948
0.502250,2.236073
0.502750,2.898504
0.503250,3.339648
0.503750,2.948821
0.504250,2.895409
0.504750,2.858129
0.505250,2.200235
0.505750,2.389988
0.506250,1.915221
0.506750,2.206011
0.507250,3.093262
0.507750,2.334685
0.508250,1.637351
0.508750,2.175241
0.509250,2.271109
0.509750,2.238800
0.510250,1.468480
0.510750,2.560866
0.511250,2.736420
0.511750,1.523580
0.512250,2.781214
0.512750,2.393575
0.513250,1.659940
0.513750,2.159211
0.514250,2.027980
0.514750,3.534269
0.515250,3.102737
0.515750,2.854029
0.516250,3.219338
0.516750,2.808991
0.517250,2.592996
0.517750,3.277255
0.518250,3.300692
0.518750,3.623169
0.519250,2.547029
0.519750,3.226544
0.520250,2.513463
0.520750,3.254212
0.521250,2.557723
0.521750,2.500389
0.522250,3.641271
0.522750,2.935933
0.523250,2.193999
0.523750,3.843053
0.524250,2.785419
0.524750,3.072866
0.525250,3.702854
0.525750,2.546478
0.526250,1.745717
0.526750,2.982710
0.527250,2.076608
0.527750,2.442728
0.528250,1.700941
0.528750,2.662207
0.529250,2.523405
0.529750,2.387853
0.530250,3.752795
0.530750,3.384695
0.531250,2.873580
0.531750,2.555762
0.532250,2.204753
0.532750,1.988492
0.533250,2.599590
0.533750,2.885617
0.534250,3.597308
0.534750,3.234181
0.535250,4.116526
0.535750,3.882826
0.536250,2.423929
0.536750,3.012899
0.537250,3.428380
0.537750,3.409627
0.538250,3.007057
0.538750,4.434087
0.539250,3.911664
0.539750,4.346848
0.540250,3.519640
0.540750,4.599625
0.541250,3.102632
0.541750,3.887200
0.542250,4.716648
0.542750,2.820981
0.543250,3.915017
0.543750,4.052876
0.544250,3.460198
0.544750,3.050606
0.545250,3.922588
0.545750,4.104583
0.546250,3.314779
0.546750,3.089109
0.547250,4.018626
0.547750,3.869096
0.548250,3.567921
0.548750,4.314984
0.549250,4.026135
0.549750,3.438696
0.550250,2.666410
0.550750,3.616988
0.551250,2.700947
0.551750,4.073292
0.552250,3.275410
0.552750,4.020652
0.553250,3.396637
0.553750,3.117196
0.554250,2.891940
0.554750,2.583130
0.555250,3.502039
0.555750,3.210202
0.556250,3.463906
0.556750,4.131389
0.557250,3.150723
0.557750,3.103635
0.558250,3.264409
0.558750,4.025281
0.559250,3.364736
0.559750,2.614056
0.560250,3.723816
0.560750,3.470523
0.561250,2.912813
0.561750,3.479483
0.562250,3.765495
0.562750,2.854111
0.563250,2.519631
0.563750,2.398963
0.564250,2.789998
0.564750,2.259459
0.565250,2.530174
0.565750,2.116060
0.566250,3.496492
0.566750,3.604954
0.567250,3.129343
0.567750,3.078922
0.568250,3.011636
0.568750,2.584102
0.569250,4.206269
0.569750,2.870461
0.570250,2.679751
0.570750,3.256961
0.571250,2.800886
0.571750,2.793298
0.572250,3.022319
0.572750,2.916087
0.573250,2.860797
0.573750,2.453591
0.574250,3.661912
0.574750,0.925477
0.575250,2.925030
0.575750,2.440211
0.576250,1.456311
0.576750,2.206305
0.577250,2.495386
0.577750,1.529818
0.578250,1.488401
0.578750,2.301422
0.579250,2.621214
0.579750,2.666334
0.580250,1.440276
0.580750,1.324015
0.581250,0.623395
0.581750,1.786315
0.582250,1.511439
0.582750,0.946381
0.583250,1.673415
0.583750,0.342538
0.584250,0.819903
0.584750,1.068894
0.585250,0.988908
0.585750,2.486928
0.586250,1.152651
0.586750,0.487753
0.587250,1.848230
0.587750,2.462106
0.588250,1.839069
0.588750,1.093954
0.589250,0.242870
0.589750,1.027978
0.590250,0.806217
0.590750,0.270121
0.591250,0.904926
0.591750,1.007878
0.592250,1.592956
0.592750,0.767687
0.593250,0.815972
0.593750,0.989486
0.594250,0.997544
0.594750,2.351098
0.595250,1.997242
0.595750,0.695773
0.596250,1.289173
0.596750,0.814552
0.597250,1.737834
0.597750,2.598774
0.598250,1.590342
0.598750,1.719327
0.599250,1.579245
0.599750,0.506242
0.600250,1.810029
0.600750,1.724447
0.601250,2.934414
0.601750,1.111654
0.602250,2.218974
0.602750,2.171964
0.603250,1.567937
0.603750,1.924825
0.604250,1.363668
0.604750,1.680405
0.605250,0.485698
0.605750,1.395397
0.606250,1.304353
0.606750,1.333095
0.607250,1.843419
0.607750,1.363154
0.608250,0.255785
0.608750,1.016468
0.609250,1.191639
0.609750,2.142366
0.610250,0.942609
0.610750,1.496463
0.611250,0.859333
0.611750,0.616086
0.612250,1.424589
0.612750,1.137267
0.613250,0.586784
0.613750,1.208370
0.614250,1.939994
0.614750,1.868171
0.615250,2.100438
0.615750,1.314643
0.616250,1.283533
0.616750,0.123531
0.617250,1.399843
0.617750,2.059846
0.618250,1.675436
0.618750,0.935390
0.619250,1.309885
0.619750,1.296698
0.620250,0.525856
0.620750,0.645197
0.621250,1.171655
0.621750,2.077720
0.622250,1.423713
0.622750,2.238550
0.623250,2.734005
0.623750,3.273222
0.624250,3.746555
0.624750,1.741352
0.625250,2.248627
0.625750,3.078811
0.626250,2.823652
0.626750,2.589372
0.627250,3.429387
0.627750,2.051980
0.628250,3.009167
0.628750,3.290026
0.629250,1.949766
0.629750,1.186590
0.630250,2.669366
0.630750,2.013375
0.631250,2.774762
0.631750,3.224224
0.632250,3.137232
0.632750,1.963195
0.633250,3.683975
0.633750,1.023607
0.634250,2.518418
0.634750,1.808160
0.635250,1.938995
0.635750,2.693451
0.636250,2.765469
0.636750,2.883051
0.637250,2.411448
0.637750,3.603884
0.638250,1.941660
0.638750,1.896700
0.639250,2.528178
0.639750,2.504342
0.640250,3.218543
0.640750,1.302981
0.641250,2.168695
0.641750,1.100198
0.642250,0.798235
0.642750,0.807525
0.643250,2.245871
0.643750,2.025765
0.644250,2.103131
0.644750,0.812302
0.645250,1.438114
0.645750,0.921718
0.646250,1.876172
0.646750,2.659703
0.647250,1.620739
0.647750,2.038859
0.648250,2.102916
0.648750,1.894309
0.649250,-0.430347
0.649750,1.854455
0.650250,0.829852
0.650750,0.974921
0.651250,1.528101
0.651750,0.826774
0.652250,2.278682
0.652750,1.656238
0.653250,1.557997
0.653750,2.102367
0.654250,1.537941
0.654750,2.093777
0.655250,1.591525
0.655750,2.097993
0.656250,2.958898
0.656750,1.319394
0.657250,2.082142
0.657750,0.932320
0.658250,0.842168
0.658750,2.007010
0.659250,0.019941
0.659750,0.281695
0.660250,0.715351
0.660750,1.007338
0.661250,0.832382
0.661750,0.496241
0.662250,1.418458
0.662750,1.014604
0.663250,0.150248
0.663750,0.330518
0.664250,0.080812
0.664750,2.001131
0.665250,0.790065
0.665750,0.969554
0.666250,0.044393
0.666750,0.472029
0.667250,0.950638
0.667750,-0.040240
0.668250,-0.935294
0.668750,-1.018772
0.669250,0.346056
0.669750,-0.134869
0.670250,0.518043
0.670750,-0.608935
0.671250,0.513799
0.671750,-0.807381
0.672250,-0.859266
0.672750,-0.306338
0.673250,-1.401891
0.673750,0.343407
0.674250,-0.322615
0.674750,-0.254948
0.675250,-0.868532
0.675750,-1.425629
0.676250,-0.722724
0.676750,-1.027410
0.677250,-0.309550
0.677750,0.045485
0.678250,-0.929598
0.678750,-1.308097
0.679250,-1.077881
0.679750,-0.818186
0.680250,-1.365729
0.680750,1.190131
0.681250,0.389806
0.681750,-0.903457
0.682250,-1.343131
0.682750,-0.261399
0.683250,0.270835
0.683750,-0.454432
0.684250,0.887370
0.684750,-0.490303
0.685250,-1.770754
0.685750,-0.157695
0.686250,-0.307450
0.686750,-1.712070
0.687250,0.346008
0.687750,0.447775
0.688250,-0.258259
0.688750,-0.536702
0.689250,-1.119895
0.689750,0.778959
0.690250,-0.660425
0.690750,0.449266
0.691250,0.585336
0.691750,0.516532
0.692250,-1.210608
0.692750,-0.197051
0.693250,0.077661
0.693750,0.687313
0.694250,0.074448
0.694750,-0.790695
0.695250,-0.320720
0.695750,-0.623361
0.696250,-0.432747
0.696750,-0.241518
0.697250,1.365540
0.697750,-0.217946
0.698250,-0.529770
0.698750,-0.715238
0.699250,-1.214788
0.699750,-0.596999
0.700250,-0.570441
0.700750,-0.426926
0.701250,-0.034490
0.701750,-1.020445
0.702250,-0.919522
0.702750,-0.208915
0.703250,-1.713486
0.703750,-1.644667
0.704250,-0.724192
0.704750,-0.716889
0.705250,-1.787180
0.705750,-1.448062
0.706250,-0.713802
0.706750,-1.800293
0.707250,-0.735649
0.707750,-0.779348
0.708250,-1.037312
0.708750,-0.466954
0.709250,-0.430357
0.709750,-0.797915
0.710250,-0.774653
0.710750,-0.913464
0.711250,-0.559049
0.711750,-0.110659
0.712250,-1.188672
0.712750,-0.083622
0.713250,-0.078447
0.713750,0.246588
0.714250,-0.381286
0.714750,-0.975308
0.715250,-0.463972
0.715750,-0.264275
0.716250,-0.331606
0.716750,-1.032467
0.717250,0.888591
0.717750,-0.463689
0.718250,1.089542
0.718750,-0.379316
0.719250,1.024724
0.719750,-0.505488
0.720250,0.779833
0.720750,-0.946811
0.721250,0.677882
0.721750,-0.067209
0.722250,-0.222908
0.722750,-0.502985
0.723250,-0.001206
0.723750,0.093429
0.724250,-0.091462
0.724750,-0.436405
0.725250,-0.342138
0.725750,-0.124587
0.726250,-0.103994
0.726750,0.259493
0.727250,-0.906795
0.727750,-1.002893
0.728250,0.256449
0.728750,-0.676803
0.729250,0.016851
0.729750,0.883136
0.730250,1.028981
0.730750,-0.254124
0.731250,-1.201661
0.731750,-1.848624
0.732250,-0.794531
0.732750,-1.193923
0.733250,-1.401893
0.733750,-0.497380
0.734250,-0.222360
0.734750,-1.069398
0.735250,-0.981279
0.735750,-0.282639
0.736250,-1.046743
0.736750,-1.801860
0.737250,-0.387461
0.737750,-0.729379
0.738250,-1.149548
0.738750,-2.187659
0.739250,-2.428670
0.739750,-2.193167
0.740250,-0.302630
0.740750,-1.257508
0.741250,-1.654149
0.741750,-0.931877
0.742250,-0.530527
0.742750,-0.370322
0.743250,-0.973576
0.743750,-1.131565
0.744250,-1.150498
0.744750,-0.931200
0.745250,-1.130678
0.745750,-0.854339
0.746250,-1.202803
0.746750,-1.632197
0.747250,-1.637662
0.747750,-0.912114
0.748250,-1.897244
0.748750,-0.598653
0.749250,0.341404
0.749750,-1.160789
0.750250,-1.686016
0.750750,-2.035452
0.751250,-0.611691
0.751750,-1.264607
0.752250,-1.528545
0.752750,-2.798748
0.753250,-1.855444
0.753750,-1.463149
0.754250,-1.696048
0.754750,-0.558677
0.755250,-1.668306
0.755750,-2.148975
0.756250,-2.117258
0.756750,-1.356550
0.757250,-1.307336
0.757750,-1.313584
0.758250,-2.704137
0.758750,-1.855805
0.759250,-2.597351
0.759750,-2.754719
0.760250,-1.494630
0.760750,-1.632331
0.761250,-1.593316
0.761750,-2.599128
0.762250,-1.662005
0.762750,-2.992690
0.763250,-3.029641
0.763750,-2.183014
0.764250,-2.732381
0.764750,-2.377371
0.765250,-3.766545
0.765750,-3.289066
0.766250,-3.415699
0.766750,-3.978816
0.767250,-3.022650
0.767750,-3.627041
0.768250,-4.123296
0.768750,-3.449152
0.769250,-3.968100
0.769750,-3.620142
0.770250,-3.289069
0.770750,-2.524869
0.771250,-3.186093
0.771750,-2.805508
0.772250,-2.606142
0.772750,-2.539005
0.773250,-4.049215
0.773750,-2.498563
0.774250,-3.076132
0.774750,-2.603348
0.775250,-2.475222
0.775750,-3.277891
0.776250,-3.148677
0.776750,-3.194717
0.777250,-3.959365
0.777750,-2.700834
0.778250,-2.311234
0.778750,-2.966044
0.779250,-3.301116
0.779750,-3.171844
0.780250,-2.809211
0.780750,-4.964769
0.781250,-3.245871
0.781750,-2.881553
0.782250,-3.555974
0.782750,-2.395792
0.783250,-2.464918
0.783750,-1.272892
0.784250,-2.775763
0.784750,-3.638431
0.785250,-0.850084
0.785750,-3.208329
0.786250,-2.393332
0.786750,-2.242565
0.787250,-2.919561
0.787750,-3.205117
0.788250,-3.457230
0.788750,-2.618473
0.789250,-3.435098
0.789750,-2.997771
0.790250,-2.380773
0.790750,-3.249337
0.791250,-3.789918
0.791750,-2.918440
0.792250,-3.706247
0.792750,-3.462854
0.793250,-2.900104
0.793750,-2.734079
0.794250,-2.791722
0.794750,-2.965345
0.795250,-3.890637
0.795750,-2.902972
0.796250,-2.636418
0.796750,-2.208512
0.797250,-2.945759
0.797750,-2.077636
0.798250,-3.079702
0.798750,-3.138071
0.799250,-4.193541
0.799750,-3.572686
0.800250,-4.290319
0.800750,-2.361359
0.801250,-2.786859
0.801750,-4.121736
0.802250,-3.861986
0.802750,-3.283857
0.803250,-2.589318
0.803750,-3.304871
0.804250,-2.817436
0.804750,-4.046271
0.805250,-1.800563
0.805750,-3.617735
0.806250,-2.801669
0.806750,-2.537642
0.807250,-3.010281
0.807750,-2.913666
0.808250,-3.110429
0.808750,-2.371584
0.809250,-2.377704
0.809750,-2.739425
0.810250,-1.204654
0.810750,-2.628957
0.811250,-1.595887
0.811750,-2.098555
0.812250,-1.897216
0.812750,-2.400741
0.813250,-0.830303
0.813750,-1.441513
0.814250,-3.580687
0.814750,-2.450692
0.815250,-2.519014
0.815750,-2.140002
0.816250,-1.474914
0.816750,-1.741887
0.817250,-2.466221
0.817750,-1.665029
0.818250,-1.445826
0.818750,-1.721401
0.819250,-2.200966
0.819750,-2.279532
0.820250,-1.706019
0.820750,-0.678858
0.821250,-2.968283
0.821750,-2.428343
0.822250,-1.853459
0.822750,-1.170498
0.823250,-1.296846
0.823750,-1.522794
0.824250,-1.221665
0.824750,-1.115259
0.825250,-2.176653
0.825750,-1.015175
0.826250,-0.794089
0.826750,-1.204728
0.827250,-1.520935
0.827750,-2.941077
0.828250,-2.149645
0.828750,-1.344219
0.829250,-1.887311
0.829750,-1.531152
0.830250,-3.730214
0.830750,-3.425898
0.831250,-2.690008
0.831750,-2.010436
0.832250,-3.019596
0.832750,-2.926482
0.833250,-3.643586
0.833750,-2.684851
0.834250,-1.664724
0.834750,-2.327671
0.835250,-1.939895
0.835750,-3.808661
0.836250,-2.353394
0.836750,-2.253789
0.837250,-1.753833
0.837750,-2.510372
0.838250,-2.946015
0.838750,-1.786266
0.839250,-3.568123
0.839750,-1.701137
0.840250,-2.852740
0.840750,-3.318287
0.841250,-2.459664
0.841750,-3.709324
0.842250,-3.222621
0.842750,-2.385044
0.843250,-2.920341
0.843750,-2.025795
0.844250,-2.433763
0.844750,-2.459850
0.845250,-2.205736
0.845750,-1.413409
0.846250,-1.964743
0.846750,-2.935482
0.847250,-3.469861
0.847750,-2.019254
0.848250,-3.409422
0.848750,-4.109090
0.849250,-1.645140
0.849750,-1.787244
0.850250,-1.130340
0.850750,-2.976293
0.851250,-2.357075
0.851750,-3.350379
0.852250,-2.951722
0.852750,-1.731036
0.853250,-1.343573
0.853750,-1.859328
0.854250,-2.623567
0.854750,-1.922588
0.855250,-4.494361
0.855750,-2.891971
0.856250,-4.333453
0.856750,-3.605569
0.857250,-3.314403
0.857750,-4.167879
0.858250,-3.915286
0.858750,-2.812873
0.859250,-2.589051
0.859750,-2.651215
0.860250,-1.857064
0.860750,-4.094070
0.861250,-3.151700
0.861750,-3.701199
0.862250,-4.123041
0.862750,-3.670756
0.863250,-4.316156
0.863750,-3.232779
0.864250,-3.026200
0.864750,-4.187718
0.865250,-4.120627
0.865750,-3.073735
0.866250,-2.835489
0.866750,-4.552414
0.867250,-4.429119
0.867750,-3.942058
0.868250,-3.934550
0.868750,-3.284602
0.869250,-3.070003
0.869750,-3.993227
0.870250,-3.350915
0.870750,-4.422111
0.871250,-3.549912
0.871750,-2.977080
0.872250,-4.584042
0.872750,-2.467916
0.873250,-4.458662
0.873750,-3.808835
0.874250,-3.231770
0.874750,-4.314923
0.875250,-3.647473
0.875750,-3.533885
0.876250,-4.214065
0.876750,-3.270590
0.877250,-4.222659
0.877750,-4.971539
0.878250,-4.943030
0.878750,-4.031054
0.879250,-3.841603
0.879750,-3.468859
0.880250,-4.058529
0.880750,-4.204599
0.881250,-3.696828
0.881750,-4.489076
0.882250,-2.955559
0.882750,-3.812237
0.883250,-2.171059
0.883750,-3.383632
0.884250,-3.879310
0.884750,-2.648228
0.885250,-3.948141
0.885750,-3.312973
0.886250,-4.315366
0.886750,-2.163256
0.887250,-4.212168
0.887750,-3.088332
0.888250,-4.312169
0.888750,-4.169502
0.889250,-3.694146
0.889750,-2.721977
0.890250,-4.990022
0.890750,-3.204746
0.891250,-1.921495
0.891750,-3.276155
0.892250,-2.928375
0.892750,-4.410259
0.893250,-2.936482
0.893750,-4.165997
0.894250,-2.317319
0.894750,-4.015596
0.895250,-2.304176
0.895750,-2.320417
0.896250,-2.246863
0.896750,-4.229019
0.897250,-3.739429
0.897750,-3.008625
0.898250,-1.733576
0.898750,-2.017552
0.899250,-4.258161
0.899750,-3.021897
0.900250,-3.459055
0.900750,-4.072500
0.901250,-2.280368
0.901750,-3.166960
0.902250,-3.612666
0.902750,-3.358792
0.903250,-2.632359
0.903750,-3.774786
0.904250,-3.110819
0.904750,-2.968546
0.905250,-3.855957
0.905750,-2.971790
0.906250,-3.004369
0.906750,-2.912018
0.907250,-3.141238
0.907750,-3.536119
0.908250,-2.528067
0.908750,-2.986013
0.909250,-2.963503
0.909750,-3.815869
0.910250,-3.486164
0.910750,-2.718167
0.911250,-2.606161
0.911750,-1.778073
0.912250,-2.546798
0.912750,-2.433245
0.913250,-2.513751
0.913750,-1.854536
0.914250,-1.783721
0.914750,-1.180920
0.915250,-2.136845
0.915750,-2.972226
0.916250,-1.959438
0.916750,-2.391502
0.917250,-1.096748
0.917750,-0.578082
0.918250,-1.562711
0.918750,-0.894265
0.919250,-2.171348
0.919750,-2.114119
0.920250,-1.409742
0.920750,-2.313973
0.921250,-2.768107
0.921750,-0.637014
0.922250,-1.323833
0.922750,-2.020560
0.923250,-1.827648
0.923750,-1.045152
0.924250,-1.531300
0.924750,-2.422406
0.925250,-1.140202
0.925750,-1.426273
0.926250,-0.575613
0.926750,-1.122609
0.927250,-1.549396
0.927750,-1.423553
0.928250,-0.244772
0.928750,-1.860993
0.929250,-2.111467
0.929750,-2.406619
0.930250,-1.526643
0.930750,-0.981403
0.931250,-1.146069
0.931750,-0.216904
0.932250,-2.221504
0.932750,-1.403268
0.933250,-2.689513
0.933750,-2.666353
0.934250,-3.164031
0.934750,-2.292375
0.935250,-1.705088
0.935750,-2.926005
0.936250,-2.655110
0.936750,-2.360662
0.937250,-0.634107
0.937750,-1.467634
0.938250,0.322953
0.938750,-1.771056
0.939250,-2.258944
0.939750,-2.313806
0.940250,-2.296775
0.940750,-3.156076
0.941250,-2.030043
0.941750,-1.727611
0.942250,-1.923943
0.942750,-0.666104
0.943250,-1.778792
0.943750,-0.981047
0.944250,-2.211383
0.944750,-1.877965
0.945250,-1.994561
0.945750,-2.650971
0.946250,-1.682348
0.946750,-1.693998
0.947250,-1.816022
0.947750,-2.987284
0.948250,-1.931116
0.948750,-1.474275
0.949250,-2.207326
0.949750,-2.283167
0.950250,-2.182782
0.950750,-0.836850
0.951250,-0.860182
0.951750,-2.497149
0.952250,-0.933370
0.952750,-1.970255
0.953250,-1.105732
0.953750,-2.520239
0.954250,-1.744873
0.954750,-1.784576
0.955250,-1.311046
0.955750,-3.086038
0.956250,-2.532862
0.956750,-4.280260
0.957250,-1.193103
0.957750,-0.122840
0.958250,-1.604111
0.958750,-2.507435
0.959250,-1.882403
0.959750,-2.383679
0.960250,-2.757561
0.960750,-2.472993
0.961250,-0.128807
0.961750,-1.701921
0.962250,-1.681010
0.962750,-0.988690
0.963250,-2.114961
0.963750,-1.547773
0.964250,-0.858143
0.964750,-2.107964
0.965250,-1.848388
0.965750,-1.458586
0.966250,-1.151249
0.966750,-3.009123
0.967250,-2.177217
0.967750,-3.140479
0.968250,-3.472340
0.968750,-3.646383
0.969250,-1.224242
0.969750,-2.155377
0.970250,-2.635795
0.970750,-3.237264
0.971250,-3.096371
0.971750,-4.701978
0.972250,-3.442979
0.972750,-3.338494
0.973250,-4.652197
0.973750,-4.033415
0.974250,-3.258179
0.974750,-1.745487
0.975250,-2.514968
0.975750,-4.643321
0.976250,-3.346486
0.976750,-2.924368
0.977250,-3.122291
0.977750,-2.683973
0.978250,-3.849805
0.978750,-2.944770
0.979250,-3.153400
0.979750,-3.601539
0.980250,-3.571019
0.980750,-3.620731
0.981250,-3.125255
0.981750,-2.589241
0.982250,-3.868522
0.982750,-1.196978
0.983250,-3.943627
0.983750,-2.274508
0.984250,-3.456222
0.984750,-2.462821
0.985250,-3.134872
0.985750,-2.993451
0.986250,-2.128778
0.986750,-2.064507
0.987250,-2.843570
0.987750,-2.708623
0.988250,-1.857333
0.988750,-2.562739
0.989250,-3.023091
0.989750,-2.213959
0.990250,-2.412891
0.990750,-3.254399
0.991250,-2.111317
0.991750,-1.952101
0.992250,-3.639788
0.992750,-3.213728
0.993250,-3.077897
0.993750,-2.857661
0.994250,-2.514052
0.994750,-2.165188
0.995250,-3.759973
0.995750,-0.633902
0.996250,-2.114029
0.996750,-1.656063
0.997250,-2.890084
0.997750,-2.978809
0.998250,-3.022664
0.998750,-2.142141
0.999250,-2.013304
0.999750,-1.985604
