0.000250,0.089683
0.000750,0.083393
0.001250,0.034941
0.001750,-0.112568
0.002250,-0.177979
0.002750,0.032626
0.003250,0.096965
0.003750,0.087960
0.004250,0.240128
0.004750,0.572850
0.005250,0.829415
0.005750,0.727345
0.006250,0.614179
0.006750,0.628429
0.007250,0.693728
0.007750,0.636695
0.008250,0.699722
0.008750,0.755546
0.009250,0.515751
0.009750,0.492832
0.010250,0.472082
0.010750,0.670369
0.011250,0.956037
0.011750,0.826452
0.012250,0.872755
0.012750,0.781546
0.013250,0.845495
0.013750,1.086568
0.014250,1.007744
0.014750,1.306610
0.015250,1.606256
0.015750,1.735107
0.016250,1.736797
0.016750,1.891081
0.017250,1.835748
0.017750,1.632972
0.018250,1.412373
0.018750,1.607858
0.019250,1.609257
0.019750,1.769274
0.020250,1.749425
0.020750,1.819127
0.021250,1.573039
0.021750,1.574275
0.022250,1.381736
0.022750,1.298846
0.023250,1.332188
0.023750,1.173194
0.024250,1.288001
0.024750,1.251478
0.025250,1.325266
0.025750,1.279484
0.026250,1.457173
0.026750,1.465205
0.027250,1.529366
0.027750,1.628744
0.028250,1.631867
0.028750,1.578200
0.029250,1.679362
0.029750,1.435020
0.030250,1.612887
0.030750,1.800778
0.031250,1.878482
0.031750,1.877233
0.032250,2.031866
0.032750,2.185151
0.033250,2.025550
0.033750,2.159369
0.034250,2.225222
0.034750,2.026994
0.035250,1.924230
0.035750,2.423833
0.036250,1.823389
0.036750,1.735896
0.037250,1.907536
0.037750,1.899187
0.038250,1.580006
0.038750,1.792471
0.039250,1.794197
0.039750,1.793314
0.040250,1.782736
0.040750,1.827983
0.041250,1.692631
0.041750,1.638238
0.042250,1.361961
0.042750,1.163401
0.043250,1.140644
0.043750,0.740239
0.044250,0.673613
0.044750,0.724207
0.045250,1.046567
0.045750,1.089507
0.046250,1.006708
0.046750,1.082107
0.047250,1.168834
0.047750,0.902182
0.048250,1.662298
0.048750,0.990650
0.049250,1.289972
0.049750,0.795582
0.050250,1.190773
0.050750,1.306689
0.051250,1.164085
0.051750,1.322060
0.052250,0.704398
0.052750,1.245099
0.053250,1.329263
0.053750,1.625136
0.054250,1.364709
0.054750,1.681407
0.055250,1.315841
0.055750,1.752794
0.056250,1.701249
0.056750,1.912266
0.057250,1.821060
0.057750,1.996469
0.058250,1.953693
0.058750,2.080217
0.059250,1.314845
0.059750,1.722358
0.060250,1.206275
0.060750,1.610135
0.061250,1.701403
0.061750,1.422483
0.062250,1.589110
0.062750,1.395615
0.063250,1.227956
0.063750,1.378275
0.064250,1.398886
0.064750,1.626859
0.065250,1.500861
0.065750,0.890844
0.066250,1.334390
0.066750,1.007171
0.067250,1.395462
0.067750,0.736443
0.068250,1.058726
0.068750,0.640658
0.069250,0.253411
0.069750,0.388161
0.070250,-0.008244
0.070750,0.762513
0.071250,0.513226
0.071750,0.612690
0.072250,0.669904
0.072750,0.158144
0.073250,0.384118
0.073750,0.791513
0.074250,0.404601
0.074750,0.792960
0.075250,0.573500
0.075750,0.767090
0.076250,0.476695
0.076750,0.628506
0.077250,0.474493
0.077750,0.708873
0.078250,0.639400
0.078750,0.453124
0.079250,0.365494
0.079750,0.191350
0.080250,0.272879
0.080750,0.834419
0.081250,0.770529
0.081750,0.983101
0.082250,0.699022
0.082750,0.630067
0.083250,1.149417
0.083750,1.462841
0.084250,0.811446
0.084750,1.423014
0.085250,1.309682
0.085750,0.592660
0.086250,1.393440
0.086750,1.097142
0.087250,1.237806
0.087750,1.075191
0.088250,1.432221
0.088750,1.134592
0.089250,0.873404
0.089750,1.295814
0.090250,1.143754
0.090750,0.636946
0.091250,0.783388
0.091750,0.948051
0.092250,0.716345
0.092750,0.911308
0.093250,0.530319
0.093750,0.560915
0.094250,0.360671
0.094750,0.563947
0.095250,0.517217
0.095750,0.619985
0.096250,0.764724
0.096750,0.459496
0.097250,0.484429
0.097750,0.610104
0.098250,0.159378
0.098750,0.445713
0.099250,0.186634
0.099750,-0.154794
0.100250,0.204916
0.100750,-0.525918
0.101250,-0.267095
0.101750,-0.572781
0.102250,-0.247601
0.102750,-0.594536
0.103250,-0.748754
0.103750,-0.880224
0.104250,-0.672707
0.104750,-0.777240
0.105250,-0.552665
0.105750,0.138063
0.106250,-0.413879
0.106750,-0.594228
0.107250,-0.512500
0.107750,-0.382690
0.108250,-0.089791
0.108750,-0.268355
0.109250,-0.685346
0.109750,-0.304270
0.110250,-0.703370
0.110750,-0.314424
0.111250,-0.617500
0.111750,-0.463990
0.112250,-0.708546
0.112750,-0.361707
0.113250,-1.343793
0.113750,-0.205676
0.114250,-0.718352
0.114750,-0.944065
0.115250,-0.866598
0.115750,-0.793212
0.116250,-0.873021
0.116750,-0.831112
0.117250,-0.428546
0.117750,-0.426177
0.118250,-0.762018
0.118750,-0.071173
0.119250,0.270948
0.119750,-0.151989
0.120250,-0.029459
0.120750,0.379363
0.121250,-0.347050
0.121750,0.066031
0.122250,-0.193521
0.122750,0.158776
0.123250,-0.301948
0.123750,-0.356759
0.124250,-0.726843
0.124750,0.267260
0.125250,-0.228175
0.125750,-0.347733
0.126250,-0.274745
0.126750,0.010320
0.127250,-0.717217
0.127750,-0.435559
0.128250,-0.125345
0.128750,-0.648631
0.129250,-0.752398
0.129750,-1.052875
0.130250,-1.247350
0.130750,-0.850832
0.131250,-1.455328
0.131750,-0.721344
0.132250,-0.810280
0.132750,-0.797404
0.133250,-0.856208
0.133750,-0.718322
0.134250,-1.027239
0.134750,-1.334969
0.135250,-1.003375
0.135750,-0.506450
0.136250,-1.244530
0.136750,-1.281767
0.137250,-1.520660
0.137750,-1.369212
0.138250,-1.272884
0.138750,-1.521931
0.139250,-1.377313
0.139750,-1.784750
0.140250,-1.655664
0.140750,-1.625353
0.141250,-2.106481
0.141750,-2.071277
0.142250,-2.303663
0.142750,-1.677735
0.143250,-2.680568
0.143750,-2.347135
0.144250,-2.691292
0.144750,-2.682012
0.145250,-2.467134
0.145750,-2.888432
0.146250,-2.621892
0.146750,-1.790366
0.147250,-2.010170
0.147750,-1.823533
0.148250,-2.292650
0.148750,-2.335755
0.149250,-1.466987
0.149750,-2.284458
0.150250,-2.374701
0.150750,-1.805344
0.151250,-2.004625
0.151750,-1.644046
0.152250,-1.595388
0.152750,-1.942611
0.153250,-1.998470
0.153750,-2.454920
0.154250,-2.429235
0.154750,-3.017021
0.155250,-2.773695
0.155750,-2.319932
0.156250,-2.277818
0.156750,-1.703481
0.157250,-2.072048
0.157750,-1.996696
0.158250,-2.192140
0.158750,-2.164412
0.159250,-1.567557
0.159750,-1.684343
0.160250,-1.694805
0.160750,-1.417260
0.161250,-1.261305
0.161750,-1.853173
0.162250,-1.031567
0.162750,-1.374952
0.163250,-1.004971
0.163750,-1.359476
0.164250,-1.430959
0.164750,-1.295309
0.165250,-1.459947
0.165750,-1.226656
0.166250,-1.424281
0.166750,-0.844960
0.167250,-0.879285
0.167750,-1.213354
0.168250,-1.781883
0.168750,-1.724037
0.169250,-1.211913
0.169750,-1.929221
0.170250,-1.739024
0.170750,-2.121974
0.171250,-2.052502
0.171750,-1.626350
0.172250,-1.661475
0.172750,-1.986258
0.173250,-1.507147
0.173750,-1.685654
0.174250,-1.353932
0.174750,-1.936377
0.175250,-1.900461
0.175750,-1.337184
0.176250,-2.181591
0.176750,-1.957604
0.177250,-1.407747
0.177750,-1.275259
0.178250,-1.894365
0.178750,-1.622071
0.179250,-1.338192
0.179750,-1.554487
0.180250,-1.935106
0.180750,-1.676969
0.181250,-1.649212
0.181750,-1.752855
0.182250,-1.867048
0.182750,-2.450023
0.183250,-2.540062
0.183750,-2.651798
0.184250,-3.011926
0.184750,-2.528667
0.185250,-2.439875
0.185750,-2.223632
0.186250,-3.071606
0.186750,-2.044817
0.187250,-2.706834
0.187750,-2.910922
0.188250,-2.337135
0.188750,-2.924953
0.189250,-2.791631
0.189750,-2.471272
0.190250,-3.100867
0.190750,-2.636783
0.191250,-2.339152
0.191750,-1.993134
0.192250,-2.990190
0.192750,-3.095713
0.193250,-2.217403
0.193750,-2.530937
0.194250,-2.800075
0.194750,-2.401972
0.195250,-1.758635
0.195750,-2.350594
0.196250,-2.445156
0.196750,-1.797765
0.197250,-1.969070
0.197750,-2.426111
0.198250,-2.916725
0.198750,-2.517461
0.199250,-2.184257
0.199750,-1.731022
0.200250,-1.587095
0.200750,-1.341330
0.201250,-2.149713
0.201750,-2.519847
0.202250,-2.201996
0.202750,-2.354428
0.203250,-2.068532
0.203750,-2.094996
0.204250,-2.255079
0.204750,-1.762018
0.205250,-2.042097
0.205750,-1.500229
0.206250,-1.420951
0.206750,-1.499497
0.207250,-1.734458
0.207750,-1.620293
0.208250,-1.213683
0.208750,-1.313690
0.209250,-0.957605
0.209750,-0.612291
0.210250,-0.386844
0.210750,-0.613292
0.211250,-0.983928
0.211750,-0.717553
0.212250,-1.121991
0.212750,-0.480528
0.213250,-0.474088
0.213750,-0.499691
0.214250,-0.712128
0.214750,-0.829292
0.215250,-0.176444
0.215750,-0.658507
0.216250,-0.489763
0.216750,-0.859942
0.217250,-1.516042
0.217750,-0.796331
0.218250,-0.805418
0.218750,-0.669628
0.219250,-1.095737
0.219750,-1.354940
0.220250,-0.892111
0.220750,-0.974822
0.221250,-0.650274
0.221750,-0.509094
0.222250,-0.811012
0.222750,-1.504243
0.223250,-1.295753
0.223750,-1.035335
0.224250,-1.544112
0.224750,-1.085212
0.225250,-1.271254
0.225750,-1.412702
0.226250,-1.088566
0.226750,-1.051013
0.227250,-0.656447
0.227750,-0.776450
0.228250,-1.071882
0.228750,-1.203098
0.229250,-0.931323
0.229750,-0.683701
0.230250,-0.965914
0.230750,-1.368008
0.231250,-0.894810
0.231750,-1.460860
0.232250,-1.450570
0.232750,-1.437829
0.233250,-1.046656
0.233750,-0.942745
0.234250,-1.890578
0.234750,-2.029062
0.235250,-0.627071
0.235750,-2.117965
0.236250,-1.485578
0.236750,-2.584546
0.237250,-1.447801
0.237750,-1.875685
0.238250,-2.232887
0.238750,-2.164223
0.239250,-2.448784
0.239750,-2.478114
0.240250,-1.948781
0.240750,-2.321900
0.241250,-2.096688
0.241750,-1.329387
0.242250,-1.699647
0.242750,-2.593227
0.243250,-1.901778
0.243750,-2.334603
0.244250,-2.658658
0.244750,-1.706783
0.245250,-0.953928
0.245750,-1.085197
0.246250,-1.261526
0.246750,-1.487048
0.247250,-1.795853
0.247750,-1.470213
0.248250,-1.751220
0.248750,-1.620553
0.249250,-1.496116
0.249750,-1.232919
0.250250,-1.596238
0.250750,-0.990870
0.251250,-0.846677
0.251750,-1.444762
0.252250,-0.987498
0.252750,-0.602022
0.253250,-0.945899
0.253750,-0.799759
0.254250,-0.437541
0.254750,-1.203573
0.255250,-1.175735
0.255750,-1.309643
0.256250,-1.403820
0.256750,-1.160414
0.257250,-0.362035
0.257750,-0.687714
0.258250,-0.822787
0.258750,-1.032033
0.259250,-0.958602
0.259750,-0.765806
0.260250,-0.853076
0.260750,-0.253014
0.261250,-0.291311
0.261750,-0.114479
0.262250,-0.072850
0.262750,0.765501
0.263250,-0.397625
0.263750,-0.119393
0.264250,0.376896
0.264750,-0.321286
0.265250,-0.106088
0.265750,-0.277112
0.266250,0.478856
0.266750,-0.134928
0.267250,-0.096892
0.267750,0.294037
0.268250,-0.181648
0.268750,0.211175
0.269250,0.247818
0.269750,-0.123036
0.270250,0.070963
0.270750,0.372468
0.271250,-0.510233
0.271750,-0.171005
0.272250,-0.427591
0.272750,-0.330051
0.273250,-0.002230
0.273750,-0.619526
0.274250,0.519467
0.274750,-0.196021
0.275250,0.364020
0.275750,0.152897
0.276250,-0.082646
0.276750,-0.778363
0.277250,-0.201708
0.277750,0.366248
0.278250,-0.859698
0.278750,0.334029
0.279250,-0.516969
0.279750,0.685716
0.280250,-0.029576
0.280750,-0.777656
0.281250,0.190825
0.281750,0.219691
0.282250,0.610641
0.282750,-0.424732
0.283250,0.328175
0.283750,-0.361255
0.284250,0.084682
0.284750,-0.665250
0.285250,-0.004259
0.285750,0.378223
0.286250,-0.040669
0.286750,-0.130438
0.287250,0.674284
0.287750,-0.450447
0.288250,0.075481
0.288750,0.134397
0.289250,-0.814898
0.289750,-0.044664
0.290250,-0.068283
0.290750,-0.243821
0.291250,-0.254369
0.291750,-0.821482
0.292250,-0.143176
0.292750,-1.130985
0.293250,-1.126740
0.293750,-1.050179
0.294250,-0.926781
0.294750,-1.569652
0.295250,-0.200699
0.295750,-0.512130
0.296250,-1.010658
0.296750,-1.148757
0.297250,-0.819906
0.297750,-0.707526
0.298250,-0.736130
0.298750,-1.296490
0.299250,-0.160231
0.299750,-0.316642
0.300250,-0.973284
0.300750,-1.103568
0.301250,-0.261259
0.301750,-0.569480
0.302250,-0.544584
0.302750,0.078079
0.303250,-0.083237
0.303750,-0.009920
0.304250,-0.163562
0.304750,-0.231058
0.305250,-0.702260
0.305750,0.002226
0.306250,0.167779
0.306750,-0.481202
0.307250,0.539600
0.307750,0.541791
0.308250,0.506096
0.308750,0.378159
0.309250,0.087891
0.309750,0.106954
0.310250,0.190522
0.310750,-0.045563
0.311250,-0.068326
0.311750,-0.458367
0.312250,-0.576596
0.312750,-0.113147
0.313250,0.619478
0.313750,-0.706809
0.314250,-0.378509
0.314750,0.052501
0.315250,0.046624
0.315750,0.121911
0.316250,0.271310
0.316750,-0.016639
0.317250,0.547805
0.317750,0.640734
0.318250,0.682906
0.318750,-0.207589
0.319250,0.338813
0.319750,0.902344
0.320250,0.631167
0.320750,0.170372
0.321250,1.194057
0.321750,0.805568
0.322250,1.411002
0.322750,1.292341
0.323250,1.527756
0.323750,1.890343
0.324250,2.150855
0.324750,1.836404
0.325250,1.323955
0.325750,1.637891
0.326250,2.260739
0.326750,1.872372
0.327250,1.403523
0.327750,1.629219
0.328250,1.291569
0.328750,1.785285
0.329250,2.158951
0.329750,2.142156
0.330250,1.826053
0.330750,1.910062
0.331250,2.216104
0.331750,1.880827
0.332250,1.125170
0.332750,1.855052
0.333250,2.181393
0.333750,2.266819
0.334250,1.573130
0.334750,1.587316
0.335250,1.980050
0.335750,2.140823
0.336250,0.584316
0.336750,1.779212
0.337250,1.860195
0.337750,1.888366
0.338250,1.050447
0.338750,1.648738
0.339250,2.152549
0.339750,1.857761
0.340250,1.587472
0.340750,1.888331
0.341250,1.612819
0.341750,1.723869
0.342250,1.197260
0.342750,1.866915
0.343250,1.172964
0.343750,1.863345
0.344250,1.528791
0.344750,1.400986
0.345250,1.867558
0.345750,1.778919
0.346250,2.568783
0.346750,2.744640
0.347250,2.399803
0.347750,2.157547
0.348250,1.452242
0.348750,1.508676
0.349250,1.978284
0.349750,1.408297
0.350250,2.242107
0.350750,1.387975
0.351250,1.938889
0.351750,2.301474
0.352250,0.604302
0.352750,1.939453
0.353250,1.592755
0.353750,0.461571
0.354250,1.804446
0.354750,1.504013
0.355250,1.164450
0.355750,0.961325
0.356250,1.120114
0.356750,1.337732
0.357250,1.398899
0.357750,1.228880
0.358250,1.156733
0.358750,1.050835
0.359250,1.227807
0.359750,0.865805
0.360250,1.773748
0.360750,1.591366
0.361250,0.646498
0.361750,0.689584
0.362250,1.453841
0.362750,1.451491
0.363250,1.409077
0.363750,1.475812
0.364250,0.377816
0.364750,1.592464
0.365250,1.029689
0.365750,1.598551
0.366250,2.072797
0.366750,1.547459
0.367250,1.617254
0.367750,1.021997
0.368250,1.845130
0.368750,1.840368
0.369250,2.149876
0.369750,2.220617
0.370250,2.427220
0.370750,2.720523
0.371250,3.096158
0.371750,2.760454
0.372250,2.256415
0.372750,1.777848
0.373250,3.009183
0.373750,2.235587
0.374250,2.750320
0.374750,2.688763
0.375250,1.829253
0.375750,2.503778
0.376250,2.353162
0.376750,1.650830
0.377250,2.415463
0.377750,1.677360
0.378250,2.699317
0.378750,2.195430
0.379250,2.365671
0.379750,2.767932
0.380250,2.184587
0.380750,2.829560
0.381250,2.575937
0.381750,2.377068
0.382250,3.169719
0.382750,2.593620
0.383250,3.129544
0.383750,3.121699
0.384250,2.635654
0.384750,3.097545
0.385250,2.737081
0.385750,3.915908
0.386250,4.042537
0.386750,3.000495
0.387250,2.984908
0.387750,3.397146
0.388250,3.935499
0.388750,2.895178
0.389250,3.427476
0.389750,3.765222
0.390250,4.823349
0.390750,3.419497
0.391250,3.797047
0.391750,3.837639
0.392250,3.799506
0.392750,4.414410
0.393250,4.708762
0.393750,3.969278
0.394250,4.301847
0.394750,4.228926
0.395250,4.561486
0.395750,3.290728
0.396250,4.220461
0.396750,4.914343
0.397250,3.856408
0.397750,4.229389
0.398250,3.787794
0.398750,4.680238
0.399250,4.767570
0.399750,4.131988
0.400250,4.248086
0.400750,4.083771
0.401250,4.238531
0.401750,4.427781
0.402250,3.674149
0.402750,5.044197
0.403250,4.097197
0.403750,4.292690
0.404250,4.654814
0.404750,4.382941
0.405250,3.685843
0.405750,3.418431
0.406250,3.309537
0.406750,3.555874
0.407250,3.940530
0.407750,3.916398
0.408250,3.456794
0.408750,3.651239
0.409250,3.388269
0.409750,4.415725
0.410250,3.120391
0.410750,3.227623
0.411250,3.294820
0.411750,3.695117
0.412250,4.056777
0.412750,4.174705
0.413250,3.850637
0.413750,3.894573
0.414250,5.022597
0.414750,4.553838
0.415250,5.019588
0.415750,4.354168
0.416250,4.293265
0.416750,5.108979
0.417250,4.548189
0.417750,4.006425
0.418250,3.756861
0.418750,2.841204
0.419250,3.793888
0.419750,4.163413
0.420250,4.057231
0.420750,3.481975
0.421250,3.243190
0.421750,3.307701
0.422250,4.771959
0.422750,3.344179
0.423250,3.551676
0.423750,2.541429
0.424250,3.301211
0.424750,3.056729
0.425250,3.083155
0.425750,3.666313
0.426250,2.588192
0.426750,2.994755
0.427250,3.060855
0.427750,2.690439
0.428250,3.073080
0.428750,2.647594
0.429250,2.419270
0.429750,2.063389
0.430250,2.450025
0.430750,3.274018
0.431250,3.514911
0.431750,3.182239
0.432250,3.233075
0.432750,3.454634
0.433250,3.734998
0.433750,3.540847
0.434250,3.290853
0.434750,3.129481
0.435250,1.989039
0.435750,3.307482
0.436250,3.221277
0.436750,3.092917
0.437250,2.867363
0.437750,3.711811
0.438250,4.094165
0.438750,3.927969
0.439250,4.831363
0.439750,3.437945
0.440250,3.301594
0.440750,2.969698
0.441250,4.162676
0.441750,4.070467
0.442250,2.906925
0.442750,2.811364
0.443250,3.324704
0.443750,3.830823
0.444250,3.481465
0.444750,4.024493
0.445250,3.574328
0.445750,3.182853
0.446250,3.408540
0.446750,3.224671
0.447250,4.289142
0.447750,3.880444
0.448250,3.687481
0.448750,3.927379
0.449250,4.233414
0.449750,3.909511
0.450250,4.020992
0.450750,3.931382
0.451250,3.752055
0.451750,3.155776
0.452250,3.726905
0.452750,4.475208
0.453250,4.149175
0.453750,2.942236
0.454250,3.209929
0.454750,3.915417
0.455250,4.388395
0.455750,4.342154
0.456250,3.888993
0.456750,3.853807
0.457250,4.193461
0.457750,3.612388
0.458250,3.577980
0.458750,3.990171
0.459250,3.649090
0.459750,4.516460
0.460250,3.922799
0.460750,4.721032
0.461250,4.458576
0.461750,3.611307
0.462250,3.712176
0.462750,4.274032
0.463250,4.088601
0.463750,4.198349
0.464250,3.944643
0.464750,4.627477
0.465250,4.146200
0.465750,5.432361
0.466250,4.783606
0.466750,5.256651
0.467250,4.149103
0.467750,4.420067
0.468250,4.364025
0.468750,5.088751
0.469250,5.199395
0.469750,5.080679
0.470250,3.952382
0.470750,3.637412
0.471250,4.739045
0.471750,5.094088
0.472250,4.381108
0.472750,4.898357
0.473250,4.540682
0.473750,4.279696
0.474250,5.114175
0.474750,5.048206
0.475250,4.305543
0.475750,4.654480
0.476250,4.381177
0.476750,4.866993
0.477250,4.451137
0.477750,4.098361
0.478250,3.342694
0.478750,3.608593
0.479250,4.329359
0.479750,3.479463
0.480250,3.902022
0.480750,3.381497
0.481250,4.307685
0.481750,3.500393
0.482250,4.357410
0.482750,4.636210
0.483250,4.014673
0.483750,4.008400
0.484250,4.612040
0.484750,4.647719
0.485250,3.237366
0.485750,4.298995
0.486250,3.830228
0.486750,3.284819
0.487250,3.813724
0.487750,4.501217
0.488250,4.124475
0.488750,4.502624
0.489250,4.730592
0.489750,3.907731
0.490250,3.977228
0.490750,4.245066
0.491250,4.102402
0.491750,3.373243
0.492250,5.051864
0.492750,3.911631
0.493250,3.312145
0.493750,2.958644
0.494250,3.616766
0.494750,3.686581
0.495250,3.666847
0.495750,3.928248
0.496250,3.905691
0.496750,4.293993
0.497250,3.452015
0.497750,2.945259
0.498250,3.235093
0.498750,2.727698
0.499250,2.296008
0.499750,3.036608
0.500250,2.394330
0.500750,2.413614
0.501250,3.431729
0.501750,2.436216
0.502250,2.161047
0.502750,3.023442
0.503250,3.073010
0.503750,3.041786
0.504250,2.488697
0.504750,2.985775
0.505250,2.389527
0.505750,2.435666
0.506250,1.482800
0.506750,2.080506
0.507250,2.966970
0.507750,2.067533
0.508250,1.751807
0.508750,2.248855
0.509250,2.223974
0.509750,2.163450
0.510250,1.905998
0.510750,2.211184
0.511250,2.844803
0.511750,1.281454
0.512250,2.900504
0.512750,2.752250
0.513250,1.768013
0.513750,2.409470
0.514250,2.150954
0.514750,3.437945
0.515250,3.174664
0.515750,2.606005
0.516250,3.036668
0.516750,2.929141
0.517250,2.444150
0.517750,3.267531
0.518250,3.371987
0.518750,3.323863
0.519250,2.596588
0.519750,3.063289
0.520250,2.561422
0.520750,3.013480
0.521250,2.640317
0.521750,2.854133
0.522250,3.745038
0.522750,2.952601
0.523250,2.264006
0.523750,3.573329
0.524250,3.209789
0.524750,2.913052
0.525250,3.790387
0.525750,2.684589
0.526250,1.896338
0.526750,2.806768
0.527250,2.504892
0.527750,2.565627
0.528250,1.933453
0.528750,2.392777
0.529250,2.329246
0.529750,2.215764
0.530250,3.377408
0.530750,3.332400
0.531250,2.815960
0.531750,2.454900
0.532250,2.139331
0.532750,2.247514
0.533250,2.556729
0.533750,2.830043
0.534250,3.618954
0.534750,2.997494
0.535250,4.044084
0.535750,4.244943
0.536250,2.419866
0.536750,3.235842
0.537250,3.480546
0.537750,3.383347
0.538250,3.030879
0.538750,4.205155
0.539250,3.908972
0.539750,4.388462
0.540250,3.740514
0.540750,4.886285
0.541250,3.217362
0.541750,4.160696
0.542250,4.697977
0.542750,3.094422
0.543250,3.853589
0.543750,4.178091
0.544250,3.308978
0.544750,3.153380
0.545250,3.609455
0.545750,3.672573
0.546250,3.349437
0.546750,3.140525
0.547250,4.137435
0.547750,3.601524
0.548250,3.652437
0.548750,4.420306
0.549250,3.995364
0.549750,3.745357
0.550250,3.036248
0.550750,3.547985
0.551250,3.069219
0.551750,4.221909
0.552250,3.289599
0.552750,4.120551
0.553250,3.391659
0.553750,2.998310
0.554250,2.734691
0.554750,2.656226
0.555250,3.509842
0.555750,3.323711
0.556250,3.478864
0.556750,4.128557
0.557250,3.351331
0.557750,2.923931
0.558250,3.529726
0.558750,3.936175
0.559250,3.512258
0.559750,2.559069
0.560250,3.720397
0.560750,3.597659
0.561250,2.987207
0.561750,3.416823
0.562250,3.574282
0.562750,3.139821
0.563250,2.423358
0.563750,2.280754
0.564250,2.787051
0.564750,2.107572
0.565250,2.617308
0.565750,2.084958
0.566250,3.535711
0.566750,3.346469
0.567250,2.812778
0.567750,3.136242
0.568250,3.199390
0.568750,2.719013
0.569250,4.126615
0.569750,2.967970
0.570250,2.597853
0.570750,3.305737
0.571250,3.060603
0.571750,2.988953
0.572250,2.626945
0.572750,2.881752
0.573250,2.854589
0.573750,2.453906
0.574250,3.438373
0.574750,1.217214
0.575250,3.145252
0.575750,2.709657
0.576250,1.782225
0.576750,2.305336
0.577250,2.599013
0.577750,1.601394
0.578250,1.675386
0.578750,2.643990
0.579250,2.176475
0.579750,2.737757
0.580250,1.359353
0.580750,1.404204
0.581250,1.002355
0.581750,1.637913
0.582250,1.815025
0.582750,0.815733
0.583250,1.614302
0.583750,0.279914
0.584250,0.723290
0.584750,1.076247
0.585250,1.134936
0.585750,2.227990
0.586250,1.030084
0.586750,0.618007
0.587250,1.748401
0.587750,2.471538
0.588250,1.918332
0.588750,1.018726
0.589250,0.466682
0.589750,1.188912
0.590250,0.894876
0.590750,0.149324
0.591250,1.114506
0.591750,1.167945
0.592250,1.278462
0.592750,0.806237
0.593250,0.598655
0.593750,1.315944
0.594250,0.977401
0.594750,2.011254
0.595250,2.173122
0.595750,0.959838
0.596250,1.130974
0.596750,0.972818
0.597250,1.700589
0.597750,2.529884
0.598250,2.005473
0.598750,1.890960
0.599250,1.548320
0.599750,0.538739
0.600250,1.892165
0.600750,1.461861
0.601250,2.817636
0.601750,1.384283
0.602250,2.331779
0.602750,2.089392
0.603250,1.298694
0.603750,1.813783
0.604250,2.031009
0.604750,1.836866
0.605250,0.717602
0.605750,1.368644
0.606250,1.218805
0.606750,1.308788
0.607250,1.814875
0.607750,1.315393
0.608250,0.412651
0.608750,1.048765
0.609250,0.975058
0.609750,1.950041
0.610250,0.860559
0.610750,1.025529
0.611250,1.170378
0.611750,0.708100
0.612250,1.433272
0.612750,1.258439
0.613250,0.881464
0.613750,1.627132
0.614250,2.085513
0.614750,1.659403
0.615250,2.141135
0.615750,1.492348
0.616250,1.547224
0.616750,0.577132
0.617250,1.491142
0.617750,1.982423
0.618250,1.809119
0.618750,0.780960
0.619250,1.272151
0.619750,1.322107
0.620250,0.719163
0.620750,0.828103
0.621250,1.225255
0.621750,2.024749
0.622250,1.741579
0.622750,2.552775
0.623250,2.862223
0.623750,3.163898
0.624250,3.316006
0.624750,2.145281
0.625250,2.641945
0.625750,3.248378
0.626250,2.874172
0.626750,2.601492
0.627250,3.288598
0.627750,2.250035
0.628250,2.700765
0.628750,3.127409
0.629250,2.210328
0.629750,1.540095
0.630250,2.620776
0.630750,2.371574
0.631250,2.816460
0.631750,3.455203
0.632250,2.848283
0.632750,1.827698
0.633250,3.314737
0.633750,1.449883
0.634250,2.433646
0.634750,1.849988
0.635250,2.002170
0.635750,2.637416
0.636250,2.966613
0.636750,2.715384
0.637250,2.390741
0.637750,3.663837
0.638250,2.014526
0.638750,1.832377
0.639250,2.361541
0.639750,2.776802
0.640250,3.381090
0.640750,1.600535
0.641250,2.053024
0.641750,1.000444
0.642250,1.040716
0.642750,0.668239
0.643250,2.126236
0.643750,2.053445
0.644250,1.636951
0.644750,1.082653
0.645250,1.320339
0.645750,1.228407
0.646250,1.915053
0.646750,2.524228
0.647250,1.991959
0.647750,2.297824
0.648250,2.204413
0.648750,2.021288
0.649250,-0.088156
0.649750,1.922040
0.650250,0.892713
0.650750,0.994250
0.651250,1.415468
0.651750,0.611873
0.652250,2.077106
0.652750,1.799775
0.653250,1.547117
0.653750,2.179830
0.654250,1.112749
0.654750,1.933271
0.655250,1.275241
0.655750,1.858090
0.656250,3.060905
0.656750,1.575811
0.657250,1.854507
0.657750,0.995849
0.658250,1.043486
0.658750,2.193764
0.659250,0.307159
0.659750,0.357511
0.660250,1.013401
0.660750,0.967386
0.661250,1.044610
0.661750,0.522052
0.662250,1.399381
0.662750,0.859054
0.663250,0.366490
0.663750,0.463726
0.664250,0.013940
0.664750,1.931191
0.665250,0.950482
0.665750,0.580866
0.666250,0.289935
0.666750,0.280948
0.667250,1.371816
0.667750,0.271731
0.668250,-1.086670
0.668750,-0.560860
0.669250,0.428691
0.669750,-0.267912
0.670250,0.490215
0.670750,-0.063989
0.671250,0.290166
0.671750,-0.784736
0.672250,-0.583589
0.672750,-0.612193
0.673250,-1.402034
0.673750,0.000862
0.674250,-0.048858
0.674750,-0.449621
0.675250,-0.520127
0.675750,-1.419113
0.676250,-0.729529
0.676750,-1.046871
0.677250,-0.357496
0.677750,0.061448
0.678250,-0.710790
0.678750,-0.939571
0.679250,-0.812572
0.679750,-0.687149
0.680250,-1.069808
0.680750,1.275981
0.681250,-0.158457
0.681750,-0.844386
0.682250,-1.478809
0.682750,-0.278531
0.683250,0.112218
0.683750,-0.318296
0.684250,1.043396
0.684750,-0.750701
0.685250,-1.597816
0.685750,-0.408071
0.686250,-0.226058
0.686750,-1.385034
0.687250,0.468730
0.687750,0.236729
0.688250,0.084912
0.688750,-0.762666
0.689250,-1.051548
0.689750,0.730343
0.690250,-0.482854
0.690750,0.347399
0.691250,0.425680
0.691750,0.284679
0.692250,-0.999218
0.692750,-0.311660
0.693250,0.075977
0.693750,0.731253
0.694250,-0.182734
0.694750,-0.682990
0.695250,-0.529726
0.695750,-0.935444
0.696250,-0.410356
0.696750,-0.431795
0.697250,1.327208
0.697750,-0.417493
0.698250,-0.624478
0.698750,-0.576742
0.699250,-1.048069
0.699750,-0.576124
0.700250,-0.751026
0.700750,-0.554174
0.701250,0.166721
0.701750,-1.013973
0.702250,-0.808393
0.702750,0.145702
0.703250,-1.219287
0.703750,-1.626797
0.704250,-0.437782
0.704750,-0.962136
0.705250,-1.599931
0.705750,-0.954935
0.706250,-0.840750
0.706750,-1.729315
0.707250,-0.366928
0.707750,-0.913330
0.708250,-1.242181
0.708750,-0.698330
0.709250,-0.226946
0.709750,-0.580649
0.710250,-0.763447
0.710750,-0.921346
0.711250,-0.318219
0.711750,-0.026304
0.712250,-0.723306
0.712750,0.049520
0.713250,0.264768
0.713750,0.327145
0.714250,0.234677
0.714750,-0.731817
0.715250,-0.235158
0.715750,-0.120767
0.716250,-0.217102
0.716750,-1.119872
0.717250,0.731933
0.717750,-0.065807
0.718250,1.091810
0.718750,0.249813
0.719250,0.876424
0.719750,-0.588371
0.720250,0.535921
0.720750,-0.776989
0.721250,0.715644
0.721750,0.422456
0.722250,-0.328860
0.722750,-0.370454
0.723250,0.526326
0.723750,0.170323
0.724250,-0.202233
0.724750,-0.400846
0.725250,-0.084705
0.725750,-0.303492
0.726250,0.217380
0.726750,0.275251
0.727250,-0.821570
0.727750,-0.885517
0.728250,0.425662
0.728750,-0.794314
0.729250,-0.329129
0.729750,0.791919
0.730250,1.115638
0.730750,-0.294625
0.731250,-1.383872
0.731750,-1.728813
0.732250,-0.619924
0.732750,-1.084863
0.733250,-1.460997
0.733750,-0.660965
0.734250,-0.716648
0.734750,-1.672122
0.735250,-1.106943
0.735750,-0.458394
0.736250,-0.941816
0.736750,-1.240518
0.737250,-0.626455
0.737750,-0.540121
0.738250,-1.322393
0.738750,-1.914227
0.739250,-1.941869
0.739750,-2.065892
0.740250,0.010166
0.740750,-1.308704
0.741250,-1.614041
0.741750,-0.673402
0.742250,-0.544517
0.742750,-0.297153
0.743250,-0.884642
0.743750,-0.656068
0.744250,-1.341369
0.744750,-0.999278
0.745250,-1.454100
0.745750,-0.869099
0.746250,-0.846663
0.746750,-1.249944
0.747250,-1.419408
0.747750,-1.207108
0.748250,-1.433603
0.748750,-1.072026
0.749250,0.218170
0.749750,-1.098425
0.750250,-1.746099
0.750750,-1.980885
0.751250,-0.491901
0.751750,-1.447060
0.752250,-1.551054
0.752750,-2.249435
0.753250,-2.015747
0.753750,-1.172167
0.754250,-1.320528
0.754750,-1.007791
0.755250,-1.787951
0.755750,-2.167458
0.756250,-2.556799
0.756750,-1.420625
0.757250,-1.892633
0.757750,-1.142679
0.758250,-2.652280
0.758750,-1.766847
0.759250,-2.681469
0.759750,-2.771095
0.760250,-1.921838
0.760750,-1.321630
0.761250,-1.835343
0.761750,-2.667243
0.762250,-2.023456
0.762750,-2.778726
0.763250,-2.915836
0.763750,-2.262241
0.764250,-2.948966
0.764750,-2.449600
0.765250,-3.619740
0.765750,-3.163766
0.766250,-3.770809
0.766750,-4.358635
0.767250,-2.963097
0.767750,-3.591329
0.768250,-4.135612
0.768750,-3.487826
0.769250,-3.557855
0.769750,-3.510167
0.770250,-3.414032
0.770750,-2.446548
0.771250,-2.750855
0.771750,-3.038753
0.772250,-2.735719
0.772750,-2.778705
0.773250,-3.865473
0.773750,-2.454184
0.774250,-3.325294
0.774750,-2.771769
0.775250,-2.503414
0.775750,-3.229327
0.776250,-3.130357
0.776750,-3.042752
0.777250,-3.637411
0.777750,-2.269315
0.778250,-2.448379
0.778750,-2.864448
0.779250,-3.140078
0.779750,-3.534385
0.780250,-2.927234
0.780750,-4.506193
0.781250,-3.551691
0.781750,-2.896798
0.782250,-2.803464
0.782750,-2.526671
0.783250,-2.394315
0.783750,-1.437396
0.784250,-2.664078
0.784750,-3.275057
0.785250,-1.075828
0.785750,-3.003631
0.786250,-2.210432
0.786750,-2.436015
0.787250,-2.863169
0.787750,-2.950621
0.788250,-3.450691
0.788750,-2.494605
0.789250,-3.388078
0.789750,-2.738878
0.790250,-2.457018
0.790750,-3.555077
0.791250,-3.102989
0.791750,-3.361077
0.792250,-3.567104
0.792750,-3.312851
0.793250,-2.950633
0.793750,-3.110572
0.794250,-2.522276
0.794750,-3.112979
0.795250,-3.721864
0.795750,-3.141987
0.796250,-2.616871
0.796750,-2.305862
0.797250,-3.253609
0.797750,-2.307448
0.798250,-3.182679
0.798750,-2.668836
0.799250,-3.972362
0.799750,-3.516548
0.800250,-3.832311
0.800750,-2.429588
0.801250,-2.482844
0.801750,-4.370527
0.802250,-3.832484
0.802750,-3.324580
0.803250,-2.503598
0.803750,-3.283885
0.804250,-2.811343
0.804750,-3.783126
0.805250,-1.669564
0.805750,-3.209730
0.806250,-2.955052
0.806750,-2.357757
0.807250,-2.634115
0.807750,-2.936258
0.808250,-2.823069
0.808750,-2.225759
0.809250,-2.697288
0.809750,-2.466198
0.810250,-1.301415
0.810750,-2.448952
0.811250,-1.392247
0.811750,-2.083854
0.812250,-1.864940
0.812750,-1.805246
0.813250,-1.145020
0.813750,-1.886444
0.814250,-3.382536
0.814750,-2.088408
0.815250,-2.423175
0.815750,-2.204598
0.816250,-1.288651
0.816750,-1.353697
0.817250,-2.642843
0.817750,-1.180369
0.818250,-1.674218
0.818750,-1.097933
0.819250,-2.460672
0.819750,-2.298641
0.820250,-1.851975
0.820750,-0.675205
0.821250,-2.517847
0.821750,-2.243351
0.822250,-1.658334
0.822750,-1.216018
0.823250,-1.349645
0.823750,-1.354652
0.824250,-1.354860
0.824750,-1.002478
0.825250,-2.198308
0.825750,-0.865058
0.826250,-0.936537
0.826750,-1.396355
0.827250,-1.781032
0.827750,-2.823766
0.828250,-2.524746
0.828750,-1.500863
0.829250,-1.977733
0.829750,-1.478158
0.830250,-3.403434
0.830750,-2.823995
0.831250,-2.400106
0.831750,-2.229552
0.832250,-3.147008
0.832750,-2.795959
0.833250,-3.371020
0.833750,-2.421989
0.834250,-2.096875
0.834750,-2.110293
0.835250,-1.651347
0.835750,-4.043924
0.836250,-2.266820
0.836750,-2.053657
0.837250,-1.602682
0.837750,-2.596920
0.838250,-2.649884
0.838750,-1.996759
0.839250,-3.485186
0.839750,-1.862813
0.840250,-3.029183
0.840750,-3.195409
0.841250,-1.895558
0.841750,-3.660763
0.842250,-2.907651
0.842750,-2.321263
0.843250,-2.648709
0.843750,-2.207682
0.844250,-2.597869
0.844750,-2.088073
0.845250,-2.231452
0.845750,-1.721550
0.846250,-1.805304
0.846750,-2.808818
0.847250,-3.335310
0.847750,-2.065789
0.848250,-3.427007
0.848750,-3.808659
0.849250,-1.707757
0.849750,-2.275314
0.850250,-1.086501
0.850750,-3.080297
0.851250,-2.084988
0.851750,-3.205749
0.852250,-2.601209
0.852750,-1.741263
0.853250,-1.016545
0.853750,-2.008392
0.854250,-2.622538
0.854750,-2.268047
0.855250,-4.290510
0.855750,-2.645300
0.856250,-4.348957
0.856750,-3.658395
0.857250,-3.043702
0.857750,-4.243834
0.858250,-3.351670
0.858750,-3.315615
0.859250,-2.653006
0.859750,-2.735148
0.860250,-2.150054
0.860750,-4.068222
0.861250,-3.175968
0.861750,-4.230555
0.862250,-3.923777
0.862750,-3.342197
0.863250,-4.168594
0.863750,-3.230391
0.864250,-3.270868
0.864750,-4.005311
0.865250,-3.733499
0.865750,-3.253369
0.866250,-3.007772
0.866750,-4.414550
0.867250,-3.869373
0.867750,-4.211983
0.868250,-3.520713
0.868750,-3.374582
0.869250,-3.418759
0.869750,-3.855117
0.870250,-3.315175
0.870750,-4.077264
0.871250,-3.713244
0.871750,-3.300190
0.872250,-4.623827
0.872750,-2.564666
0.873250,-4.168072
0.873750,-4.109855
0.874250,-3.548767
0.874750,-4.179249
0.875250,-3.516536
0.875750,-4.044374
0.876250,-3.803284
0.876750,-3.367539
0.877250,-4.330935
0.877750,-5.283181
0.878250,-4.101276
0.878750,-4.335909
0.879250,-3.764031
0.879750,-3.211795
0.880250,-3.931228
0.880750,-3.892634
0.881250,-3.709568
0.881750,-4.304571
0.882250,-3.295124
0.882750,-3.371878
0.883250,-1.819904
0.883750,-3.259500
0.884250,-3.784707
0.884750,-2.805910
0.885250,-4.064700
0.885750,-3.683049
0.886250,-4.479110
0.886750,-2.141545
0.887250,-3.836430
0.887750,-2.906982
0.888250,-4.078503
0.888750,-3.899414
0.889250,-3.793446
0.889750,-2.931641
0.890250,-4.686259
0.890750,-3.228045
0.891250,-2.063497
0.891750,-3.328351
0.892250,-3.062677
0.892750,-3.932601
0.893250,-3.207372
0.893750,-4.282770
0.894250,-2.196926
0.894750,-3.693215
0.895250,-1.983763
0.895750,-2.030568
0.896250,-2.731481
0.896750,-4.198142
0.897250,-3.780577
0.897750,-2.986539
0.898250,-1.851832
0.898750,-2.222280
0.899250,-4.494294
0.899750,-3.305221
0.900250,-3.514878
0.900750,-4.060789
0.901250,-2.515288
0.901750,-3.236253
0.902250,-3.418999
0.902750,-2.904116
0.903250,-2.925306
0.903750,-3.201177
0.904250,-2.813577
0.904750,-3.447280
0.905250,-3.224003
0.905750,-2.775590
0.906250,-2.973397
0.906750,-2.530423
0.907250,-3.148914
0.907750,-3.453094
0.908250,-2.656610
0.908750,-2.940391
0.909250,-3.063183
0.909750,-3.518905
0.910250,-3.409917
0.910750,-2.848427
0.911250,-2.388696
0.911750,-1.639810
0.912250,-2.447513
0.912750,-2.044093
0.913250,-2.513897
0.913750,-2.115357
0.914250,-1.508443
0.914750,-1.662296
0.915250,-2.240989
0.915750,-2.572036
0.916250,-2.176853
0.916750,-1.802909
0.917250,-1.210877
0.917750,-0.571801
0.918250,-1.257650
0.918750,-0.907333
0.919250,-2.159992
0.919750,-2.103238
0.920250,-1.085097
0.920750,-1.895583
0.921250,-2.241901
0.921750,-0.867547
0.922250,-0.926207
0.922750,-1.632049
0.923250,-1.817155
0.923750,-1.064027
0.924250,-1.857047
0.924750,-2.339691
0.925250,-1.215728
0.925750,-1.496347
0.926250,-0.971862
0.926750,-0.926720
0.927250,-1.198265
0.927750,-1.374551
0.928250,-0.799084
0.928750,-1.646490
0.929250,-1.669318
0.929750,-2.159518
0.930250,-1.471171
0.930750,-0.680299
0.931250,-1.206246
0.931750,-0.496775
0.932250,-1.967265
0.932750,-1.304911
0.933250,-2.594565
0.933750,-2.406460
0.934250,-3.157675
0.934750,-2.031213
0.935250,-1.881832
0.935750,-2.841741
0.936250,-2.164437
0.936750,-2.598663
0.937250,-0.955257
0.937750,-1.708722
0.938250,0.406370
0.938750,-2.113949
0.939250,-2.347092
0.939750,-2.364907
0.940250,-2.375765
0.940750,-2.831099
0.941250,-2.264198
0.941750,-1.995481
0.942250,-1.493996
0.942750,-1.147502
0.943250,-2.223092
0.943750,-0.967448
0.944250,-2.228113
0.944750,-2.053143
0.945250,-1.564800
0.945750,-2.391138
0.946250,-1.415993
0.946750,-1.234165
0.947250,-1.979863
0.947750,-2.296660
0.948250,-2.069817
0.948750,-0.947350
0.949250,-2.351793
0.949750,-2.307914
0.950250,-1.745334
0.950750,-0.781990
0.951250,-0.559096
0.951750,-2.407187
0.952250,-0.951882
0.952750,-1.874126
0.953250,-0.771880
0.953750,-2.333718
0.954250,-1.531855
0.954750,-1.668058
0.955250,-0.868301
0.955750,-3.007898
0.956250,-2.735649
0.956750,-4.081451
0.957250,-1.370700
0.957750,-0.498502
0.958250,-1.352420
0.958750,-2.355962
0.959250,-1.676900
0.959750,-2.458121
0.960250,-3.102955
0.960750,-2.304248
0.961250,-0.331723
0.961750,-2.340975
0.962250,-1.304288
0.962750,-1.151576
0.963250,-2.259464
0.963750,-1.337930
0.964250,-0.805106
0.964750,-2.114881
0.965250,-1.523061
0.965750,-1.280551
0.966250,-1.260777
0.966750,-2.759981
0.967250,-1.562829
0.967750,-3.019929
0.968250,-2.755131
0.968750,-3.543147
0.969250,-1.480461
0.969750,-2.080399
0.970250,-2.553060
0.970750,-3.111618
0.971250,-3.741169
0.971750,-4.460343
0.972250,-3.192759
0.972750,-3.204386
0.973250,-4.659505
0.973750,-3.993160
0.974250,-3.312252
0.974750,-1.903014
0.975250,-2.235615
0.975750,-4.443702
0.976250,-3.226778
0.976750,-2.804502
0.977250,-3.192165
0.977750,-2.926647
0.978250,-3.538144
0.978750,-3.068380
0.979250,-3.280890
0.979750,-2.945179
0.980250,-3.652641
0.980750,-3.583247
0.981250,-2.844688
0.981750,-2.776443
0.982250,-3.542813
0.982750,-1.429890
0.983250,-3.667703
0.983750,-2.777756
0.984250,-3.074332
0.984750,-2.082150
0.985250,-2.598035
0.985750,-2.989391
0.986250,-2.259222
0.986750,-2.009056
0.987250,-2.745435
0.987750,-2.826282
0.988250,-1.298892
0.988750,-2.754510
0.989250,-2.752011
0.989750,-2.086679
0.990250,-1.985011
0.990750,-2.814237
0.991250,-2.025147
0.991750,-2.096321
0.992250,-3.351091
0.992750,-3.376029
0.993250,-3.024734
0.993750,-2.682026
0.994250,-2.195544
0.994750,-2.143913
0.995250,-3.707332
0.995750,-0.733058
0.996250,-2.620876
0.996750,-1.412417
0.997250,-2.975690
0.997750,-2.973516
0.998250,-2.810880
0.998750,-2.092077
0.999250,-1.662020
0.999750,-1.650261
