0.000250,0.115556
0.000750,0.093933
0.001250,0.088762
0.001750,-0.100997
0.002250,-0.094968
0.002750,0.078924
0.003250,0.128887
0.003750,0.144658
0.004250,0.346709
0.004750,0.609064
0.005250,0.752981
0.005750,0.732067
0.006250,0.670752
0.006750,0.676538
0.007250,0.735052
0.007750,0.808880
0.008250,0.806634
0.008750,0.714371
0.009250,0.573274
0.009750,0.491398
0.010250,0.544910
0.010750,0.625530
0.011250,0.793663
0.011750,0.913356
0.012250,0.939070
0.012750,0.996449
0.013250,0.991981
0.013750,1.028971
0.014250,1.159159
0.014750,1.344381
0.015250,1.521257
0.015750,1.727369
0.016250,1.790556
0.016750,1.828092
0.017250,1.834497
0.017750,1.760451
0.018250,1.647175
0.018750,1.685426
0.019250,1.683697
0.019750,1.698598
0.020250,1.754875
0.020750,1.815753
0.021250,1.792647
0.021750,1.673103
0.022250,1.562409
0.022750,1.451521
0.023250,1.346490
0.023750,1.246516
0.024250,1.266086
0.024750,1.274814
0.025250,1.301668
0.025750,1.386209
0.026250,1.574087
0.026750,1.583385
0.027250,1.615240
0.027750,1.623152
0.028250,1.591179
0.028750,1.586322
0.029250,1.547109
0.029750,1.583079
0.030250,1.619007
0.030750,1.699154
0.031250,1.865547
0.031750,1.909691
0.032250,2.053151
0.032750,2.233914
0.033250,2.282609
0.033750,2.221709
0.034250,2.257382
0.034750,2.202261
0.035250,2.085534
0.035750,2.045949
0.036250,1.872486
0.036750,1.832234
0.037250,1.908061
0.037750,1.812381
0.038250,1.826453
0.038750,1.864400
0.039250,1.828001
0.039750,1.905007
0.040250,1.833460
0.040750,1.747379
0.041250,1.668148
0.041750,1.500724
0.042250,1.444757
0.042750,1.279293
0.043250,1.157961
0.043750,1.016206
0.044250,0.946565
0.044750,1.022793
0.045250,0.925979
0.045750,1.057151
0.046250,0.954351
0.046750,1.129106
0.047250,1.216964
0.047750,1.207057
0.048250,1.308639
0.048750,1.210851
0.049250,1.279107
0.049750,1.215134
0.050250,1.270063
0.050750,1.184158
0.051250,1.220733
0.051750,1.119539
0.052250,1.099462
0.052750,1.307848
0.053250,1.322672
0.053750,1.436434
0.054250,1.414878
0.054750,1.618077
0.055250,1.613409
0.055750,1.847099
0.056250,1.816337
0.056750,1.905098
0.057250,1.819058
0.057750,1.884910
0.058250,1.824829
0.058750,1.877847
0.059250,1.687514
0.059750,1.696344
0.060250,1.488523
0.060750,1.461941
0.061250,1.419210
0.061750,1.461073
0.062250,1.399706
0.062750,1.457580
0.063250,1.332733
0.063750,1.476734
0.064250,1.421276
0.064750,1.467294
0.065250,1.475188
0.065750,1.421979
0.066250,1.327682
0.066750,1.160945
0.067250,1.158305
0.067750,0.891741
0.068250,0.946541
0.068750,0.810707
0.069250,0.703839
0.069750,0.480945
0.070250,0.520263
0.070750,0.413565
0.071250,0.509936
0.071750,0.449907
0.072250,0.490130
0.072750,0.410828
0.073250,0.444274
0.073750,0.647398
0.074250,0.574143
0.074750,0.763387
0.075250,0.698553
0.075750,0.763421
0.076250,0.665066
0.076750,0.682085
0.077250,0.696309
0.077750,0.636973
0.078250,0.739310
0.078750,0.617355
0.079250,0.625174
0.079750,0.476742
0.080250,0.606955
0.080750,0.567344
0.081250,0.610229
0.081750,0.808592
0.082250,0.714631
0.082750,0.886379
0.083250,0.812316
0.083750,1.020368
0.084250,1.043306
0.084750,1.134821
0.085250,1.354858
0.085750,1.252181
0.086250,1.411253
0.086750,1.304160
0.087250,1.210030
0.087750,1.358250
0.088250,1.153846
0.088750,1.249443
0.089250,1.035259
0.089750,1.022946
0.090250,0.965951
0.090750,0.660897
0.091250,0.850083
0.091750,0.710717
0.092250,0.740981
0.092750,0.753096
0.093250,0.595922
0.093750,0.689850
0.094250,0.601128
0.094750,0.576135
0.095250,0.682210
0.095750,0.549389
0.096250,0.691528
0.096750,0.595623
0.097250,0.603447
0.097750,0.522815
0.098250,0.355121
0.098750,0.353911
0.099250,0.180642
0.099750,0.135370
0.100250,0.146432
0.100750,-0.164858
0.101250,-0.228061
0.101750,-0.265033
0.102250,-0.570299
0.102750,-0.523975
0.103250,-0.635325
0.103750,-0.626649
0.104250,-0.564069
0.104750,-0.709777
0.105250,-0.612826
0.105750,-0.542939
0.106250,-0.695338
0.106750,-0.518962
0.107250,-0.551089
0.107750,-0.473171
0.108250,-0.319015
0.108750,-0.475523
0.109250,-0.345040
0.109750,-0.355963
0.110250,-0.545586
0.110750,-0.418238
0.111250,-0.422007
0.111750,-0.556811
0.112250,-0.417930
0.112750,-0.531562
0.113250,-0.635017
0.113750,-0.464332
0.114250,-0.785175
0.114750,-0.691521
0.115250,-0.591412
0.115750,-0.710056
0.116250,-0.605929
0.116750,-0.542105
0.117250,-0.532061
0.117750,-0.399589
0.118250,-0.399690
0.118750,-0.411385
0.119250,-0.216702
0.119750,-0.231860
0.120250,-0.088782
0.120750,0.106608
0.121250,-0.048572
0.121750,0.074055
0.122250,0.043865
0.122750,-0.069038
0.123250,-0.035021
0.123750,0.012767
0.124250,-0.223504
0.124750,-0.132736
0.125250,-0.188768
0.125750,-0.359739
0.126250,-0.388390
0.126750,-0.381016
0.127250,-0.697921
0.127750,-0.610388
0.128250,-0.632058
0.128750,-0.816516
0.129250,-0.617712
0.129750,-0.743912
0.130250,-0.794251
0.130750,-0.782316
0.131250,-0.822927
0.131750,-0.942337
0.132250,-0.816498
0.132750,-0.853738
0.133250,-0.987353
0.133750,-0.715145
0.134250,-0.782324
0.134750,-1.046878
0.135250,-0.940425
0.135750,-0.941569
0.136250,-1.208037
0.136750,-1.187609
0.137250,-1.239360
0.137750,-1.444812
0.138250,-1.404581
0.138750,-1.519069
0.139250,-1.782566
0.139750,-1.810663
0.140250,-1.811727
0.140750,-2.156768
0.141250,-2.270727
0.141750,-2.029821
0.142250,-2.286655
0.142750,-2.202265
0.143250,-2.150684
0.143750,-2.284092
0.144250,-2.233611
0.144750,-2.217143
0.145250,-2.339701
0.145750,-2.256143
0.146250,-2.064976
0.146750,-2.157185
0.147250,-2.114300
0.147750,-1.889369
0.148250,-1.995180
0.148750,-2.052907
0.149250,-1.722962
0.149750,-1.834609
0.150250,-2.112536
0.150750,-1.935386
0.151250,-1.966254
0.151750,-2.073407
0.152250,-2.051100
0.152750,-1.921584
0.153250,-2.132711
0.153750,-2.162329
0.154250,-2.084798
0.154750,-2.188574
0.155250,-2.244319
0.155750,-2.146242
0.156250,-2.144322
0.156750,-2.186648
0.157250,-2.049950
0.157750,-1.940507
0.158250,-1.991111
0.158750,-1.839981
0.159250,-1.718561
0.159750,-1.915074
0.160250,-1.760740
0.160750,-1.476604
0.161250,-1.539554
0.161750,-1.482319
0.162250,-1.264080
0.162750,-1.227610
0.163250,-1.211298
0.163750,-1.235714
0.164250,-1.095034
0.164750,-1.307523
0.165250,-1.303451
0.165750,-1.130717
0.166250,-1.411227
0.166750,-1.333350
0.167250,-1.153666
0.167750,-1.367936
0.168250,-1.531317
0.168750,-1.421388
0.169250,-1.397142
0.169750,-1.697942
0.170250,-1.713493
0.170750,-1.592719
0.171250,-1.759597
0.171750,-1.757100
0.172250,-1.721412
0.172750,-1.626931
0.173250,-1.892816
0.173750,-1.765387
0.174250,-1.642085
0.174750,-1.754279
0.175250,-1.873378
0.175750,-1.655448
0.176250,-1.705204
0.176750,-1.820349
0.177250,-1.636768
0.177750,-1.425201
0.178250,-1.723626
0.178750,-1.807210
0.179250,-1.626326
0.179750,-1.820447
0.180250,-1.989303
0.180750,-1.872730
0.181250,-1.794015
0.181750,-2.040905
0.182250,-2.191574
0.182750,-2.058208
0.183250,-2.140648
0.183750,-2.374876
0.184250,-2.358674
0.184750,-2.435236
0.185250,-2.630898
0.185750,-2.727184
0.186250,-2.682728
0.186750,-2.635296
0.187250,-2.798311
0.187750,-2.803088
0.188250,-2.490866
0.188750,-2.656075
0.189250,-2.730849
0.189750,-2.591657
0.190250,-2.587049
0.190750,-2.686403
0.191250,-2.591548
0.191750,-2.386389
0.192250,-2.443076
0.192750,-2.569106
0.193250,-2.218959
0.193750,-2.067548
0.194250,-2.116254
0.194750,-2.099292
0.195250,-2.023042
0.195750,-2.049321
0.196250,-2.230601
0.196750,-2.081762
0.197250,-1.966025
0.197750,-1.925572
0.198250,-2.133103
0.198750,-2.050030
0.199250,-1.909738
0.199750,-1.967863
0.200250,-2.122302
0.200750,-1.998736
0.201250,-1.989591
0.201750,-2.227208
0.202250,-2.092877
0.202750,-1.886049
0.203250,-1.997783
0.203750,-2.054783
0.204250,-1.900946
0.204750,-1.689362
0.205250,-1.743472
0.205750,-1.700924
0.206250,-1.496564
0.206750,-1.430894
0.207250,-1.507510
0.207750,-1.523797
0.208250,-1.159734
0.208750,-1.094506
0.209250,-1.144214
0.209750,-0.970672
0.210250,-0.815944
0.210750,-0.798200
0.211250,-0.837228
0.211750,-0.770691
0.212250,-0.691582
0.212750,-0.786830
0.213250,-0.788723
0.213750,-0.694231
0.214250,-0.680765
0.214750,-0.819680
0.215250,-0.846365
0.215750,-0.711778
0.216250,-0.628295
0.216750,-0.930720
0.217250,-0.914237
0.217750,-0.813387
0.218250,-1.016733
0.218750,-1.185546
0.219250,-1.197826
0.219750,-1.074630
0.220250,-1.100115
0.220750,-1.212424
0.221250,-1.189165
0.221750,-0.988141
0.222250,-1.151499
0.222750,-1.198490
0.223250,-1.101867
0.223750,-0.985712
0.224250,-1.131142
0.224750,-1.145284
0.225250,-1.157214
0.225750,-0.967341
0.226250,-1.002099
0.226750,-1.001372
0.227250,-0.816446
0.227750,-0.766263
0.228250,-0.959881
0.228750,-1.016956
0.229250,-0.910223
0.229750,-0.889224
0.230250,-1.110074
0.230750,-1.230068
0.231250,-1.168573
0.231750,-1.123761
0.232250,-1.335551
0.232750,-1.455347
0.233250,-1.331594
0.233750,-1.369009
0.234250,-1.474154
0.234750,-1.697664
0.235250,-1.572159
0.235750,-1.762182
0.236250,-1.866385
0.236750,-1.964495
0.237250,-1.920915
0.237750,-1.875764
0.238250,-2.070098
0.238750,-2.057606
0.239250,-1.936922
0.239750,-1.874919
0.240250,-1.943545
0.240750,-1.967775
0.241250,-1.911918
0.241750,-1.766117
0.242250,-1.861986
0.242750,-1.977853
0.243250,-1.847546
0.243750,-1.595985
0.244250,-1.689322
0.244750,-1.590067
0.245250,-1.338651
0.245750,-1.198017
0.246250,-1.388360
0.246750,-1.482902
0.247250,-1.206277
0.247750,-1.175990
0.248250,-1.304785
0.248750,-1.399766
0.249250,-1.269620
0.249750,-1.107489
0.250250,-1.154463
0.250750,-1.338819
0.251250,-1.257673
0.251750,-1.137616
0.252250,-1.101230
0.252750,-1.202814
0.253250,-1.210224
0.253750,-1.064422
0.254250,-1.157999
0.254750,-1.442429
0.255250,-1.281162
0.255750,-1.003296
0.256250,-1.191135
0.256750,-1.241994
0.257250,-1.089230
0.257750,-0.855045
0.258250,-0.852578
0.258750,-1.030128
0.259250,-0.887061
0.259750,-0.617370
0.260250,-0.627170
0.260750,-0.616485
0.261250,-0.601026
0.261750,-0.412897
0.262250,-0.208354
0.262750,-0.314687
0.263250,-0.230476
0.263750,-0.121906
0.264250,0.178733
0.264750,0.109679
0.265250,0.006286
0.265750,0.131306
0.266250,0.343912
0.266750,0.284289
0.267250,0.118989
0.267750,0.162456
0.268250,0.281449
0.268750,0.252009
0.269250,0.046594
0.269750,0.125295
0.270250,0.150580
0.270750,0.368291
0.271250,0.069801
0.271750,0.008089
0.272250,-0.065649
0.272750,0.116832
0.273250,-0.116374
0.273750,-0.265439
0.274250,-0.142404
0.274750,-0.181774
0.275250,-0.127711
0.275750,-0.309081
0.276250,-0.284463
0.276750,-0.206388
0.277250,-0.005649
0.277750,-0.131591
0.278250,-0.234949
0.278750,-0.039271
0.279250,-0.031208
0.279750,0.113892
0.280250,-0.226979
0.280750,-0.149435
0.281250,-0.039352
0.281750,0.037914
0.282250,-0.006416
0.282750,-0.099343
0.283250,0.099682
0.283750,0.135837
0.284250,0.211641
0.284750,-0.052811
0.285250,0.101188
0.285750,0.262755
0.286250,-0.034540
0.286750,-0.180994
0.287250,-0.175297
0.287750,-0.129628
0.288250,-0.037809
0.288750,-0.330953
0.289250,-0.387655
0.289750,-0.352420
0.290250,-0.283847
0.290750,-0.430880
0.291250,-0.553233
0.291750,-0.522884
0.292250,-0.567247
0.292750,-0.595292
0.293250,-0.935655
0.293750,-1.061329
0.294250,-1.057859
0.294750,-0.807705
0.295250,-0.701848
0.295750,-0.943801
0.296250,-1.020749
0.296750,-0.810421
0.297250,-0.793176
0.297750,-0.802981
0.298250,-0.805429
0.298750,-0.782113
0.299250,-0.503403
0.299750,-0.702552
0.300250,-0.887818
0.300750,-0.854074
0.301250,-0.464924
0.301750,-0.431361
0.302250,-0.476130
0.302750,-0.474965
0.303250,-0.355541
0.303750,-0.103262
0.304250,-0.185802
0.304750,-0.198278
0.305250,-0.232283
0.305750,-0.072816
0.306250,0.018719
0.306750,-0.024443
0.307250,-0.160887
0.307750,0.060835
0.308250,0.082830
0.308750,0.181467
0.309250,-0.087625
0.309750,0.057843
0.310250,0.073981
0.310750,0.280140
0.311250,0.061183
0.311750,-0.086366
0.312250,-0.081090
0.312750,0.152413
0.313250,0.147034
0.313750,-0.072391
0.314250,0.029976
0.314750,0.080566
0.315250,0.194007
0.315750,0.203265
0.316250,0.042106
0.316750,0.213434
0.317250,0.428434
0.317750,0.576018
0.318250,0.468336
0.318750,0.487380
0.319250,0.648106
0.319750,0.893471
0.320250,0.836545
0.320750,0.653938
0.321250,0.952257
0.321750,0.947857
0.322250,1.293335
0.322750,1.280440
0.323250,1.152867
0.323750,1.471936
0.324250,1.613949
0.324750,1.681012
0.325250,1.650286
0.325750,1.509293
0.326250,1.677765
0.326750,1.870835
0.327250,1.729663
0.327750,1.843601
0.328250,1.756639
0.328750,1.839452
0.329250,1.885495
0.329750,1.872615
0.330250,1.655694
0.330750,1.750435
0.331250,1.935034
0.331750,1.976390
0.332250,1.857922
0.332750,1.595969
0.333250,1.763953
0.333750,1.824796
0.334250,1.583180
0.334750,1.554700
0.335250,1.447629
0.335750,1.397075
0.336250,1.670218
0.336750,1.723645
0.337250,1.462194
0.337750,1.480297
0.338250,1.490785
0.338750,1.842832
0.339250,1.785621
0.339750,1.605357
0.340250,1.667079
0.340750,1.729342
0.341250,1.826786
0.341750,1.717727
0.342250,1.510769
0.342750,1.739973
0.343250,1.774090
0.343750,1.834609
0.344250,1.862172
0.344750,1.790536
0.345250,1.818621
0.345750,2.091952
0.346250,2.156138
0.346750,2.060517
0.347250,1.806154
0.347750,1.903416
0.348250,2.094406
0.348750,2.094379
0.349250,1.778227
0.349750,1.677010
0.350250,1.807814
0.350750,1.906439
0.351250,1.898381
0.351750,1.679947
0.352250,1.616034
0.352750,1.776504
0.353250,1.890663
0.353750,1.558537
0.354250,1.340487
0.354750,1.489223
0.355250,1.355408
0.355750,1.458866
0.356250,1.338957
0.356750,1.000014
0.357250,1.087449
0.357750,1.211074
0.358250,1.191291
0.358750,1.163325
0.359250,1.036004
0.359750,1.011816
0.360250,1.374744
0.360750,1.443824
0.361250,1.309883
0.361750,1.205717
0.362250,1.291132
0.362750,1.318409
0.363250,1.525058
0.363750,1.505220
0.364250,1.254255
0.364750,1.503018
0.365250,1.762922
0.365750,1.641364
0.366250,1.779316
0.366750,1.538952
0.367250,1.798460
0.367750,2.027895
0.368250,2.115657
0.368750,2.107782
0.369250,2.077748
0.369750,2.199764
0.370250,2.297541
0.370750,2.376400
0.371250,2.220522
0.371750,2.107431
0.372250,2.128493
0.372750,2.337604
0.373250,2.499398
0.373750,2.376414
0.374250,2.148402
0.374750,2.298595
0.375250,2.516146
0.375750,2.611223
0.376250,2.363484
0.376750,2.098189
0.377250,2.324637
0.377750,2.497851
0.378250,2.547438
0.378750,2.442884
0.379250,2.284497
0.379750,2.335988
0.380250,2.368096
0.380750,2.682324
0.381250,2.637541
0.381750,2.393865
0.382250,2.574807
0.382750,2.841248
0.383250,2.930583
0.383750,3.039361
0.384250,2.940893
0.384750,2.884288
0.385250,3.056518
0.385750,3.348712
0.386250,3.361713
0.386750,3.072066
0.387250,3.151777
0.387750,3.578794
0.388250,3.651692
0.388750,3.729547
0.389250,3.592087
0.389750,3.656179
0.390250,3.810914
0.390750,4.108892
0.391250,4.276785
0.391750,4.117754
0.392250,4.080978
0.392750,4.159768
0.393250,4.360343
0.393750,4.324386
0.394250,4.160840
0.394750,4.214114
0.395250,4.225588
0.395750,4.406603
0.396250,4.410461
0.396750,4.356918
0.397250,4.102433
0.397750,4.297001
0.398250,4.324473
0.398750,4.378051
0.399250,4.270817
0.399750,4.159179
0.400250,4.102541
0.400750,4.144011
0.401250,4.308989
0.401750,4.054215
0.402250,3.949303
0.402750,3.923413
0.403250,3.792959
0.403750,4.019584
0.404250,3.967876
0.404750,3.762852
0.405250,3.836505
0.405750,3.884456
0.406250,4.071819
0.406750,4.036681
0.407250,3.994037
0.407750,3.819691
0.408250,3.901203
0.408750,4.066625
0.409250,4.093897
0.409750,4.003287
0.410250,3.756777
0.410750,3.785734
0.411250,4.048372
0.411750,4.137372
0.412250,4.112998
0.412750,4.015643
0.413250,4.034604
0.413750,4.207586
0.414250,4.286869
0.414750,4.404353
0.415250,4.284827
0.415750,4.093230
0.416250,4.108420
0.416750,4.217359
0.417250,4.245937
0.417750,4.004273
0.418250,3.813050
0.418750,3.810730
0.419250,4.035841
0.419750,4.119907
0.420250,3.848655
0.420750,3.742032
0.421250,3.661541
0.421750,3.722098
0.422250,3.786015
0.422750,3.636570
0.423250,3.371278
0.423750,3.291877
0.424250,3.268584
0.424750,3.359396
0.425250,3.420664
0.425750,3.069688
0.426250,2.925042
0.426750,2.926310
0.427250,3.098135
0.427750,3.170755
0.428250,2.973782
0.428750,2.874968
0.429250,2.759283
0.429750,2.883474
0.430250,3.091211
0.430750,3.096900
0.431250,2.984637
0.431750,3.009635
0.432250,2.910926
0.432750,3.187553
0.433250,3.110895
0.433750,3.213711
0.434250,3.080512
0.434750,3.078930
0.435250,3.080055
0.435750,3.394539
0.436250,3.471970
0.436750,3.407075
0.437250,3.090449
0.437750,3.342017
0.438250,3.628036
0.438750,3.593381
0.439250,3.702786
0.439750,3.562654
0.440250,3.524088
0.440750,3.624376
0.441250,3.816397
0.441750,3.777776
0.442250,3.596719
0.442750,3.622189
0.443250,3.495986
0.443750,3.630627
0.444250,3.652127
0.444750,3.712514
0.445250,3.579292
0.445750,3.500104
0.446250,3.588180
0.446750,3.884112
0.447250,3.814889
0.447750,3.471923
0.448250,3.547743
0.448750,3.441419
0.449250,3.591061
0.449750,3.624961
0.450250,3.585832
0.450750,3.385989
0.451250,3.451447
0.451750,3.457453
0.452250,3.536579
0.452750,3.526347
0.453250,3.570292
0.453750,3.347009
0.454250,3.478198
0.454750,3.839406
0.455250,3.917376
0.455750,3.824651
0.456250,3.787393
0.456750,3.738694
0.457250,3.891653
0.457750,4.055405
0.458250,4.134683
0.458750,4.064272
0.459250,3.974260
0.459750,4.115458
0.460250,4.327460
0.460750,4.467287
0.461250,4.425933
0.461750,4.362183
0.462250,4.558682
0.462750,4.640516
0.463250,4.825664
0.463750,4.711659
0.464250,4.771854
0.464750,4.671122
0.465250,4.723583
0.465750,4.941115
0.466250,4.863400
0.466750,4.958938
0.467250,4.713846
0.467750,4.656045
0.468250,4.704141
0.468750,4.837296
0.469250,4.806803
0.469750,4.616345
0.470250,4.387776
0.470750,4.455789
0.471250,4.708901
0.471750,4.931894
0.472250,4.787321
0.472750,4.577234
0.473250,4.466426
0.473750,4.519156
0.474250,4.403213
0.474750,4.531735
0.475250,4.300537
0.475750,4.159245
0.476250,4.241140
0.476750,4.129378
0.477250,4.201756
0.477750,3.948689
0.478250,4.011608
0.478750,3.877107
0.479250,4.006287
0.479750,4.180199
0.480250,4.103997
0.480750,4.153623
0.481250,3.996678
0.481750,3.900442
0.482250,4.038269
0.482750,4.022789
0.483250,4.054046
0.483750,4.104063
0.484250,3.924498
0.484750,3.754240
0.485250,3.884285
0.485750,4.054519
0.486250,3.875317
0.486750,3.977916
0.487250,4.002419
0.487750,3.988048
0.488250,4.045840
0.488750,4.269165
0.489250,4.198306
0.489750,4.119369
0.490250,3.895735
0.490750,4.064197
0.491250,3.996910
0.491750,4.132187
0.492250,3.950382
0.492750,3.875229
0.493250,3.565011
0.493750,3.653924
0.494250,3.683854
0.494750,3.651502
0.495250,3.572178
0.495750,3.487278
0.496250,3.314273
0.496750,3.376822
0.497250,3.435788
0.497750,3.308631
0.498250,3.234821
0.498750,2.870526
0.499250,2.882651
0.499750,2.836512
0.500250,3.011591
0.500750,2.921985
0.501250,2.772611
0.501750,2.436416
0.502250,2.520747
0.502750,2.558193
0.503250,2.461741
0.503750,2.493872
0.504250,2.493381
0.504750,2.217254
0.505250,2.449120
0.505750,2.346245
0.506250,2.412413
0.506750,2.555786
0.507250,2.590113
0.507750,2.308107
0.508250,2.229943
0.508750,2.387036
0.509250,2.627218
0.509750,2.448086
0.510250,2.345559
0.510750,2.310988
0.511250,2.423998
0.511750,2.405630
0.512250,2.675631
0.512750,2.641018
0.513250,2.574174
0.513750,2.536242
0.514250,2.809506
0.514750,3.038138
0.515250,3.059797
0.515750,3.024348
0.516250,2.798135
0.516750,2.664452
0.517250,3.065683
0.517750,3.135357
0.518250,3.186657
0.518750,3.116654
0.519250,2.729464
0.519750,2.694679
0.520250,2.775856
0.520750,2.811245
0.521250,2.861366
0.521750,2.885793
0.522250,2.706619
0.522750,2.826323
0.523250,2.834007
0.523750,2.881969
0.524250,2.868380
0.524750,2.834154
0.525250,2.709655
0.525750,2.704566
0.526250,2.742258
0.526750,2.819575
0.527250,2.848583
0.527750,2.617241
0.528250,2.545806
0.528750,2.443858
0.529250,2.516153
0.529750,2.759983
0.530250,2.675635
0.530750,2.782674
0.531250,2.591218
0.531750,2.663034
0.532250,2.708760
0.532750,2.884316
0.533250,3.031324
0.533750,3.159603
0.534250,3.036654
0.534750,2.914210
0.535250,3.004860
0.535750,3.103947
0.536250,3.231432
0.536750,2.910323
0.537250,3.068526
0.537750,3.110759
0.538250,3.287341
0.538750,3.321177
0.539250,3.596811
0.539750,3.628551
0.540250,3.435434
0.540750,3.492873
0.541250,3.666477
0.541750,3.731801
0.542250,4.086568
0.542750,3.918888
0.543250,3.895966
0.543750,3.646197
0.544250,3.873649
0.544750,3.976745
0.545250,4.017454
0.545750,4.066209
0.546250,3.812483
0.546750,3.668624
0.547250,3.902567
0.547750,3.824286
0.548250,4.092299
0.548750,3.804399
0.549250,3.687302
0.549750,3.503438
0.550250,3.736077
0.550750,3.739654
0.551250,4.023357
0.551750,3.817846
0.552250,3.599551
0.552750,3.464521
0.553250,3.464624
0.553750,3.489309
0.554250,3.537793
0.554750,3.379941
0.555250,3.352304
0.555750,3.043459
0.556250,3.142446
0.556750,2.962180
0.557250,3.375136
0.557750,3.101398
0.558250,3.066257
0.558750,2.826041
0.559250,3.001612
0.559750,3.003450
0.560250,3.310176
0.560750,3.161755
0.561250,3.139758
0.561750,2.935852
0.562250,2.932633
0.562750,2.946549
0.563250,3.124384
0.563750,3.119570
0.564250,3.096438
0.564750,2.737225
0.565250,2.938797
0.565750,2.858551
0.566250,2.868334
0.566750,3.093423
0.567250,3.129363
0.567750,2.962297
0.568250,2.878730
0.568750,2.901233
0.569250,2.858101
0.569750,3.072638
0.570250,3.053708
0.570750,2.973839
0.571250,2.907158
0.571750,2.872681
0.572250,3.041191
0.572750,3.047325
0.573250,2.824746
0.573750,2.809787
0.574250,2.596444
0.574750,2.621090
0.575250,2.643037
0.575750,2.664953
0.576250,2.588578
0.576750,2.419457
0.577250,2.148615
0.577750,2.110766
0.578250,2.274581
0.578750,2.235535
0.579250,2.217950
0.579750,2.213250
0.580250,1.973132
0.580750,1.826160
0.581250,1.649810
0.581750,1.822226
0.582250,1.865245
0.582750,1.543869
0.583250,1.417420
0.583750,1.223861
0.584250,1.180728
0.584750,1.420549
0.585250,1.358819
0.585750,1.338394
0.586250,1.328897
0.586750,1.057195
0.587250,1.204052
0.587750,1.141016
0.588250,1.461847
0.588750,1.396183
0.589250,1.192404
0.589750,1.136911
0.590250,0.847370
0.590750,1.022492
0.591250,1.314898
0.591750,1.353455
0.592250,1.307706
0.592750,1.118733
0.593250,1.110497
0.593750,1.176746
0.594250,1.250390
0.594750,1.716731
0.595250,1.493549
0.595750,1.613733
0.596250,1.271320
0.596750,1.440210
0.597250,1.726751
0.597750,1.765354
0.598250,1.706659
0.598750,1.710803
0.599250,1.580573
0.599750,1.521887
0.600250,1.724974
0.600750,1.573927
0.601250,1.794333
0.601750,1.792283
0.602250,1.885057
0.602750,1.374291
0.603250,1.561053
0.603750,1.792250
0.604250,1.786862
0.604750,1.770919
0.605250,1.684542
0.605750,1.460648
0.606250,1.459317
0.606750,1.477347
0.607250,1.667510
0.607750,1.935795
0.608250,1.845804
0.608750,1.542271
0.609250,1.440399
0.609750,1.483185
0.610250,1.559869
0.610750,1.581474
0.611250,1.293987
0.611750,1.226320
0.612250,1.250484
0.612750,1.268625
0.613250,1.185313
0.613750,1.404620
0.614250,1.456326
0.614750,1.467749
0.615250,1.422699
0.615750,1.370580
0.616250,1.399811
0.616750,1.400242
0.617250,1.797894
0.617750,1.807249
0.618250,1.678036
0.618750,1.510652
0.619250,1.570522
0.619750,1.692030
0.620250,1.979763
0.620750,1.963990
0.621250,2.114464
0.621750,1.831210
0.622250,1.879027
0.622750,1.972396
0.623250,1.917197
0.623750,2.391224
0.624250,2.383634
0.624750,2.357985
0.625250,2.134174
0.625750,2.220103
0.626250,2.291066
0.626750,2.827552
0.627250,2.782933
0.627750,2.625835
0.628250,2.589429
0.628750,2.748869
0.629250,2.577361
0.629750,2.713798
0.630250,2.688488
0.630750,2.662321
0.631250,2.696657
0.631750,2.394312
0.632250,2.416699
0.632750,2.326692
0.633250,2.708930
0.633750,2.645909
0.634250,2.463790
0.634750,2.488129
0.635250,2.250878
0.635750,2.396808
0.636250,2.364998
0.636750,2.437514
0.637250,2.485707
0.637750,2.311192
0.638250,2.015910
0.638750,1.950926
0.639250,2.104149
0.639750,2.158938
0.640250,2.136514
0.640750,1.950188
0.641250,1.852855
0.641750,1.493385
0.642250,1.485797
0.642750,1.690227
0.643250,1.943872
0.643750,1.825261
0.644250,1.796065
0.644750,1.400041
0.645250,1.580081
0.645750,1.532768
0.646250,1.757139
0.646750,1.614825
0.647250,1.625674
0.647750,1.613390
0.648250,1.329538
0.648750,1.465166
0.649250,1.390711
0.649750,1.629753
0.650250,1.600560
0.650750,1.629910
0.651250,1.383213
0.651750,1.129097
0.652250,1.484312
0.652750,1.268720
0.653250,1.491355
0.653750,1.432333
0.654250,1.476712
0.654750,1.223011
0.655250,1.258038
0.655750,1.458512
0.656250,1.592084
0.656750,1.678089
0.657250,1.528776
0.657750,1.519478
0.658250,1.328085
0.658750,1.439379
0.659250,1.223159
0.659750,1.371602
0.660250,1.397455
0.660750,1.237634
0.661250,1.145820
0.661750,0.955010
0.662250,0.980846
0.662750,1.009775
0.663250,1.006070
0.663750,0.896630
0.664250,0.649728
0.664750,0.611531
0.665250,0.544603
0.665750,0.543469
0.666250,0.460826
0.666750,0.596623
0.667250,0.607277
0.667750,0.469517
0.668250,-0.020588
0.668750,-0.036882
0.669250,0.110814
0.669750,0.144680
0.670250,0.067683
0.670750,-0.047985
0.671250,-0.232793
0.671750,-0.382133
0.672250,-0.498789
0.672750,-0.520447
0.673250,-0.308376
0.673750,-0.399956
0.674250,-0.443043
0.674750,-0.686470
0.675250,-0.788546
0.675750,-0.683228
0.676250,-0.676599
0.676750,-0.479631
0.677250,-0.631736
0.677750,-0.520093
0.678250,-0.817579
0.678750,-0.752845
0.679250,-0.606375
0.679750,-0.417227
0.680250,-0.459287
0.680750,-0.672791
0.681250,-0.801771
0.681750,-1.110696
0.682250,-0.733551
0.682750,-0.676186
0.683250,-0.537932
0.683750,-0.183111
0.684250,-0.308233
0.684750,-0.509686
0.685250,-0.769970
0.685750,-0.471241
0.686250,-0.422991
0.686750,-0.424959
0.687250,-0.310786
0.687750,-0.124345
0.688250,-0.050526
0.688750,-0.456317
0.689250,-0.406715
0.689750,-0.290283
0.690250,-0.112650
0.690750,-0.153651
0.691250,-0.302734
0.691750,-0.464251
0.692250,-0.690067
0.692750,-0.532998
0.693250,-0.404001
0.693750,-0.213369
0.694250,-0.373969
0.694750,-0.304531
0.695250,-0.607166
0.695750,-0.752213
0.696250,-0.510643
0.696750,-0.366583
0.697250,-0.164383
0.697750,-0.273475
0.698250,-0.502055
0.698750,-0.805631
0.699250,-0.699738
0.699750,-0.630286
0.700250,-0.722906
0.700750,-0.669403
0.701250,-0.671610
0.701750,-0.869143
0.702250,-0.969717
0.702750,-1.091697
0.703250,-0.878954
0.703750,-1.044119
0.704250,-0.586502
0.704750,-0.775278
0.705250,-0.813812
0.705750,-0.945357
0.706250,-0.860984
0.706750,-0.969217
0.707250,-0.632735
0.707750,-0.515449
0.708250,-0.734838
0.708750,-0.619810
0.709250,-0.674376
0.709750,-0.639738
0.710250,-0.697549
0.710750,-0.347168
0.711250,-0.258499
0.711750,-0.351330
0.712250,-0.523103
0.712750,-0.642494
0.713250,-0.536281
0.713750,-0.309922
0.714250,-0.145357
0.714750,-0.246532
0.715250,-0.175598
0.715750,0.012795
0.716250,-0.189716
0.716750,-0.116599
0.717250,-0.045754
0.717750,0.283042
0.718250,0.408303
0.718750,0.451615
0.719250,0.234771
0.719750,0.076706
0.720250,0.010351
0.720750,0.112595
0.721250,0.342779
0.721750,0.367738
0.722250,0.088534
0.722750,0.175389
0.723250,-0.017027
0.723750,0.163658
0.724250,0.195743
0.724750,0.015640
0.725250,0.034835
0.725750,0.212463
0.726250,0.014060
0.726750,-0.060674
0.727250,-0.187113
0.727750,-0.163802
0.728250,-0.023745
0.728750,-0.108224
0.729250,-0.049623
0.729750,-0.302336
0.730250,-0.486183
0.730750,-0.386467
0.731250,-0.503596
0.731750,-0.263776
0.732250,-0.420910
0.732750,-0.609015
0.733250,-0.889408
0.733750,-0.996400
0.734250,-0.933229
0.734750,-0.954909
0.735250,-0.909935
0.735750,-0.839237
0.736250,-1.013716
0.736750,-1.087209
0.737250,-1.204912
0.737750,-1.180425
0.738250,-1.075954
0.738750,-0.927535
0.739250,-0.870528
0.739750,-0.886549
0.740250,-1.082382
0.740750,-1.270216
0.741250,-1.312731
0.741750,-1.026087
0.742250,-1.063098
0.742750,-0.730753
0.743250,-1.040574
0.743750,-1.195352
0.744250,-1.376537
0.744750,-1.417063
0.745250,-1.352981
0.745750,-1.192669
0.746250,-1.086362
0.746750,-1.051379
0.747250,-1.116006
0.747750,-1.239851
0.748250,-1.423033
0.748750,-1.365784
0.749250,-1.025468
0.749750,-1.091799
0.750250,-1.194019
0.750750,-1.232342
0.751250,-1.541315
0.751750,-1.332958
0.752250,-1.444458
0.752750,-1.391648
0.753250,-1.190296
0.753750,-1.499226
0.754250,-1.478789
0.754750,-1.665239
0.755250,-1.719660
0.755750,-1.785789
0.756250,-1.949815
0.756750,-1.630430
0.757250,-1.954260
0.757750,-1.857850
0.758250,-2.128683
0.758750,-2.307842
0.759250,-2.225047
0.759750,-2.163961
0.760250,-2.102452
0.760750,-2.123352
0.761250,-2.297638
0.761750,-2.624402
0.762250,-2.490504
0.762750,-2.573179
0.763250,-2.706931
0.763750,-2.774123
0.764250,-2.632360
0.764750,-2.687566
0.765250,-2.966798
0.765750,-3.195915
0.766250,-3.484475
0.766750,-3.245720
0.767250,-3.040586
0.767750,-3.229296
0.768250,-3.176611
0.768750,-3.145963
0.769250,-3.454470
0.769750,-3.390569
0.770250,-3.483050
0.770750,-3.247557
0.771250,-3.163879
0.771750,-3.325805
0.772250,-3.183243
0.772750,-3.380028
0.773250,-3.426350
0.773750,-3.414898
0.774250,-3.318301
0.774750,-3.301342
0.775250,-3.368527
0.775750,-3.415975
0.776250,-3.679497
0.776750,-3.571139
0.777250,-3.620100
0.777750,-3.264324
0.778250,-3.160515
0.778750,-3.115735
0.779250,-3.099315
0.779750,-3.099884
0.780250,-3.200039
0.780750,-3.115473
0.781250,-3.183607
0.781750,-2.927615
0.782250,-2.701142
0.782750,-2.686047
0.783250,-2.827721
0.783750,-2.921256
0.784250,-3.079930
0.784750,-2.954962
0.785250,-2.838123
0.785750,-2.667729
0.786250,-2.782522
0.786750,-2.863698
0.787250,-3.121584
0.787750,-3.064333
0.788250,-2.838515
0.788750,-2.998749
0.789250,-2.788961
0.789750,-2.864415
0.790250,-2.826635
0.790750,-2.966816
0.791250,-3.178464
0.791750,-3.143919
0.792250,-2.894386
0.792750,-2.937830
0.793250,-2.580070
0.793750,-2.832143
0.794250,-2.650741
0.794750,-3.236828
0.795250,-3.209737
0.795750,-3.165286
0.796250,-3.106551
0.796750,-2.967076
0.797250,-2.994083
0.797750,-3.203187
0.798250,-3.292392
0.798750,-3.288785
0.799250,-3.461450
0.799750,-3.334197
0.800250,-3.171218
0.800750,-3.136447
0.801250,-3.123762
0.801750,-3.006788
0.802250,-3.072986
0.802750,-3.035906
0.803250,-3.002245
0.803750,-3.038661
0.804250,-2.761624
0.804750,-2.950874
0.805250,-2.661071
0.805750,-3.008250
0.806250,-3.004140
0.806750,-2.700027
0.807250,-2.789964
0.807750,-2.496487
0.808250,-2.643058
0.808750,-2.545955
0.809250,-2.593057
0.809750,-2.739920
0.810250,-2.567241
0.810750,-2.605615
0.811250,-2.129038
0.811750,-2.190003
0.812250,-2.221361
0.812750,-2.147322
0.813250,-2.232728
0.813750,-2.384952
0.814250,-1.934227
0.814750,-1.901894
0.815250,-1.651708
0.815750,-1.744577
0.816250,-1.683069
0.816750,-1.855611
0.817250,-1.785040
0.817750,-1.702245
0.818250,-1.825447
0.818750,-1.540285
0.819250,-1.751738
0.819750,-1.597972
0.820250,-1.649559
0.820750,-1.991547
0.821250,-1.992580
0.821750,-1.757415
0.822250,-1.750458
0.822750,-1.543421
0.823250,-1.749149
0.823750,-1.796272
0.824250,-1.969654
0.824750,-2.089065
0.825250,-2.081646
0.825750,-2.005608
0.826250,-1.875790
0.826750,-1.746653
0.827250,-1.847001
0.827750,-1.965898
0.828250,-2.156560
0.828750,-2.084463
0.829250,-2.167519
0.829750,-2.145611
0.830250,-2.178904
0.830750,-2.181170
0.831250,-2.160543
0.831750,-2.407672
0.832250,-2.632749
0.832750,-2.519563
0.833250,-2.501977
0.833750,-2.384476
0.834250,-2.388533
0.834750,-2.431929
0.835250,-2.537691
0.835750,-2.632853
0.836250,-2.819270
0.836750,-2.466331
0.837250,-2.535209
0.837750,-2.590251
0.838250,-2.244425
0.838750,-2.623990
0.839250,-2.721336
0.839750,-2.584299
0.840250,-2.700516
0.840750,-2.334712
0.841250,-2.445661
0.841750,-2.548098
0.842250,-2.651671
0.842750,-2.400479
0.843250,-2.901145
0.843750,-2.788541
0.844250,-2.567675
0.844750,-2.654086
0.845250,-2.240987
0.845750,-2.392799
0.846250,-2.331354
0.846750,-2.584083
0.847250,-2.620147
0.847750,-2.692287
0.848250,-2.807730
0.848750,-2.469372
0.849250,-2.447753
0.849750,-2.436371
0.850250,-2.276682
0.850750,-2.753600
0.851250,-2.614347
0.851750,-2.741949
0.852250,-2.627348
0.852750,-2.302771
0.853250,-2.421576
0.853750,-2.646166
0.854250,-2.826954
0.854750,-2.986159
0.855250,-2.902866
0.855750,-2.803625
0.856250,-2.804865
0.856750,-2.646306
0.857250,-2.815475
0.857750,-3.135619
0.858250,-3.334225
0.858750,-3.285378
0.859250,-3.157716
0.859750,-3.055197
0.860250,-2.877984
0.860750,-3.247280
0.861250,-3.292556
0.861750,-3.339422
0.862250,-3.709474
0.862750,-3.526784
0.863250,-3.730464
0.863750,-3.800546
0.864250,-3.407802
0.864750,-3.757477
0.865250,-3.729707
0.865750,-3.846633
0.866250,-4.190062
0.866750,-4.116268
0.867250,-4.313741
0.867750,-4.089822
0.868250,-3.856123
0.868750,-3.843118
0.869250,-3.868712
0.869750,-4.218777
0.870250,-4.337897
0.870750,-4.200887
0.871250,-4.229524
0.871750,-3.998468
0.872250,-4.032781
0.872750,-3.899431
0.873250,-3.764054
0.873750,-4.183712
0.874250,-4.304276
0.874750,-4.161038
0.875250,-3.959601
0.875750,-3.691731
0.876250,-3.751048
0.876750,-3.812139
0.877250,-3.905123
0.877750,-4.020020
0.878250,-4.045148
0.878750,-3.935579
0.879250,-3.680947
0.879750,-3.594978
0.880250,-3.716725
0.880750,-3.773886
0.881250,-3.825926
0.881750,-3.803223
0.882250,-3.581810
0.882750,-3.541506
0.883250,-3.053328
0.883750,-3.450973
0.884250,-3.330679
0.884750,-3.473201
0.885250,-3.712619
0.885750,-3.306558
0.886250,-3.436336
0.886750,-3.156275
0.887250,-3.000090
0.887750,-3.250162
0.888250,-3.417131
0.888750,-3.277634
0.889250,-3.493069
0.889750,-3.310539
0.890250,-3.370658
0.890750,-3.150034
0.891250,-3.199861
0.891750,-3.187561
0.892250,-3.242939
0.892750,-3.316726
0.893250,-3.473514
0.893750,-3.400749
0.894250,-3.159556
0.894750,-2.850109
0.895250,-2.944114
0.895750,-3.045793
0.896250,-2.947209
0.896750,-3.295724
0.897250,-3.463252
0.897750,-3.080187
0.898250,-3.210178
0.898750,-3.038449
0.899250,-2.955410
0.899750,-3.101151
0.900250,-3.339858
0.900750,-3.610842
0.901250,-3.570809
0.901750,-3.388771
0.902250,-3.423981
0.902750,-2.976729
0.903250,-3.018004
0.903750,-3.223610
0.904250,-3.131500
0.904750,-3.340927
0.905250,-2.994339
0.905750,-3.121142
0.906250,-3.025672
0.906750,-2.765163
0.907250,-2.729204
0.907750,-2.667666
0.908250,-2.860647
0.908750,-2.867422
0.909250,-3.081072
0.909750,-2.769272
0.910250,-2.776033
0.910750,-2.289191
0.911250,-2.159410
0.911750,-2.471226
0.912250,-2.342987
0.912750,-2.735575
0.913250,-2.336809
0.913750,-2.262155
0.914250,-2.127522
0.914750,-1.974316
0.915250,-2.042515
0.915750,-2.057309
0.916250,-2.101884
0.916750,-1.965477
0.917250,-1.807523
0.917750,-1.851822
0.918250,-1.483791
0.918750,-1.350706
0.919250,-1.353111
0.919750,-1.722657
0.920250,-1.684096
0.920750,-1.800499
0.921250,-1.772578
0.921750,-1.318096
0.922250,-1.139143
0.922750,-0.988398
0.923250,-1.246442
0.923750,-1.450420
0.924250,-1.492317
0.924750,-1.568256
0.925250,-1.487119
0.925750,-1.518148
0.926250,-1.221455
0.926750,-1.178446
0.927250,-1.461896
0.927750,-1.411763
0.928250,-1.415663
0.928750,-1.512033
0.929250,-1.404390
0.929750,-1.498800
0.930250,-1.219228
0.930750,-1.117593
0.931250,-1.434432
0.931750,-1.330662
0.932250,-1.622924
0.932750,-1.671822
0.933250,-1.860987
0.933750,-1.800565
0.934250,-1.579878
0.934750,-1.555745
0.935250,-1.799498
0.935750,-1.741046
0.936250,-1.974647
0.936750,-2.149936
0.937250,-2.041088
0.937750,-1.781890
0.938250,-1.959729
0.938750,-1.809605
0.939250,-1.879514
0.939750,-2.002309
0.940250,-2.050614
0.940750,-2.122588
0.941250,-1.853768
0.941750,-1.923508
0.942250,-1.826136
0.942750,-1.672921
0.943250,-1.849741
0.943750,-1.911800
0.944250,-2.095597
0.944750,-2.135273
0.945250,-2.042591
0.945750,-1.945174
0.946250,-1.905565
0.946750,-1.863228
0.947250,-1.929648
0.947750,-1.814837
0.948250,-1.985778
0.948750,-1.939328
0.949250,-1.944828
0.949750,-1.827393
0.950250,-1.779754
0.950750,-1.869982
0.951250,-1.834845
0.951750,-1.650678
0.952250,-1.916401
0.952750,-1.845875
0.953250,-1.861964
0.953750,-1.776046
0.954250,-1.504264
0.954750,-1.595081
0.955250,-1.747011
0.955750,-1.684879
0.956250,-1.943771
0.956750,-2.002161
0.957250,-1.709595
0.957750,-1.765373
0.958250,-1.537096
0.958750,-1.799048
0.959250,-1.743442
0.959750,-1.923357
0.960250,-2.230410
0.960750,-2.182038
0.961250,-2.205680
0.961750,-2.026456
0.962250,-1.929240
0.962750,-2.024298
0.963250,-2.194306
0.963750,-2.164810
0.964250,-2.363887
0.964750,-2.570739
0.965250,-2.255712
0.965750,-2.271146
0.966250,-2.254211
0.966750,-2.337310
0.967250,-2.470288
0.967750,-2.403095
0.968250,-2.666109
0.968750,-2.875751
0.969250,-2.650913
0.969750,-2.834923
0.970250,-2.664913
0.970750,-2.793265
0.971250,-2.770039
0.971750,-3.072219
0.972250,-3.210776
0.972750,-3.266242
0.973250,-3.327841
0.973750,-3.283034
0.974250,-3.042341
0.974750,-2.998626
0.975250,-3.021674
0.975750,-3.059864
0.976250,-3.256440
0.976750,-3.439169
0.977250,-3.292435
0.977750,-3.219770
0.978250,-3.262102
0.978750,-2.929760
0.979250,-3.149260
0.979750,-3.090826
0.980250,-3.227841
0.980750,-3.209212
0.981250,-3.275100
0.981750,-3.125453
0.982250,-2.917889
0.982750,-2.837733
0.983250,-3.078737
0.983750,-3.088530
0.984250,-3.075153
0.984750,-3.197855
0.985250,-3.052441
0.985750,-3.058183
0.986250,-2.796516
0.986750,-2.592508
0.987250,-2.687339
0.987750,-2.800263
0.988250,-2.617984
0.988750,-2.801707
0.989250,-3.002190
0.989750,-2.517554
0.990250,-2.304361
0.990750,-2.320415
0.991250,-2.134012
0.991750,-2.215181
0.992250,-2.281624
0.992750,-2.452505
0.993250,-2.240024
0.993750,-2.346504
0.994250,-2.317876
0.994750,-2.096505
0.995250,-2.168576
0.995750,-1.998010
0.996250,-2.237386
0.996750,-2.520683
0.997250,-2.255258
0.997750,-2.405786
0.998250,-2.531164
0.998750,-2.066448
0.999250,-2.067733
0.999750,-2.144751
