0.000250,0.081823
0.000750,0.136483
0.001250,-0.036328
0.001750,-0.094837
0.002250,-0.102972
0.002750,0.089764
0.003250,0.167791
0.003750,0.136083
0.004250,0.293804
0.004750,0.568254
0.005250,0.741886
0.005750,0.739053
0.006250,0.739176
0.006750,0.429700
0.007250,0.678628
0.007750,0.512176
0.008250,0.563952
0.008750,0.760370
0.009250,0.501711
0.009750,0.464203
0.010250,0.399279
0.010750,0.421857
0.011250,0.987120
0.011750,0.616012
0.012250,0.820813
0.012750,0.744206
0.013250,1.024073
0.013750,1.075709
0.014250,1.041376
0.014750,1.320347
0.015250,1.302738
0.015750,1.539329
0.016250,1.363811
0.016750,1.478704
0.017250,1.408109
0.017750,1.407030
0.018250,1.186288
0.018750,1.411145
0.019250,1.613518
0.019750,1.967513
0.020250,1.489816
0.020750,1.740208
0.021250,1.619057
0.021750,1.740423
0.022250,1.285979
0.022750,1.143761
0.023250,1.406525
0.023750,1.209179
0.024250,1.261445
0.024750,0.704203
0.025250,1.048139
0.025750,1.185353
0.026250,1.449690
0.026750,1.375996
0.027250,1.245887
0.027750,1.387522
0.028250,1.400899
0.028750,1.315359
0.029250,1.185623
0.029750,1.195862
0.030250,1.510173
0.030750,1.601058
0.031250,1.967049
0.031750,1.853937
0.032250,1.819716
0.032750,1.925071
0.033250,1.965154
0.033750,1.909528
0.034250,1.956503
0.034750,1.984413
0.035250,1.919178
0.035750,2.117569
0.036250,1.685326
0.036750,1.798497
0.037250,1.777057
0.037750,1.666197
0.038250,1.560893
0.038750,1.849742
0.039250,1.390926
0.039750,1.463672
0.040250,1.653336
0.040750,1.783344
0.041250,1.762192
0.041750,0.931008
0.042250,1.197775
0.042750,1.335710
0.043250,1.203919
0.043750,0.962561
0.044250,0.581907
0.044750,0.420860
0.045250,1.140458
0.045750,0.840980
0.046250,1.104380
0.046750,0.991431
0.047250,1.354026
0.047750,1.277642
0.048250,1.396235
0.048750,1.197115
0.049250,1.465906
0.049750,0.636148
0.050250,1.052691
0.050750,1.023787
0.051250,0.784224
0.051750,1.089775
0.052250,0.540727
0.052750,1.643601
0.053250,1.281432
0.053750,1.986708
0.054250,1.542853
0.054750,1.314910
0.055250,1.118842
0.055750,1.759380
0.056250,1.924307
0.056750,1.695263
0.057250,1.321119
0.057750,1.932989
0.058250,1.770777
0.058750,1.954684
0.059250,1.204838
0.059750,1.922087
0.060250,1.267609
0.060750,1.223494
0.061250,1.229892
0.061750,1.008533
0.062250,1.097009
0.062750,1.064670
0.063250,1.046246
0.063750,1.212264
0.064250,1.329584
0.064750,1.527697
0.065250,0.923824
0.065750,0.907544
0.066250,1.220519
0.066750,0.780409
0.067250,1.067640
0.067750,0.741004
0.068250,0.929597
0.068750,0.903635
0.069250,0.990947
0.069750,0.830472
0.070250,-0.139186
0.070750,0.557358
0.071250,0.132206
0.071750,0.644159
0.072250,0.526202
0.072750,-0.130937
0.073250,0.365434
0.073750,0.770106
0.074250,0.216626
0.074750,0.736229
0.075250,0.470787
0.075750,0.461714
0.076250,0.451524
0.076750,0.732652
0.077250,0.872744
0.077750,0.274690
0.078250,1.173651
0.078750,0.570973
0.079250,0.424214
0.079750,0.427225
0.080250,0.147006
0.080750,0.700003
0.081250,0.372754
0.081750,1.016757
0.082250,0.817748
0.082750,1.173236
0.083250,1.146382
0.083750,0.723432
0.084250,0.810528
0.084750,1.718766
0.085250,1.338779
0.085750,0.997474
0.086250,1.428090
0.086750,1.050458
0.087250,1.800729
0.087750,1.870603
0.088250,0.906945
0.088750,1.237827
0.089250,1.149994
0.089750,1.174958
0.090250,1.062460
0.090750,0.147295
0.091250,0.691845
0.091750,0.353321
0.092250,-0.019714
0.092750,0.759782
0.093250,0.235615
0.093750,0.456990
0.094250,0.309017
0.094750,0.480768
0.095250,0.501438
0.095750,0.706018
0.096250,1.424610
0.096750,0.700972
0.097250,0.562199
0.097750,0.547904
0.098250,-0.026138
0.098750,-0.078613
0.099250,0.169989
0.099750,-0.081558
0.100250,0.290160
0.100750,-0.503112
0.101250,-0.948042
0.101750,0.152223
0.102250,-0.303373
0.102750,-0.013130
0.103250,-0.784850
0.103750,-0.680808
0.104250,-0.605491
0.104750,-0.169457
0.105250,-0.608750
0.105750,-0.008943
0.106250,-0.066143
0.106750,-0.295109
0.107250,0.036019
0.107750,-0.826953
0.108250,0.125104
0.108750,-0.431913
0.109250,-0.753452
0.109750,-0.870793
0.110250,-0.679027
0.110750,-0.390250
0.111250,-0.788255
0.111750,-1.131922
0.112250,-1.380709
0.112750,-0.857475
0.113250,-1.209128
0.113750,-1.079828
0.114250,-1.013699
0.114750,-1.154469
0.115250,-0.658440
0.115750,-1.034605
0.116250,-0.545356
0.116750,-0.593102
0.117250,-0.236481
0.117750,-0.528701
0.118250,-0.787346
0.118750,-0.311911
0.119250,0.691526
0.119750,0.039753
0.120250,0.100319
0.120750,-0.101257
0.121250,-0.364413
0.121750,-0.224711
0.122250,-0.747961
0.122750,0.149428
0.123250,-0.512435
0.123750,-0.554474
0.124250,-0.243270
0.124750,-0.058254
0.125250,-0.324859
0.125750,0.097121
0.126250,-0.471627
0.126750,0.362073
0.127250,-0.114281
0.127750,-0.532816
0.128250,-0.000873
0.128750,-0.951568
0.129250,-0.821210
0.129750,-0.568825
0.130250,-0.461217
0.130750,-1.288392
0.131250,-0.791134
0.131750,-1.153140
0.132250,-0.907977
0.132750,-0.829006
0.133250,-1.287451
0.133750,-0.604323
0.134250,-0.987492
0.134750,-0.666713
0.135250,-1.574420
0.135750,-0.357695
0.136250,-1.485820
0.136750,-1.650008
0.137250,-1.402677
0.137750,-1.681048
0.138250,-1.856145
0.138750,-1.848048
0.139250,-1.761734
0.139750,-1.631949
0.140250,-0.873273
0.140750,-1.714602
0.141250,-1.666568
0.141750,-1.967130
0.142250,-2.069744
0.142750,-1.409047
0.143250,-3.097597
0.143750,-2.371338
0.144250,-2.882012
0.144750,-2.915452
0.145250,-2.654770
0.145750,-2.506352
0.146250,-2.140223
0.146750,-1.494815
0.147250,-1.319147
0.147750,-2.140385
0.148250,-2.307760
0.148750,-2.120342
0.149250,-0.690428
0.149750,-1.672244
0.150250,-1.966678
0.150750,-1.272305
0.151250,-1.461266
0.151750,-1.618502
0.152250,-0.892652
0.152750,-1.964617
0.153250,-1.277251
0.153750,-1.695487
0.154250,-2.068955
0.154750,-3.089622
0.155250,-2.587187
0.155750,-2.223088
0.156250,-2.375418
0.156750,-1.742208
0.157250,-1.639687
0.157750,-1.445142
0.158250,-1.720015
0.158750,-2.082174
0.159250,-2.066200
0.159750,-1.338266
0.160250,-2.168724
0.160750,-1.184178
0.161250,-0.997635
0.161750,-1.166030
0.162250,-1.494792
0.162750,-1.208790
0.163250,-1.060645
0.163750,-1.403907
0.164250,-1.886079
0.164750,-1.438849
0.165250,-2.239689
0.165750,-2.084384
0.166250,-1.466204
0.166750,-0.235579
0.167250,-0.962202
0.167750,-0.844670
0.168250,-2.212057
0.168750,-1.972087
0.169250,-1.637126
0.169750,-2.755925
0.170250,-1.009052
0.170750,-1.876623
0.171250,-1.631803
0.171750,-1.378687
0.172250,-1.478300
0.172750,-1.505683
0.173250,-0.847280
0.173750,-1.554163
0.174250,-1.648037
0.174750,-1.379910
0.175250,-2.816127
0.175750,-0.999571
0.176250,-1.987538
0.176750,-1.671118
0.177250,-1.011700
0.177750,-1.429753
0.178250,-1.300792
0.178750,-2.529702
0.179250,-1.370562
0.179750,-0.967391
0.180250,-1.642641
0.180750,-2.106596
0.181250,-1.901520
0.181750,-1.780008
0.182250,-1.949301
0.182750,-2.278405
0.183250,-2.641486
0.183750,-2.482158
0.184250,-2.799890
0.184750,-2.374879
0.185250,-2.539311
0.185750,-1.944571
0.186250,-3.044044
0.186750,-1.537004
0.187250,-1.747464
0.187750,-3.069232
0.188250,-2.447302
0.188750,-2.610553
0.189250,-2.740630
0.189750,-2.647388
0.190250,-2.861842
0.190750,-3.414342
0.191250,-2.977985
0.191750,-1.630829
0.192250,-2.514594
0.192750,-2.072870
0.193250,-2.263303
0.193750,-2.430222
0.194250,-2.810496
0.194750,-2.446900
0.195250,-1.338248
0.195750,-1.561749
0.196250,-2.294917
0.196750,-1.404820
0.197250,-2.484025
0.197750,-2.398462
0.198250,-2.038340
0.198750,-1.713029
0.199250,-1.914197
0.199750,-1.502824
0.200250,-1.606339
0.200750,-1.901247
0.201250,-2.453949
0.201750,-1.682812
0.202250,-2.319790
0.202750,-1.497671
0.203250,-1.910262
0.203750,-1.257148
0.204250,-2.939886
0.204750,-1.276314
0.205250,-2.417691
0.205750,-2.496246
0.206250,-1.149225
0.206750,-1.184740
0.207250,-0.885540
0.207750,-1.293826
0.208250,-1.380565
0.208750,-1.262848
0.209250,-1.163740
0.209750,-0.320182
0.210250,-0.810849
0.210750,-0.916224
0.211250,-1.056601
0.211750,-0.877067
0.212250,-0.758110
0.212750,0.262986
0.213250,-1.865785
0.213750,-0.917079
0.214250,-1.214675
0.214750,-1.030585
0.215250,-1.221069
0.215750,-1.776709
0.216250,-0.521172
0.216750,-0.954108
0.217250,-1.267163
0.217750,-0.699313
0.218250,-0.908498
0.218750,-1.746149
0.219250,-1.153371
0.219750,-1.557192
0.220250,-0.898391
0.220750,-1.212061
0.221250,-0.596195
0.221750,-1.117391
0.222250,-1.531532
0.222750,-1.149650
0.223250,-1.209325
0.223750,-1.615761
0.224250,-2.104098
0.224750,-1.886180
0.225250,-0.982456
0.225750,-1.379999
0.226250,-1.146080
0.226750,-0.458645
0.227250,-1.025214
0.227750,-0.530945
0.228250,-0.713364
0.228750,-0.734817
0.229250,0.281820
0.229750,0.100052
0.230250,-1.301105
0.230750,-2.414790
0.231250,-1.010129
0.231750,-1.706091
0.232250,-0.635397
0.232750,-0.780558
0.233250,-1.402992
0.233750,-1.056500
0.234250,-1.036972
0.234750,-1.245238
0.235250,-1.503678
0.235750,-1.283500
0.236250,-2.157017
0.236750,-2.105985
0.237250,-1.495705
0.237750,-2.232780
0.238250,-2.296309
0.238750,-2.524306
0.239250,-2.519843
0.239750,-2.382867
0.240250,-1.569042
0.240750,-1.936032
0.241250,-1.815537
0.241750,-1.322274
0.242250,-1.518131
0.242750,-2.609666
0.243250,-2.213247
0.243750,-1.915535
0.244250,-0.662038
0.244750,-1.640889
0.245250,-1.453694
0.245750,-1.722682
0.246250,-1.664764
0.246750,-0.747711
0.247250,-1.206712
0.247750,-1.632029
0.248250,-1.574863
0.248750,-0.544574
0.249250,-0.337090
0.249750,-0.748266
0.250250,-0.797645
0.250750,-0.359371
0.251250,-0.762114
0.251750,-1.554986
0.252250,-0.395840
0.252750,-0.908229
0.253250,-0.387423
0.253750,-1.258191
0.254250,-0.937114
0.254750,-1.181848
0.255250,-1.125742
0.255750,-2.321812
0.256250,-1.483494
0.256750,-2.184883
0.257250,-0.621956
0.257750,-0.297757
0.258250,-0.980330
0.258750,-1.267715
0.259250,-0.606563
0.259750,-1.639094
0.260250,-1.190854
0.260750,-0.522199
0.261250,0.060260
0.261750,-0.677013
0.262250,-0.331531
0.262750,-0.620543
0.263250,-1.639272
0.263750,-0.222878
0.264250,0.315011
0.264750,-0.886660
0.265250,-0.381365
0.265750,-0.075274
0.266250,-0.313642
0.266750,-0.323302
0.267250,0.118897
0.267750,0.518346
0.268250,0.950239
0.268750,0.180409
0.269250,0.349326
0.269750,-0.698789
0.270250,0.465874
0.270750,0.433752
0.271250,0.304984
0.271750,-0.519401
0.272250,0.014895
0.272750,0.296522
0.273250,-0.103527
0.273750,-0.287489
0.274250,0.652397
0.274750,-0.665954
0.275250,-0.185297
0.275750,0.882401
0.276250,0.263452
0.276750,-0.865201
0.277250,-0.617756
0.277750,-0.057900
0.278250,-0.411739
0.278750,-0.100431
0.279250,-0.986510
0.279750,0.192044
0.280250,-1.500815
0.280750,-0.395571
0.281250,0.008196
0.281750,0.248775
0.282250,0.391527
0.282750,-0.189109
0.283250,-0.736914
0.283750,-0.001023
0.284250,-0.437718
0.284750,-0.609213
0.285250,-0.903065
0.285750,-0.343926
0.286250,0.569967
0.286750,-0.339302
0.287250,0.118654
0.287750,-1.068529
0.288250,0.367358
0.288750,0.545436
0.289250,-1.108111
0.289750,-0.951078
0.290250,-0.807898
0.290750,-1.037906
0.291250,-0.387893
0.291750,0.124659
0.292250,0.400615
0.292750,-1.299654
0.293250,-1.751303
0.293750,-1.281455
0.294250,-0.843344
0.294750,-1.539721
0.295250,-1.349882
0.295750,-0.787677
0.296250,-1.640799
0.296750,-1.430939
0.297250,-0.975263
0.297750,-0.425130
0.298250,-1.334940
0.298750,-1.870649
0.299250,-1.612197
0.299750,-1.344565
0.300250,-1.647716
0.300750,-1.760522
0.301250,-0.160924
0.301750,-0.972520
0.302250,-1.187126
0.302750,0.000408
0.303250,-1.085975
0.303750,0.293316
0.304250,-0.628345
0.304750,-0.272242
0.305250,-0.449613
0.305750,-0.664584
0.306250,-0.536603
0.306750,-0.832311
0.307250,-0.104258
0.307750,0.785416
0.308250,0.377918
0.308750,-0.059850
0.309250,0.734306
0.309750,0.422337
0.310250,-0.810454
0.310750,-0.520455
0.311250,0.483558
0.311750,-0.229537
0.312250,-1.478675
0.312750,0.777767
0.313250,0.111996
0.313750,-0.744003
0.314250,0.360417
0.314750,0.064673
0.315250,0.158038
0.315750,-0.210618
0.316250,-0.132619
0.316750,-0.417808
0.317250,0.485692
0.317750,1.018813
0.318250,0.433491
0.318750,0.479712
0.319250,0.834305
0.319750,0.973636
0.320250,0.600607
0.320750,0.658815
0.321250,0.729770
0.321750,0.799694
0.322250,1.210419
0.322750,0.534918
0.323250,1.453284
0.323750,1.201187
0.324250,1.798768
0.324750,1.370510
0.325250,0.985464
0.325750,1.730112
0.326250,0.221640
0.326750,1.806309
0.327250,1.262308
0.327750,1.169459
0.328250,1.881849
0.328750,1.939523
0.329250,0.742171
0.329750,1.206387
0.330250,1.027107
0.330750,0.313120
0.331250,1.887780
0.331750,0.861927
0.332250,1.325040
0.332750,1.363703
0.333250,2.807463
0.333750,2.504203
0.334250,1.237404
0.334750,1.385908
0.335250,1.520572
0.335750,1.521658
0.336250,1.455812
0.336750,1.919565
0.337250,1.011453
0.337750,0.850016
0.338250,0.383429
0.338750,1.942868
0.339250,1.161309
0.339750,0.723542
0.340250,1.913299
0.340750,1.738213
0.341250,1.270478
0.341750,1.675251
0.342250,1.776199
0.342750,2.075544
0.343250,0.755290
0.343750,1.826298
0.344250,1.366084
0.344750,1.372586
0.345250,1.186895
0.345750,0.936581
0.346250,0.964165
0.346750,1.957161
0.347250,0.981450
0.347750,1.960212
0.348250,2.841444
0.348750,0.538488
0.349250,1.919526
0.349750,1.570164
0.350250,1.962441
0.350750,0.595375
0.351250,1.630945
0.351750,1.029694
0.352250,1.471380
0.352750,1.948535
0.353250,1.307873
0.353750,0.306499
0.354250,0.604720
0.354750,1.016320
0.355250,0.967922
0.355750,0.989288
0.356250,1.055104
0.356750,-0.338442
0.357250,1.826332
0.357750,1.988613
0.358250,1.082298
0.358750,0.984256
0.359250,0.855802
0.359750,0.173269
0.360250,1.571128
0.360750,1.635900
0.361250,-0.167826
0.361750,0.348541
0.362250,0.784294
0.362750,0.269734
0.363250,0.730747
0.363750,1.830477
0.364250,0.131352
0.364750,0.852397
0.365250,0.268123
0.365750,1.764524
0.366250,0.917810
0.366750,1.959637
0.367250,1.294010
0.367750,0.409945
0.368250,1.321718
0.368750,2.293023
0.369250,1.652958
0.369750,1.183922
0.370250,2.182977
0.370750,2.781611
0.371250,2.904596
0.371750,2.318375
0.372250,1.708502
0.372750,1.916191
0.373250,2.256429
0.373750,2.467695
0.374250,0.746690
0.374750,1.931874
0.375250,1.836878
0.375750,2.314004
0.376250,1.147478
0.376750,1.214081
0.377250,2.239328
0.377750,1.506779
0.378250,1.703087
0.378750,1.988060
0.379250,1.586368
0.379750,1.789533
0.380250,-0.131926
0.380750,2.001602
0.381250,1.460373
0.381750,2.028620
0.382250,2.040177
0.382750,2.129284
0.383250,2.580464
0.383750,3.111190
0.384250,2.421457
0.384750,2.469489
0.385250,1.397294
0.385750,3.212674
0.386250,3.559967
0.386750,3.316267
0.387250,2.717977
0.387750,3.716233
0.388250,4.421057
0.388750,2.851441
0.389250,2.854895
0.389750,3.829585
0.390250,2.287688
0.390750,2.954184
0.391250,2.059255
0.391750,2.826105
0.392250,3.544973
0.392750,2.782395
0.393250,4.577043
0.393750,3.082121
0.394250,3.704736
0.394750,3.442951
0.395250,2.743440
0.395750,2.995901
0.396250,3.205303
0.396750,3.966213
0.397250,2.529790
0.397750,2.975668
0.398250,2.617788
0.398750,2.706079
0.399250,3.391274
0.399750,3.232048
0.400250,4.184579
0.400750,2.747397
0.401250,2.788847
0.401750,2.788514
0.402250,3.391051
0.402750,3.518855
0.403250,3.094996
0.403750,2.706377
0.404250,3.950720
0.404750,3.399393
0.405250,2.481197
0.405750,2.789081
0.406250,3.377303
0.406750,3.012124
0.407250,3.639778
0.407750,3.350236
0.408250,3.346232
0.408750,3.352479
0.409250,3.040711
0.409750,3.185646
0.410250,1.534502
0.410750,2.948193
0.411250,2.945626
0.411750,3.449948
0.412250,3.133433
0.412750,2.056825
0.413250,3.890478
0.413750,2.799078
0.414250,4.543333
0.414750,4.029838
0.415250,4.246537
0.415750,3.917198
0.416250,4.365918
0.416750,3.900346
0.417250,3.561681
0.417750,3.986165
0.418250,3.001667
0.418750,3.084817
0.419250,3.617972
0.419750,4.115302
0.420250,2.401239
0.420750,3.865297
0.421250,3.150299
0.421750,2.973455
0.422250,3.520209
0.422750,2.998070
0.423250,2.381858
0.423750,4.013176
0.424250,3.150234
0.424750,1.171825
0.425250,3.096370
0.425750,3.176376
0.426250,0.282549
0.426750,3.281178
0.427250,2.545032
0.427750,2.686020
0.428250,3.128725
0.428750,1.105055
0.429250,2.030426
0.429750,2.058840
0.430250,0.908442
0.430750,2.271098
0.431250,3.138782
0.431750,1.413609
0.432250,2.563292
0.432750,2.086586
0.433250,2.664403
0.433750,3.525891
0.434250,3.133529
0.434750,1.018391
0.435250,0.984933
0.435750,2.666083
0.436250,2.893451
0.436750,2.600278
0.437250,2.143058
0.437750,2.596634
0.438250,4.123330
0.438750,2.470538
0.439250,3.725483
0.439750,2.387999
0.440250,3.002909
0.440750,2.880886
0.441250,3.507135
0.441750,4.103667
0.442250,2.902343
0.442750,2.822205
0.443250,2.719570
0.443750,2.824300
0.444250,2.760717
0.444750,2.997429
0.445250,2.721862
0.445750,2.386561
0.446250,3.681118
0.446750,3.184406
0.447250,3.752302
0.447750,3.012684
0.448250,2.588938
0.448750,4.755807
0.449250,3.326323
0.449750,2.195112
0.450250,3.937190
0.450750,2.579751
0.451250,3.714253
0.451750,2.095698
0.452250,2.296737
0.452750,3.725026
0.453250,3.985860
0.453750,3.625346
0.454250,2.962484
0.454750,3.243186
0.455250,2.666568
0.455750,3.617182
0.456250,3.942972
0.456750,3.249172
0.457250,4.209184
0.457750,3.351035
0.458250,3.249009
0.458750,2.953078
0.459250,1.548025
0.459750,3.901243
0.460250,3.502245
0.460750,2.905680
0.461250,3.169929
0.461750,2.564203
0.462250,3.767849
0.462750,3.893885
0.463250,3.825605
0.463750,2.938758
0.464250,4.009699
0.464750,3.760365
0.465250,4.398675
0.465750,4.890702
0.466250,4.148769
0.466750,3.662547
0.467250,3.825471
0.467750,3.768037
0.468250,4.325740
0.468750,3.568880
0.469250,4.014271
0.469750,3.855944
0.470250,3.715257
0.470750,3.202724
0.471250,4.338560
0.471750,3.897182
0.472250,5.044223
0.472750,4.027656
0.473250,4.397850
0.473750,2.611359
0.474250,5.178757
0.474750,4.373539
0.475250,3.750822
0.475750,3.126163
0.476250,2.870612
0.476750,3.476592
0.477250,3.516072
0.477750,2.786767
0.478250,3.015660
0.478750,2.854849
0.479250,3.630366
0.479750,2.595358
0.480250,1.850321
0.480750,2.842695
0.481250,2.518759
0.481750,3.667017
0.482250,4.335463
0.482750,3.867870
0.483250,2.884510
0.483750,4.333106
0.484250,4.674687
0.484750,3.615282
0.485250,2.888292
0.485750,3.346174
0.486250,1.711158
0.486750,2.675038
0.487250,2.638375
0.487750,3.728011
0.488250,3.640329
0.488750,4.057922
0.489250,3.146516
0.489750,2.218049
0.490250,3.414671
0.490750,3.006563
0.491250,2.765116
0.491750,3.625496
0.492250,3.987184
0.492750,2.810070
0.493250,2.736958
0.493750,2.742460
0.494250,1.890785
0.494750,2.338555
0.495250,3.297338
0.495750,3.044411
0.496250,3.284455
0.496750,2.255152
0.497250,3.030403
0.497750,2.574147
0.498250,2.684440
0.498750,2.061551
0.499250,1.209319
0.499750,2.013784
0.500250,1.676834
0.500750,2.241641
0.501250,3.140903
0.501750,2.088055
0.502250,1.376055
0.502750,2.483842
0.503250,1.652649
0.503750,2.036440
0.504250,0.911297
0.504750,2.359200
0.505250,1.735913
0.505750,1.086775
0.506250,1.420448
0.506750,1.592537
0.507250,2.233231
0.507750,2.043132
0.508250,0.804622
0.508750,1.506447
0.509250,2.626691
0.509750,1.535079
0.510250,2.282444
0.510750,1.547437
0.511250,1.187362
0.511750,-0.212790
0.512250,1.986879
0.512750,1.675107
0.513250,1.000320
0.513750,2.034770
0.514250,2.287397
0.514750,1.604144
0.515250,2.371354
0.515750,2.208200
0.516250,1.849935
0.516750,1.658594
0.517250,1.805780
0.517750,2.975841
0.518250,2.855244
0.518750,3.325535
0.519250,1.865971
0.519750,2.624593
0.520250,2.750762
0.520750,3.073448
0.521250,2.311765
0.521750,2.420216
0.522250,4.374437
0.522750,2.652547
0.523250,2.664826
0.523750,3.192746
0.524250,3.090570
0.524750,2.151002
0.525250,3.640438
0.525750,0.781211
0.526250,1.171917
0.526750,1.065593
0.527250,1.805144
0.527750,1.763789
0.528250,2.119170
0.528750,-0.280476
0.529250,2.584030
0.529750,2.146557
0.530250,1.776697
0.530750,1.658815
0.531250,1.143937
0.531750,1.196924
0.532250,1.425771
0.532750,1.616919
0.533250,2.905358
0.533750,3.415619
0.534250,3.400782
0.534750,1.844762
0.535250,2.815226
0.535750,2.600954
0.536250,3.025357
0.536750,2.022611
0.537250,3.594322
0.537750,2.494500
0.538250,2.924490
0.538750,4.106891
0.539250,3.375259
0.539750,2.744010
0.540250,2.585781
0.540750,4.147440
0.541250,2.630894
0.541750,3.782336
0.542250,3.231239
0.542750,1.906466
0.543250,3.684411
0.543750,3.750659
0.544250,2.730931
0.544750,2.154896
0.545250,2.837148
0.545750,1.867006
0.546250,1.937790
0.546750,1.378685
0.547250,3.647146
0.547750,2.998745
0.548250,1.580281
0.548750,3.849948
0.549250,2.599855
0.549750,1.311365
0.550250,1.458685
0.550750,2.759890
0.551250,2.561207
0.551750,3.214230
0.552250,1.986439
0.552750,5.308551
0.553250,3.705844
0.553750,1.857010
0.554250,3.092383
0.554750,2.715875
0.555250,1.647485
0.555750,3.114642
0.556250,2.558030
0.556750,2.489781
0.557250,2.539563
0.557750,1.726697
0.558250,2.998967
0.558750,2.822243
0.559250,2.350475
0.559750,2.781107
0.560250,3.173784
0.560750,2.627314
0.561250,1.390447
0.561750,2.126595
0.562250,2.484238
0.562750,3.421916
0.563250,2.618348
0.563750,1.737962
0.564250,2.357250
0.564750,2.616489
0.565250,2.532375
0.565750,2.783175
0.566250,2.406908
0.566750,2.692166
0.567250,4.517212
0.567750,2.915080
0.568250,1.658531
0.568750,3.213485
0.569250,3.786697
0.569750,1.667533
0.570250,1.852808
0.570750,1.701574
0.571250,2.791490
0.571750,3.966383
0.572250,2.897883
0.572750,1.450317
0.573250,1.506340
0.573750,2.691657
0.574250,2.345305
0.574750,1.672264
0.575250,2.439111
0.575750,0.832865
0.576250,1.474354
0.576750,0.680897
0.577250,0.510265
0.577750,2.180075
0.578250,0.730544
0.578750,1.356133
0.579250,1.236843
0.579750,2.242736
0.580250,1.523414
0.580750,2.064331
0.581250,0.781865
0.581750,1.582184
0.582250,1.893487
0.582750,2.079958
0.583250,1.570486
0.583750,1.006616
0.584250,0.632517
0.584750,-1.299018
0.585250,0.361644
0.585750,1.125666
0.586250,1.618140
0.586750,1.989941
0.587250,0.893997
0.587750,0.740052
0.588250,2.623014
0.588750,-0.120652
0.589250,0.704975
0.589750,0.740758
0.590250,-0.171148
0.590750,0.705624
0.591250,1.386452
0.591750,0.502243
0.592250,1.652380
0.592750,1.799616
0.593250,0.689529
0.593750,0.404201
0.594250,0.739218
0.594750,-0.159618
0.595250,2.059601
0.595750,1.325617
0.596250,1.070728
0.596750,0.729718
0.597250,0.681447
0.597750,2.472005
0.598250,1.046333
0.598750,1.944753
0.599250,0.018604
0.599750,0.695728
0.600250,0.212178
0.600750,0.868296
0.601250,2.369819
0.601750,1.042855
0.602250,0.264046
0.602750,2.125567
0.603250,-0.404839
0.603750,1.233654
0.604250,1.494904
0.604750,0.484789
0.605250,1.278820
0.605750,0.404479
0.606250,-0.073577
0.606750,2.367694
0.607250,0.974294
0.607750,-0.098762
0.608250,-0.054076
0.608750,-0.527733
0.609250,0.257177
0.609750,1.803652
0.610250,1.230235
0.610750,0.084898
0.611250,1.466842
0.611750,0.808126
0.612250,0.263457
0.612750,1.555757
0.613250,0.643391
0.613750,2.516605
0.614250,1.509970
0.614750,1.472746
0.615250,0.590825
0.615750,0.333585
0.616250,1.644495
0.616750,0.653719
0.617250,1.052018
0.617750,1.632157
0.618250,1.504742
0.618750,1.768973
0.619250,0.651370
0.619750,1.918455
0.620250,0.428141
0.620750,1.440642
0.621250,1.912425
0.621750,0.378631
0.622250,1.126456
0.622750,2.234669
0.623250,2.662850
0.623750,1.291306
0.624250,2.951326
0.624750,2.857703
0.625250,2.537975
0.625750,2.119175
0.626250,1.816676
0.626750,1.635555
0.627250,1.287141
0.627750,1.931580
0.628250,3.147705
0.628750,2.907337
0.629250,2.187285
0.629750,1.192440
0.630250,2.033209
0.630750,2.156434
0.631250,2.849043
0.631750,2.534667
0.632250,1.062002
0.632750,1.103176
0.633250,2.590497
0.633750,2.019397
0.634250,1.429011
0.634750,1.576894
0.635250,1.861118
0.635750,2.343477
0.636250,0.600154
0.636750,0.119607
0.637250,0.793119
0.637750,3.024800
0.638250,0.560704
0.638750,0.029915
0.639250,1.402455
0.639750,1.055038
0.640250,1.840600
0.640750,1.234006
0.641250,2.845781
0.641750,-0.717572
0.642250,0.341912
0.642750,-0.090268
0.643250,3.252339
0.643750,-0.378246
0.644250,0.594750
0.644750,0.928930
0.645250,0.978083
0.645750,0.245531
0.646250,0.225823
0.646750,2.358188
0.647250,-1.242722
0.647750,1.569952
0.648250,1.000532
0.648750,1.384988
0.649250,0.823318
0.649750,1.542133
0.650250,1.128615
0.650750,1.000320
0.651250,1.327592
0.651750,0.097424
0.652250,0.301636
0.652750,2.268759
0.653250,0.414996
0.653750,1.913936
0.654250,0.734430
0.654750,1.170321
0.655250,0.862927
0.655750,0.787951
0.656250,2.835816
0.656750,2.799627
0.657250,2.916246
0.657750,1.783350
0.658250,0.721937
0.658750,2.190843
0.659250,-0.299713
0.659750,0.560363
0.660250,0.849975
0.660750,0.710655
0.661250,-0.636281
0.661750,0.743307
0.662250,1.653100
0.662750,1.087201
0.663250,1.078495
0.663750,0.390077
0.664250,0.152965
0.664750,1.537044
0.665250,1.274384
0.665750,0.486153
0.666250,0.021821
0.666750,0.446092
0.667250,-0.799496
0.667750,0.056106
0.668250,-0.617722
0.668750,-0.548991
0.669250,0.064873
0.669750,-0.785541
0.670250,0.226341
0.670750,-0.255971
0.671250,0.136176
0.671750,-1.737042
0.672250,-2.033341
0.672750,-0.366192
0.673250,-2.153886
0.673750,-0.972413
0.674250,-0.939122
0.674750,-0.763104
0.675250,-1.209228
0.675750,-0.884937
0.676250,-1.377127
0.676750,-0.118434
0.677250,-1.511242
0.677750,-2.135429
0.678250,-1.448011
0.678750,-0.328473
0.679250,-0.010726
0.679750,-2.075828
0.680250,-0.705763
0.680750,-1.564433
0.681250,-0.537879
0.681750,-0.498096
0.682250,-2.151604
0.682750,-2.412177
0.683250,-1.941249
0.683750,-1.191441
0.684250,0.530038
0.684750,-0.882515
0.685250,-3.075026
0.685750,-3.028373
0.686250,-0.778327
0.686750,-2.413666
0.687250,-1.199941
0.687750,-0.877607
0.688250,-1.845845
0.688750,-0.404648
0.689250,-0.248305
0.689750,-1.278221
0.690250,0.019363
0.690750,-1.267051
0.691250,1.561877
0.691750,-0.267020
0.692250,-1.344497
0.692750,-2.205136
0.693250,1.171941
0.693750,0.494764
0.694250,-2.877202
0.694750,-1.958082
0.695250,-1.324700
0.695750,-1.509563
0.696250,0.718876
0.696750,-0.698226
0.697250,-0.854989
0.697750,-0.571850
0.698250,-1.472382
0.698750,-1.950458
0.699250,-0.519181
0.699750,-0.346565
0.700250,0.523668
0.700750,-0.300807
0.701250,-0.139237
0.701750,-0.578199
0.702250,-0.712359
0.702750,-0.650734
0.703250,-0.479869
0.703750,-1.965828
0.704250,0.582913
0.704750,-1.594562
0.705250,-2.130613
0.705750,-1.235639
0.706250,-2.049316
0.706750,-2.561351
0.707250,-1.210611
0.707750,-1.981641
0.708250,-0.642125
0.708750,-2.022723
0.709250,-0.672088
0.709750,-0.733281
0.710250,-0.960343
0.710750,-1.429835
0.711250,-0.535287
0.711750,0.142838
0.712250,-0.358886
0.712750,0.080619
0.713250,-1.488738
0.713750,0.597612
0.714250,-0.507036
0.714750,0.669644
0.715250,-2.356908
0.715750,-0.363579
0.716250,-0.310360
0.716750,-0.921562
0.717250,0.670881
0.717750,-0.047397
0.718250,-0.241839
0.718750,0.959890
0.719250,-1.024312
0.719750,0.672144
0.720250,1.333866
0.720750,1.009243
0.721250,-0.121255
0.721750,0.203076
0.722250,-0.650769
0.722750,-1.331465
0.723250,0.223450
0.723750,-0.914068
0.724250,-2.024034
0.724750,-1.654668
0.725250,-1.820750
0.725750,0.300670
0.726250,0.007045
0.726750,-0.357886
0.727250,-1.001466
0.727750,-1.229319
0.728250,-0.811346
0.728750,0.747862
0.729250,-0.431869
0.729750,0.092843
0.730250,-1.103025
0.730750,-0.994219
0.731250,-1.395731
0.731750,-1.063383
0.732250,-1.590769
0.732750,-0.261417
0.733250,-1.037390
0.733750,-0.351385
0.734250,-2.813104
0.734750,-1.537392
0.735250,-1.773573
0.735750,-0.456017
0.736250,-1.312239
0.736750,-1.455880
0.737250,-1.510784
0.737750,-0.312873
0.738250,-2.350708
0.738750,-0.682294
0.739250,-1.250270
0.739750,-2.658657
0.740250,-0.687943
0.740750,-2.249435
0.741250,-2.777282
0.741750,-0.492048
0.742250,-1.333110
0.742750,-0.507091
0.743250,-0.545055
0.743750,-1.805804
0.744250,-3.387707
0.744750,-0.812054
0.745250,-0.819465
0.745750,-1.771287
0.746250,-1.269574
0.746750,-2.223954
0.747250,-0.352728
0.747750,0.179347
0.748250,-2.169188
0.748750,-0.240473
0.749250,0.413460
0.749750,-1.235096
0.750250,-2.713651
0.750750,-0.648852
0.751250,-2.192877
0.751750,-0.341086
0.752250,-3.255866
0.752750,-1.611677
0.753250,-0.603040
0.753750,-2.251304
0.754250,-2.252412
0.754750,-1.039369
0.755250,-1.071719
0.755750,-3.756321
0.756250,-2.293385
0.756750,-1.764528
0.757250,-1.831154
0.757750,-3.508198
0.758250,-2.626146
0.758750,-1.972385
0.759250,-2.767368
0.759750,-2.471230
0.760250,-1.909569
0.760750,-3.185331
0.761250,-2.951740
0.761750,-3.157571
0.762250,-2.733167
0.762750,-5.027651
0.763250,-3.327335
0.763750,-2.500138
0.764250,-3.346008
0.764750,-3.744823
0.765250,-3.964385
0.765750,-4.613902
0.766250,-4.454179
0.766750,-3.832491
0.767250,-5.521875
0.767750,-3.057555
0.768250,-4.432563
0.768750,-3.231258
0.769250,-2.850251
0.769750,-3.263375
0.770250,-3.958896
0.770750,-2.297525
0.771250,-2.991151
0.771750,-2.536086
0.772250,-4.514302
0.772750,-1.678032
0.773250,-2.450661
0.773750,-3.787668
0.774250,-4.396987
0.774750,-2.428118
0.775250,-2.362716
0.775750,-3.123538
0.776250,-2.967060
0.776750,-3.884753
0.777250,-3.920677
0.777750,-4.462547
0.778250,-1.657987
0.778750,-1.257253
0.779250,-3.773818
0.779750,-2.931965
0.780250,-3.560931
0.780750,-4.059965
0.781250,-3.343018
0.781750,-3.396743
0.782250,-4.285013
0.782750,-3.380600
0.783250,-2.529342
0.783750,-4.595782
0.784250,-3.878841
0.784750,-2.686317
0.785250,-3.482019
0.785750,-2.784728
0.786250,-3.196565
0.786750,-3.641603
0.787250,-3.166090
0.787750,-1.263404
0.788250,-2.605396
0.788750,-1.479712
0.789250,-5.932105
0.789750,-3.426039
0.790250,-0.596369
0.790750,-4.239139
0.791250,-3.769776
0.791750,-4.578609
0.792250,-2.582644
0.792750,-2.535818
0.793250,-1.973837
0.793750,-1.444062
0.794250,-2.557867
0.794750,-5.220812
0.795250,-3.041928
0.795750,-4.602158
0.796250,-3.883382
0.796750,-3.906175
0.797250,-2.702092
0.797750,-2.480069
0.798250,-2.518183
0.798750,-3.396970
0.799250,-3.490149
0.799750,-2.467380
0.800250,-3.493097
0.800750,-2.954330
0.801250,-3.252744
0.801750,-4.139905
0.802250,-2.781908
0.802750,-3.624058
0.803250,-3.279405
0.803750,-4.435407
0.804250,-3.263151
0.804750,-3.581412
0.805250,-1.948608
0.805750,-5.466001
0.806250,-4.145801
0.806750,-3.948631
0.807250,-1.650173
0.807750,-3.002469
0.808250,-4.876511
0.808750,-2.696811
0.809250,-3.371715
0.809750,-1.885797
0.810250,-1.554464
0.810750,-3.015180
0.811250,-1.451770
0.811750,-2.852667
0.812250,-0.993260
0.812750,-2.581529
0.813250,-3.474306
0.813750,-1.851443
0.814250,-1.840033
0.814750,-3.710047
0.815250,-3.462887
0.815750,-2.528340
0.816250,-1.252133
0.816750,-4.340760
0.817250,-2.375449
0.817750,-1.716760
0.818250,-1.876637
0.818750,-1.454853
0.819250,-2.851488
0.819750,-2.139050
0.820250,-4.150471
0.820750,-0.977474
0.821250,-2.334152
0.821750,-2.360654
0.822250,-1.945749
0.822750,-3.368312
0.823250,-2.657101
0.823750,-1.845090
0.824250,-1.790550
0.824750,-1.255104
0.825250,-3.265247
0.825750,-2.900529
0.826250,-1.294328
0.826750,-1.792542
0.827250,-4.061415
0.827750,-3.118320
0.828250,-2.983496
0.828750,-2.435460
0.829250,-2.800818
0.829750,-2.583650
0.830250,-2.333419
0.830750,-4.617130
0.831250,-3.061534
0.831750,-3.056758
0.832250,-5.388978
0.832750,-3.567713
0.833250,-3.859704
0.833750,-4.026928
0.834250,-3.098289
0.834750,-2.559389
0.835250,-0.813321
0.835750,-5.097542
0.836250,-1.763541
0.836750,-2.785601
0.837250,-2.116916
0.837750,-3.597104
0.838250,-2.971109
0.838750,-2.291332
0.839250,-3.370183
0.839750,-3.707008
0.840250,-4.501528
0.840750,-3.618414
0.841250,-3.860370
0.841750,-2.781796
0.842250,-3.521942
0.842750,-2.505502
0.843250,-3.038043
0.843750,-4.222350
0.844250,-3.152961
0.844750,-1.515513
0.845250,-1.985471
0.845750,-1.133681
0.846250,-1.537227
0.846750,-2.575520
0.847250,-2.122812
0.847750,-2.271824
0.848250,-3.394359
0.848750,-2.875600
0.849250,-2.046656
0.849750,-2.500968
0.850250,-2.362786
0.850750,-3.123916
0.851250,-4.076791
0.851750,-3.545595
0.852250,-2.416725
0.852750,-3.242232
0.853250,-0.888404
0.853750,-2.217970
0.854250,-2.475059
0.854750,-1.504908
0.855250,-3.196200
0.855750,-1.785248
0.856250,-5.182228
0.856750,-2.873332
0.857250,-4.560296
0.857750,-2.391888
0.858250,-3.571590
0.858750,-2.830953
0.859250,-3.193178
0.859750,-2.424547
0.860250,-2.255973
0.860750,-3.799569
0.861250,-2.878288
0.861750,-3.032848
0.862250,-4.149146
0.862750,-3.845025
0.863250,-4.160861
0.863750,-1.357011
0.864250,-2.646018
0.864750,-4.473294
0.865250,-3.444014
0.865750,-3.980825
0.866250,-4.411277
0.866750,-3.256016
0.867250,-5.449298
0.867750,-3.738191
0.868250,-4.381940
0.868750,-1.799785
0.869250,-4.601936
0.869750,-3.571061
0.870250,-2.856162
0.870750,-5.968629
0.871250,-2.556691
0.871750,-4.223944
0.872250,-2.635082
0.872750,-4.124084
0.873250,-4.171583
0.873750,-3.969410
0.874250,-4.886079
0.874750,-4.252297
0.875250,-5.296707
0.875750,-4.031117
0.876250,-2.903198
0.876750,-5.179676
0.877250,-3.750373
0.877750,-4.657919
0.878250,-4.263552
0.878750,-6.181126
0.879250,-4.054401
0.879750,-5.337449
0.880250,-4.459924
0.880750,-6.639939
0.881250,-4.904822
0.881750,-5.260129
0.882250,-3.642248
0.882750,-4.451496
0.883250,-1.285976
0.883750,-1.490244
0.884250,-3.424606
0.884750,-2.321232
0.885250,-4.462238
0.885750,-4.788726
0.886250,-3.703555
0.886750,-3.525886
0.887250,-3.666131
0.887750,-3.656938
0.888250,-3.718488
0.888750,-3.728361
0.889250,-4.734322
0.889750,-3.969843
0.890250,-6.394810
0.890750,-4.211255
0.891250,-3.686941
0.891750,-4.723695
0.892250,-5.131852
0.892750,-4.860543
0.893250,-3.721383
0.893750,-3.740414
0.894250,-3.177257
0.894750,-3.408615
0.895250,-2.915751
0.895750,-1.351509
0.896250,-4.404864
0.896750,-6.394139
0.897250,-4.535587
0.897750,-4.128434
0.898250,-2.640993
0.898750,-3.421210
0.899250,-4.254132
0.899750,-2.369426
0.900250,-4.753651
0.900750,-3.044416
0.901250,-4.777740
0.901750,-5.200237
0.902250,-4.401848
0.902750,-3.076195
0.903250,-2.849264
0.903750,-5.101065
0.904250,-4.130564
0.904750,-4.680268
0.905250,-3.408058
0.905750,-3.801928
0.906250,-4.648424
0.906750,-5.014796
0.907250,-3.786566
0.907750,-2.125416
0.908250,-3.499369
0.908750,-2.673371
0.909250,-5.269515
0.909750,-3.160909
0.910250,-3.452126
0.910750,-2.430240
0.911250,-2.699691
0.911750,-2.809070
0.912250,-3.996164
0.912750,-1.874391
0.913250,-2.122394
0.913750,-1.623000
0.914250,-1.757755
0.914750,-0.776138
0.915250,-0.605576
0.915750,-2.472759
0.916250,-0.765747
0.916750,-2.439911
0.917250,-0.997563
0.917750,-2.912973
0.918250,-0.977774
0.918750,-1.651811
0.919250,-2.471445
0.919750,-1.239906
0.920250,-1.064104
0.920750,-0.690481
0.921250,-1.711186
0.921750,-1.384065
0.922250,-0.633831
0.922750,-1.963728
0.923250,-1.273706
0.923750,-0.774879
0.924250,-1.875554
0.924750,-0.629995
0.925250,-0.705419
0.925750,-2.594111
0.926250,-2.810831
0.926750,-1.708669
0.927250,-0.483920
0.927750,-0.927167
0.928250,0.062860
0.928750,-1.779053
0.929250,-3.296016
0.929750,-2.323884
0.930250,-0.995987
0.930750,-0.195969
0.931250,-0.819614
0.931750,-0.544653
0.932250,-2.152740
0.932750,-1.650115
0.933250,-2.769690
0.933750,-2.921452
0.934250,-2.000716
0.934750,-2.159786
0.935250,-2.932208
0.935750,-2.482989
0.936250,-4.056984
0.936750,-4.846192
0.937250,-1.829849
0.937750,-2.505754
0.938250,-2.479055
0.938750,-2.352698
0.939250,-3.012555
0.939750,-2.436269
0.940250,-1.606667
0.940750,-2.617076
0.941250,-3.560223
0.941750,-1.227848
0.942250,-2.946831
0.942750,-1.062185
0.943250,-3.753414
0.943750,-1.782568
0.944250,-4.281839
0.944750,-2.488332
0.945250,-3.701805
0.945750,-2.385063
0.946250,-2.866120
0.946750,-3.515054
0.947250,-2.161587
0.947750,-0.650543
0.948250,-2.891207
0.948750,-1.752899
0.949250,-2.781524
0.949750,-3.187448
0.950250,-2.305095
0.950750,-2.408627
0.951250,-2.295978
0.951750,-2.398650
0.952250,-0.995911
0.952750,-3.032122
0.953250,-1.305557
0.953750,-0.802617
0.954250,-1.536248
0.954750,-2.256912
0.955250,-1.105285
0.955750,-2.347502
0.956250,-3.027882
0.956750,-0.648617
0.957250,-3.903127
0.957750,-1.194195
0.958250,-2.549717
0.958750,-3.056006
0.959250,-1.596204
0.959750,-2.844878
0.960250,-2.084573
0.960750,-3.581205
0.961250,-2.170698
0.961750,-3.398474
0.962250,-1.900858
0.962750,-2.301597
0.963250,-1.423927
0.963750,-1.031501
0.964250,-0.985068
0.964750,-2.818989
0.965250,-2.465193
0.965750,-2.003674
0.966250,-2.037021
0.966750,-1.310959
0.967250,-3.190918
0.967750,-2.069117
0.968250,-2.633741
0.968750,-3.276877
0.969250,-2.512965
0.969750,-2.551268
0.970250,-3.139371
0.970750,-3.782756
0.971250,-2.891390
0.971750,-3.174087
0.972250,-2.763574
0.972750,-3.280094
0.973250,-4.667038
0.973750,-3.853186
0.974250,-2.388362
0.974750,-2.427165
0.975250,-2.109739
0.975750,-2.847013
0.976250,-3.728033
0.976750,-3.788344
0.977250,-3.521804
0.977750,-2.380254
0.978250,-3.276553
0.978750,-4.526396
0.979250,-3.238236
0.979750,-3.885977
0.980250,-4.631795
0.980750,-4.268194
0.981250,-3.553579
0.981750,-3.347317
0.982250,-4.349075
0.982750,-2.328224
0.983250,-3.367288
0.983750,-3.257144
0.984250,-2.184896
0.984750,-0.938492
0.985250,-5.289187
0.985750,-3.504592
0.986250,-3.154444
0.986750,-1.278354
0.987250,-3.939615
0.987750,-4.625722
0.988250,-2.957952
0.988750,-2.749158
0.989250,-0.868173
0.989750,-1.587349
0.990250,-3.560303
0.990750,-2.497275
0.991250,-0.256835
0.991750,-2.817709
0.992250,-4.068644
0.992750,-2.627207
0.993250,-2.698529
0.993750,-1.749851
0.994250,-2.364787
0.994750,-3.267247
0.995250,-3.624201
0.995750,-2.604897
0.996250,-1.887685
0.996750,-1.809022
0.997250,-2.385424
0.997750,-3.174568
0.998250,-3.867286
0.998750,-2.728567
0.999250,-2.773220
0.999750,-1.336699
