0.000250,0.097264
0.000750,0.095562
0.001250,0.127057
0.001750,-0.012753
0.002250,0.012278
0.002750,0.147652
0.003250,0.182017
0.003750,0.183978
0.004250,0.310628
0.004750,0.511780
0.005250,0.620703
0.005750,0.587623
0.006250,0.526142
0.006750,0.505217
0.007250,0.581396
0.007750,0.632267
0.008250,0.637379
0.008750,0.554620
0.009250,0.428872
0.009750,0.354226
0.010250,0.372723
0.010750,0.466340
0.011250,0.583764
0.011750,0.661199
0.012250,0.690344
0.012750,0.677687
0.013250,0.660568
0.013750,0.686661
0.014250,0.765137
0.014750,0.896339
0.015250,1.042838
0.015750,1.169045
0.016250,1.231554
0.016750,1.251134
0.017250,1.199621
0.017750,1.135472
0.018250,1.081765
0.018750,1.059223
0.019250,1.064792
0.019750,1.117472
0.020250,1.172305
0.020750,1.213462
0.021250,1.202563
0.021750,1.150439
0.022250,1.043720
0.022750,0.932805
0.023250,0.870316
0.023750,0.786726
0.024250,0.774894
0.024750,0.797610
0.025250,0.850787
0.025750,0.948478
0.026250,1.056972
0.026750,1.059419
0.027250,1.116911
0.027750,1.129436
0.028250,1.095805
0.028750,1.053868
0.029250,1.040896
0.029750,1.060131
0.030250,1.083219
0.030750,1.138798
0.031250,1.283311
0.031750,1.347817
0.032250,1.442275
0.032750,1.596122
0.033250,1.613161
0.033750,1.616410
0.034250,1.635876
0.034750,1.581374
0.035250,1.478035
0.035750,1.461806
0.036250,1.367632
0.036750,1.319050
0.037250,1.342142
0.037750,1.292025
0.038250,1.355805
0.038750,1.396830
0.039250,1.393911
0.039750,1.454989
0.040250,1.370515
0.040750,1.403000
0.041250,1.313712
0.041750,1.201169
0.042250,1.144063
0.042750,0.994736
0.043250,0.931529
0.043750,0.848420
0.044250,0.779378
0.044750,0.812701
0.045250,0.760287
0.045750,0.873892
0.046250,0.861735
0.046750,0.953665
0.047250,1.024455
0.047750,1.016452
0.048250,1.108566
0.048750,1.054079
0.049250,1.104699
0.049750,0.996829
0.050250,1.046626
0.050750,0.921860
0.051250,0.964876
0.051750,0.913354
0.052250,0.892624
0.052750,0.958694
0.053250,0.989126
0.053750,1.111639
0.054250,1.100553
0.054750,1.259152
0.055250,1.285361
0.055750,1.407881
0.056250,1.416653
0.056750,1.488692
0.057250,1.433872
0.057750,1.453123
0.058250,1.378718
0.058750,1.361990
0.059250,1.209767
0.059750,1.214857
0.060250,1.097520
0.060750,1.067010
0.061250,1.014633
0.061750,1.007161
0.062250,0.952796
0.062750,1.025447
0.063250,0.982996
0.063750,1.041409
0.064250,1.027062
0.064750,1.047702
0.065250,1.031341
0.065750,1.003274
0.066250,0.975924
0.066750,0.879024
0.067250,0.843183
0.067750,0.685560
0.068250,0.622330
0.068750,0.494241
0.069250,0.447494
0.069750,0.294463
0.070250,0.279794
0.070750,0.192497
0.071250,0.208755
0.071750,0.169716
0.072250,0.222179
0.072750,0.206821
0.073250,0.239442
0.073750,0.380435
0.074250,0.313815
0.074750,0.433246
0.075250,0.391535
0.075750,0.445609
0.076250,0.438537
0.076750,0.425641
0.077250,0.396421
0.077750,0.311304
0.078250,0.346458
0.078750,0.252778
0.079250,0.246802
0.079750,0.163238
0.080250,0.226561
0.080750,0.155286
0.081250,0.169776
0.081750,0.274421
0.082250,0.237892
0.082750,0.368671
0.083250,0.355492
0.083750,0.497773
0.084250,0.539379
0.084750,0.565760
0.085250,0.696300
0.085750,0.638592
0.086250,0.737922
0.086750,0.712201
0.087250,0.635180
0.087750,0.688240
0.088250,0.542835
0.088750,0.552463
0.089250,0.435607
0.089750,0.365891
0.090250,0.358963
0.090750,0.174402
0.091250,0.249532
0.091750,0.126416
0.092250,0.119382
0.092750,0.122005
0.093250,0.055701
0.093750,0.120166
0.094250,0.076498
0.094750,0.105855
0.095250,0.191518
0.095750,0.075081
0.096250,0.160239
0.096750,0.091032
0.097250,0.076670
0.097750,0.064060
0.098250,-0.043665
0.098750,-0.064886
0.099250,-0.177237
0.099750,-0.284948
0.100250,-0.299017
0.100750,-0.489629
0.101250,-0.551617
0.101750,-0.610337
0.102250,-0.758344
0.102750,-0.740472
0.103250,-0.853127
0.103750,-0.855410
0.104250,-0.835147
0.104750,-0.927233
0.105250,-0.851302
0.105750,-0.765487
0.106250,-0.871232
0.106750,-0.746813
0.107250,-0.740982
0.107750,-0.714544
0.108250,-0.618310
0.108750,-0.646439
0.109250,-0.607235
0.109750,-0.607831
0.110250,-0.695334
0.110750,-0.600288
0.111250,-0.644101
0.111750,-0.786118
0.112250,-0.701469
0.112750,-0.809793
0.113250,-0.869768
0.113750,-0.802853
0.114250,-0.953131
0.114750,-0.898538
0.115250,-0.856196
0.115750,-0.964685
0.116250,-0.862158
0.116750,-0.849074
0.117250,-0.875049
0.117750,-0.691930
0.118250,-0.699832
0.118750,-0.663857
0.119250,-0.534622
0.119750,-0.520907
0.120250,-0.488245
0.120750,-0.324982
0.121250,-0.423578
0.121750,-0.347054
0.122250,-0.334359
0.122750,-0.363996
0.123250,-0.343060
0.123750,-0.358533
0.124250,-0.531653
0.124750,-0.497302
0.125250,-0.530947
0.125750,-0.672367
0.126250,-0.712249
0.126750,-0.703469
0.127250,-0.875805
0.127750,-0.835686
0.128250,-0.879966
0.128750,-1.045489
0.129250,-0.900040
0.129750,-0.961640
0.130250,-1.005260
0.130750,-0.965424
0.131250,-0.943703
0.131750,-1.003859
0.132250,-0.901279
0.132750,-0.913770
0.133250,-1.004112
0.133750,-0.852359
0.134250,-0.885081
0.134750,-1.053494
0.135250,-0.944559
0.135750,-0.976466
0.136250,-1.141247
0.136750,-1.116775
0.137250,-1.177241
0.137750,-1.338118
0.138250,-1.327983
0.138750,-1.436304
0.139250,-1.614639
0.139750,-1.626204
0.140250,-1.622455
0.140750,-1.835685
0.141250,-1.848186
0.141750,-1.792474
0.142250,-1.976102
0.142750,-1.948099
0.143250,-1.909684
0.143750,-1.961300
0.144250,-1.896038
0.144750,-1.853079
0.145250,-1.904052
0.145750,-1.863289
0.146250,-1.734793
0.146750,-1.764215
0.147250,-1.730270
0.147750,-1.615387
0.148250,-1.663508
0.148750,-1.702006
0.149250,-1.509026
0.149750,-1.580567
0.150250,-1.671833
0.150750,-1.601914
0.151250,-1.638420
0.151750,-1.703163
0.152250,-1.700691
0.152750,-1.649882
0.153250,-1.826203
0.153750,-1.837023
0.154250,-1.758993
0.154750,-1.848954
0.155250,-1.864969
0.155750,-1.797883
0.156250,-1.835771
0.156750,-1.883402
0.157250,-1.787301
0.157750,-1.727299
0.158250,-1.776546
0.158750,-1.651116
0.159250,-1.564649
0.159750,-1.633410
0.160250,-1.513789
0.160750,-1.301979
0.161250,-1.340450
0.161750,-1.373034
0.162250,-1.166253
0.162750,-1.185638
0.163250,-1.202656
0.163750,-1.154318
0.164250,-1.083268
0.164750,-1.179656
0.165250,-1.165414
0.165750,-1.093619
0.166250,-1.244686
0.166750,-1.274705
0.167250,-1.186859
0.167750,-1.330118
0.168250,-1.482505
0.168750,-1.448445
0.169250,-1.413888
0.169750,-1.583688
0.170250,-1.635586
0.170750,-1.546438
0.171250,-1.635433
0.171750,-1.730072
0.172250,-1.694607
0.172750,-1.628131
0.173250,-1.769906
0.173750,-1.677954
0.174250,-1.609414
0.174750,-1.631540
0.175250,-1.674083
0.175750,-1.563769
0.176250,-1.588743
0.176750,-1.670972
0.177250,-1.552108
0.177750,-1.445247
0.178250,-1.577541
0.178750,-1.670123
0.179250,-1.506274
0.179750,-1.628718
0.180250,-1.748555
0.180750,-1.733337
0.181250,-1.688888
0.181750,-1.860355
0.182250,-1.943672
0.182750,-1.947660
0.183250,-1.981791
0.183750,-2.174245
0.184250,-2.200942
0.184750,-2.229298
0.185250,-2.326789
0.185750,-2.426241
0.186250,-2.333105
0.186750,-2.363891
0.187250,-2.531013
0.187750,-2.552385
0.188250,-2.411679
0.188750,-2.461888
0.189250,-2.504641
0.189750,-2.362851
0.190250,-2.367023
0.190750,-2.425543
0.191250,-2.315990
0.191750,-2.167268
0.192250,-2.159151
0.192750,-2.300114
0.193250,-2.125476
0.193750,-2.003084
0.194250,-2.063053
0.194750,-2.066632
0.195250,-1.965983
0.195750,-1.939844
0.196250,-2.072582
0.196750,-1.991629
0.197250,-1.925098
0.197750,-1.924333
0.198250,-2.107059
0.198750,-2.065366
0.199250,-2.030810
0.199750,-2.094817
0.200250,-2.113212
0.200750,-2.074536
0.201250,-2.102228
0.201750,-2.247552
0.202250,-2.158261
0.202750,-2.034558
0.203250,-2.126284
0.203750,-2.168953
0.204250,-2.043755
0.204750,-1.942049
0.205250,-1.993812
0.205750,-1.972252
0.206250,-1.836773
0.206750,-1.732028
0.207250,-1.781271
0.207750,-1.681268
0.208250,-1.508822
0.208750,-1.495828
0.209250,-1.500117
0.209750,-1.384578
0.210250,-1.247089
0.210750,-1.245089
0.211250,-1.340670
0.211750,-1.201140
0.212250,-1.131117
0.212750,-1.205174
0.213250,-1.217368
0.213750,-1.171998
0.214250,-1.124463
0.214750,-1.245169
0.215250,-1.350494
0.215750,-1.259041
0.216250,-1.250759
0.216750,-1.419055
0.217250,-1.450236
0.217750,-1.352590
0.218250,-1.462610
0.218750,-1.620920
0.219250,-1.584075
0.219750,-1.485886
0.220250,-1.586685
0.220750,-1.691255
0.221250,-1.660634
0.221750,-1.515717
0.222250,-1.598628
0.222750,-1.657446
0.223250,-1.554304
0.223750,-1.475682
0.224250,-1.545652
0.224750,-1.526696
0.225250,-1.502657
0.225750,-1.402219
0.226250,-1.459814
0.226750,-1.436738
0.227250,-1.334344
0.227750,-1.281553
0.228250,-1.411256
0.228750,-1.433799
0.229250,-1.339688
0.229750,-1.360188
0.230250,-1.424622
0.230750,-1.524930
0.231250,-1.477469
0.231750,-1.440194
0.232250,-1.631363
0.232750,-1.697807
0.233250,-1.681791
0.233750,-1.726319
0.234250,-1.845705
0.234750,-1.953334
0.235250,-1.859388
0.235750,-1.982306
0.236250,-2.066984
0.236750,-2.087143
0.237250,-2.107177
0.237750,-2.047549
0.238250,-2.199578
0.238750,-2.157822
0.239250,-2.135358
0.239750,-2.123905
0.240250,-2.119970
0.240750,-2.132818
0.241250,-2.114416
0.241750,-1.923267
0.242250,-1.942413
0.242750,-2.013408
0.243250,-1.863741
0.243750,-1.773329
0.244250,-1.792840
0.244750,-1.775540
0.245250,-1.615680
0.245750,-1.556218
0.246250,-1.624315
0.246750,-1.655632
0.247250,-1.449956
0.247750,-1.451122
0.248250,-1.498578
0.248750,-1.560541
0.249250,-1.473455
0.249750,-1.369934
0.250250,-1.389410
0.250750,-1.532862
0.251250,-1.534745
0.251750,-1.449264
0.252250,-1.500522
0.252750,-1.573989
0.253250,-1.579549
0.253750,-1.458528
0.254250,-1.495647
0.254750,-1.627722
0.255250,-1.583601
0.255750,-1.444842
0.256250,-1.499450
0.256750,-1.553299
0.257250,-1.452227
0.257750,-1.274907
0.258250,-1.295296
0.258750,-1.384109
0.259250,-1.307097
0.259750,-1.133475
0.260250,-1.101796
0.260750,-1.047161
0.261250,-0.977845
0.261750,-0.876769
0.262250,-0.712657
0.262750,-0.728609
0.263250,-0.739215
0.263750,-0.646449
0.264250,-0.440278
0.264750,-0.433221
0.265250,-0.573331
0.265750,-0.451615
0.266250,-0.310510
0.266750,-0.284776
0.267250,-0.398711
0.267750,-0.374490
0.268250,-0.261070
0.268750,-0.315506
0.269250,-0.410879
0.269750,-0.421513
0.270250,-0.450986
0.270750,-0.331563
0.271250,-0.471441
0.271750,-0.551882
0.272250,-0.569786
0.272750,-0.473753
0.273250,-0.581591
0.273750,-0.677189
0.274250,-0.639026
0.274750,-0.634516
0.275250,-0.637438
0.275750,-0.713841
0.276250,-0.751684
0.276750,-0.700801
0.277250,-0.580703
0.277750,-0.655361
0.278250,-0.756807
0.278750,-0.633409
0.279250,-0.515592
0.279750,-0.500111
0.280250,-0.633517
0.280750,-0.524734
0.281250,-0.418217
0.281750,-0.374441
0.282250,-0.421641
0.282750,-0.461233
0.283250,-0.386921
0.283750,-0.263112
0.284250,-0.277589
0.284750,-0.461843
0.285250,-0.325569
0.285750,-0.210139
0.286250,-0.341313
0.286750,-0.464696
0.287250,-0.426100
0.287750,-0.408533
0.288250,-0.383496
0.288750,-0.488117
0.289250,-0.631578
0.289750,-0.629195
0.290250,-0.589197
0.290750,-0.713791
0.291250,-0.807135
0.291750,-0.814767
0.292250,-0.785147
0.292750,-0.802507
0.293250,-0.983219
0.293750,-1.067200
0.294250,-1.092065
0.294750,-0.951363
0.295250,-0.928098
0.295750,-1.040507
0.296250,-1.091019
0.296750,-1.046124
0.297250,-0.979571
0.297750,-1.025776
0.298250,-0.983931
0.298750,-0.936481
0.299250,-0.764683
0.299750,-0.797380
0.300250,-0.919101
0.300750,-0.879016
0.301250,-0.603141
0.301750,-0.543844
0.302250,-0.618731
0.302750,-0.556476
0.303250,-0.493164
0.303750,-0.346425
0.304250,-0.362360
0.304750,-0.402221
0.305250,-0.369338
0.305750,-0.271541
0.306250,-0.200691
0.306750,-0.227072
0.307250,-0.305440
0.307750,-0.226937
0.308250,-0.115895
0.308750,-0.167900
0.309250,-0.304388
0.309750,-0.230811
0.310250,-0.256789
0.310750,-0.149363
0.311250,-0.193728
0.311750,-0.348707
0.312250,-0.317607
0.312750,-0.196730
0.313250,-0.222982
0.313750,-0.292917
0.314250,-0.267255
0.314750,-0.212701
0.315250,-0.199209
0.315750,-0.197691
0.316250,-0.269751
0.316750,-0.182816
0.317250,-0.050097
0.317750,0.082599
0.318250,0.024010
0.318750,0.002811
0.319250,0.109337
0.319750,0.280038
0.320250,0.260070
0.320750,0.278679
0.321250,0.419014
0.321750,0.495612
0.322250,0.651269
0.322750,0.656925
0.323250,0.607909
0.323750,0.756575
0.324250,0.889625
0.324750,0.919413
0.325250,0.908471
0.325750,0.868747
0.326250,0.970919
0.326750,1.131698
0.327250,1.054698
0.327750,1.126471
0.328250,1.034566
0.328750,1.085922
0.329250,1.149843
0.329750,1.105535
0.330250,0.912491
0.330750,0.967996
0.331250,1.073428
0.331750,1.073830
0.332250,0.971060
0.332750,0.780597
0.333250,0.897238
0.333750,1.013298
0.334250,0.817142
0.334750,0.802647
0.335250,0.742828
0.335750,0.673090
0.336250,0.850657
0.336750,0.890420
0.337250,0.710290
0.337750,0.647161
0.338250,0.697450
0.338750,0.866105
0.339250,0.804970
0.339750,0.686997
0.340250,0.774448
0.340750,0.836683
0.341250,0.948523
0.341750,0.928185
0.342250,0.791593
0.342750,0.940548
0.343250,1.043011
0.343750,1.073280
0.344250,1.060587
0.344750,0.977005
0.345250,1.027410
0.345750,1.127130
0.346250,1.217106
0.346750,1.136543
0.347250,1.028592
0.347750,1.109229
0.348250,1.221871
0.348750,1.206997
0.349250,1.057188
0.349750,0.954557
0.350250,1.020295
0.350750,1.095613
0.351250,1.012921
0.351750,0.869839
0.352250,0.818551
0.352750,0.878718
0.353250,0.942963
0.353750,0.776454
0.354250,0.554199
0.354750,0.602901
0.355250,0.583514
0.355750,0.624296
0.356250,0.518575
0.356750,0.378146
0.357250,0.453354
0.357750,0.432786
0.358250,0.516105
0.358750,0.425894
0.359250,0.232834
0.359750,0.313504
0.360250,0.440943
0.360750,0.513511
0.361250,0.433259
0.361750,0.379751
0.362250,0.408684
0.362750,0.523842
0.363250,0.648095
0.363750,0.595830
0.364250,0.476571
0.364750,0.681059
0.365250,0.850218
0.365750,0.824208
0.366250,0.903041
0.366750,0.738205
0.367250,0.877715
0.367750,1.016916
0.368250,1.078174
0.368750,1.056984
0.369250,1.045219
0.369750,1.050775
0.370250,1.190366
0.370750,1.273893
0.371250,1.195851
0.371750,1.080312
0.372250,1.092279
0.372750,1.290621
0.373250,1.321397
0.373750,1.231927
0.374250,1.081687
0.374750,1.141676
0.375250,1.297405
0.375750,1.256205
0.376250,1.169333
0.376750,0.984733
0.377250,1.088634
0.377750,1.180544
0.378250,1.189687
0.378750,1.221404
0.379250,1.088443
0.379750,1.137049
0.380250,1.142621
0.380750,1.260682
0.381250,1.236894
0.381750,1.095172
0.382250,1.189463
0.382750,1.292502
0.383250,1.381626
0.383750,1.403790
0.384250,1.390416
0.384750,1.416310
0.385250,1.521830
0.385750,1.691587
0.386250,1.782393
0.386750,1.637149
0.387250,1.653598
0.387750,1.922174
0.388250,2.024942
0.388750,1.992564
0.389250,2.006653
0.389750,2.038945
0.390250,2.127383
0.390750,2.311611
0.391250,2.355343
0.391750,2.327540
0.392250,2.245208
0.392750,2.331335
0.393250,2.521994
0.393750,2.465862
0.394250,2.402800
0.394750,2.352456
0.395250,2.406465
0.395750,2.543625
0.396250,2.508667
0.396750,2.406881
0.397250,2.261804
0.397750,2.353146
0.398250,2.429586
0.398750,2.451227
0.399250,2.300246
0.399750,2.148817
0.400250,2.144332
0.400750,2.190413
0.401250,2.320166
0.401750,2.144779
0.402250,2.058310
0.402750,2.050967
0.403250,2.027703
0.403750,2.183069
0.404250,2.094715
0.404750,1.965183
0.405250,1.909821
0.405750,1.943099
0.406250,2.105339
0.406750,2.134431
0.407250,2.025033
0.407750,1.928244
0.408250,1.984422
0.408750,2.154338
0.409250,2.191430
0.409750,2.193251
0.410250,2.068424
0.410750,2.137021
0.411250,2.175897
0.411750,2.288059
0.412250,2.308206
0.412750,2.176650
0.413250,2.193513
0.413750,2.298972
0.414250,2.457164
0.414750,2.384991
0.415250,2.353917
0.415750,2.235616
0.416250,2.323068
0.416750,2.372880
0.417250,2.359672
0.417750,2.272833
0.418250,2.139740
0.418750,2.165244
0.419250,2.236879
0.419750,2.283239
0.420250,2.095660
0.420750,2.010841
0.421250,2.001923
0.421750,1.962235
0.422250,2.067357
0.422750,1.927242
0.423250,1.718596
0.423750,1.637498
0.424250,1.644243
0.424750,1.752703
0.425250,1.681604
0.425750,1.568599
0.426250,1.422625
0.426750,1.490552
0.427250,1.524433
0.427750,1.611192
0.428250,1.499713
0.428750,1.352881
0.429250,1.291023
0.429750,1.345290
0.430250,1.459298
0.430750,1.440881
0.431250,1.419263
0.431750,1.421673
0.432250,1.404747
0.432750,1.553618
0.433250,1.576743
0.433750,1.653023
0.434250,1.577784
0.434750,1.564346
0.435250,1.665268
0.435750,1.842166
0.436250,1.835554
0.436750,1.826561
0.437250,1.675395
0.437750,1.818695
0.438250,2.029791
0.438750,2.027123
0.439250,2.032472
0.439750,1.941779
0.440250,2.038907
0.440750,2.058967
0.441250,2.191728
0.441750,2.195292
0.442250,2.070492
0.442750,2.034516
0.443250,2.046238
0.443750,2.163672
0.444250,2.124650
0.444750,2.172321
0.445250,2.019788
0.445750,1.974906
0.446250,2.032761
0.446750,2.189686
0.447250,2.148166
0.447750,1.918920
0.448250,1.956109
0.448750,1.934034
0.449250,2.043913
0.449750,1.920761
0.450250,2.012211
0.450750,1.856502
0.451250,1.899705
0.451750,1.960169
0.452250,2.055396
0.452750,2.058049
0.453250,1.990256
0.453750,1.863597
0.454250,1.949264
0.454750,2.200048
0.455250,2.169897
0.455750,2.177730
0.456250,2.094448
0.456750,2.145940
0.457250,2.304149
0.457750,2.434137
0.458250,2.404932
0.458750,2.421809
0.459250,2.375555
0.459750,2.532920
0.460250,2.656938
0.460750,2.751674
0.461250,2.780864
0.461750,2.699582
0.462250,2.818744
0.462750,2.836490
0.463250,2.995413
0.463750,2.985012
0.464250,3.027281
0.464750,2.912490
0.465250,2.984529
0.465750,3.103524
0.466250,3.159268
0.466750,3.160327
0.467250,3.026534
0.467750,3.036410
0.468250,3.104643
0.468750,3.162610
0.469250,3.176797
0.469750,3.071441
0.470250,2.882433
0.470750,2.886966
0.471250,2.934087
0.471750,3.057900
0.472250,2.975612
0.472750,2.842875
0.473250,2.688653
0.473750,2.769923
0.474250,2.769225
0.474750,2.817668
0.475250,2.675385
0.475750,2.602155
0.476250,2.608261
0.476750,2.575575
0.477250,2.655222
0.477750,2.494174
0.478250,2.515778
0.478750,2.389889
0.479250,2.443829
0.479750,2.532360
0.480250,2.518869
0.480750,2.522906
0.481250,2.471361
0.481750,2.407844
0.482250,2.483974
0.482750,2.516041
0.483250,2.612900
0.483750,2.604277
0.484250,2.585682
0.484750,2.459782
0.485250,2.503174
0.485750,2.631340
0.486250,2.614961
0.486750,2.653376
0.487250,2.598840
0.487750,2.605867
0.488250,2.590387
0.488750,2.843536
0.489250,2.772179
0.489750,2.680059
0.490250,2.572673
0.490750,2.683896
0.491250,2.595222
0.491750,2.709203
0.492250,2.650051
0.492750,2.538606
0.493250,2.370811
0.493750,2.510078
0.494250,2.536702
0.494750,2.501298
0.495250,2.412821
0.495750,2.316824
0.496250,2.192580
0.496750,2.164579
0.497250,2.228985
0.497750,2.183530
0.498250,2.097133
0.498750,1.845503
0.499250,1.822390
0.499750,1.822133
0.500250,1.940658
0.500750,1.874043
0.501250,1.777304
0.501750,1.614355
0.502250,1.591998
0.502750,1.607608
0.503250,1.624512
0.503750,1.588921
0.504250,1.491037
0.504750,1.331929
0.505250,1.481292
0.505750,1.423065
0.506250,1.568729
0.506750,1.612864
0.507250,1.569410
0.507750,1.351811
0.508250,1.391486
0.508750,1.510827
0.509250,1.697514
0.509750,1.635848
0.510250,1.575236
0.510750,1.503581
0.511250,1.624432
0.511750,1.589939
0.512250,1.852167
0.512750,1.781856
0.513250,1.760348
0.513750,1.743569
0.514250,1.867969
0.514750,2.034757
0.515250,2.002192
0.515750,1.978909
0.516250,1.903740
0.516750,1.756632
0.517250,1.902146
0.517750,2.089659
0.518250,2.133138
0.518750,2.076034
0.519250,1.957204
0.519750,1.897342
0.520250,1.889737
0.520750,2.044284
0.521250,2.131775
0.521750,2.071115
0.522250,1.935009
0.522750,1.828851
0.523250,1.895073
0.523750,1.952969
0.524250,1.919033
0.524750,1.837728
0.525250,1.751108
0.525750,1.732451
0.526250,1.799754
0.526750,1.821942
0.527250,1.864156
0.527750,1.767726
0.528250,1.610979
0.528750,1.615092
0.529250,1.596268
0.529750,1.789441
0.530250,1.808973
0.530750,1.836102
0.531250,1.666865
0.531750,1.642798
0.532250,1.660185
0.532750,1.772659
0.533250,1.841244
0.533750,1.904829
0.534250,1.893878
0.534750,1.827571
0.535250,1.953916
0.535750,1.983157
0.536250,2.077662
0.536750,2.166974
0.537250,2.063570
0.537750,2.080714
0.538250,2.152285
0.538750,2.297361
0.539250,2.428045
0.539750,2.431547
0.540250,2.301173
0.540750,2.430236
0.541250,2.439901
0.541750,2.540718
0.542250,2.659008
0.542750,2.623762
0.543250,2.559424
0.543750,2.561970
0.544250,2.626191
0.544750,2.722210
0.545250,2.743977
0.545750,2.695091
0.546250,2.628746
0.546750,2.545712
0.547250,2.667667
0.547750,2.608915
0.548250,2.788261
0.548750,2.649399
0.549250,2.542014
0.549750,2.343356
0.550250,2.407034
0.550750,2.499002
0.551250,2.634084
0.551750,2.443209
0.552250,2.281307
0.552750,2.176517
0.553250,2.175962
0.553750,2.194089
0.554250,2.233699
0.554750,2.186972
0.555250,2.138597
0.555750,1.975141
0.556250,2.023211
0.556750,1.908700
0.557250,2.060743
0.557750,1.947949
0.558250,1.929836
0.558750,1.695616
0.559250,1.827100
0.559750,1.801086
0.560250,2.000157
0.560750,1.907955
0.561250,1.842465
0.561750,1.732115
0.562250,1.721589
0.562750,1.803543
0.563250,1.922353
0.563750,1.910785
0.564250,1.928350
0.564750,1.728231
0.565250,1.769122
0.565750,1.801324
0.566250,1.938716
0.566750,2.027218
0.567250,2.028116
0.567750,1.883698
0.568250,1.848375
0.568750,1.867757
0.569250,1.890171
0.569750,2.023755
0.570250,1.887321
0.570750,1.956830
0.571250,1.814455
0.571750,1.826179
0.572250,1.861866
0.572750,1.929336
0.573250,1.768032
0.573750,1.791795
0.574250,1.610949
0.574750,1.665374
0.575250,1.694988
0.575750,1.725376
0.576250,1.594003
0.576750,1.527523
0.577250,1.343877
0.577750,1.363793
0.578250,1.259441
0.578750,1.266306
0.579250,1.275085
0.579750,1.228231
0.580250,1.034038
0.580750,0.924637
0.581250,0.919622
0.581750,0.969884
0.582250,1.017121
0.582750,0.818971
0.583250,0.789508
0.583750,0.537857
0.584250,0.552348
0.584750,0.599894
0.585250,0.681149
0.585750,0.582687
0.586250,0.573582
0.586750,0.425808
0.587250,0.403659
0.587750,0.338729
0.588250,0.666469
0.588750,0.536674
0.589250,0.484572
0.589750,0.375407
0.590250,0.292748
0.590750,0.384715
0.591250,0.555431
0.591750,0.627221
0.592250,0.528134
0.592750,0.478724
0.593250,0.427302
0.593750,0.517233
0.594250,0.597389
0.594750,0.809482
0.595250,0.769012
0.595750,0.807329
0.596250,0.570458
0.596750,0.645051
0.597250,0.751025
0.597750,0.859416
0.598250,0.844904
0.598750,0.877389
0.599250,0.758398
0.599750,0.733482
0.600250,0.826843
0.600750,0.834867
0.601250,0.970777
0.601750,0.910729
0.602250,0.948843
0.602750,0.734730
0.603250,0.802763
0.603750,0.887456
0.604250,1.006196
0.604750,0.870655
0.605250,0.867801
0.605750,0.638945
0.606250,0.577123
0.606750,0.554573
0.607250,0.722293
0.607750,0.854897
0.608250,0.732458
0.608750,0.546559
0.609250,0.542913
0.609750,0.578914
0.610250,0.573196
0.610750,0.623866
0.611250,0.458950
0.611750,0.487205
0.612250,0.396084
0.612750,0.426761
0.613250,0.340079
0.613750,0.503856
0.614250,0.458440
0.614750,0.486855
0.615250,0.445665
0.615750,0.401107
0.616250,0.436404
0.616750,0.420282
0.617250,0.640257
0.617750,0.547787
0.618250,0.579909
0.618750,0.432176
0.619250,0.485114
0.619750,0.597422
0.620250,0.769630
0.620750,0.793540
0.621250,0.874109
0.621750,0.763530
0.622250,0.764870
0.622750,0.896773
0.623250,0.865726
0.623750,1.028238
0.624250,0.966701
0.624750,1.072255
0.625250,0.988103
0.625750,1.065001
0.626250,1.053640
0.626750,1.340828
0.627250,1.273920
0.627750,1.284361
0.628250,1.264512
0.628750,1.229272
0.629250,1.247939
0.629750,1.309076
0.630250,1.427730
0.630750,1.310599
0.631250,1.339840
0.631750,1.110476
0.632250,1.161519
0.632750,1.163485
0.633250,1.366135
0.633750,1.377301
0.634250,1.227282
0.634750,1.094824
0.635250,0.971080
0.635750,1.034087
0.636250,1.027565
0.636750,1.091281
0.637250,1.041577
0.637750,0.961560
0.638250,0.721796
0.638750,0.738579
0.639250,0.717154
0.639750,0.865094
0.640250,0.796358
0.640750,0.677590
0.641250,0.649224
0.641750,0.400400
0.642250,0.396553
0.642750,0.425203
0.643250,0.655911
0.643750,0.556497
0.644250,0.479590
0.644750,0.248453
0.645250,0.262331
0.645750,0.283905
0.646250,0.362540
0.646750,0.478649
0.647250,0.295890
0.647750,0.336413
0.648250,0.156630
0.648750,0.237132
0.649250,0.206383
0.649750,0.378420
0.650250,0.404189
0.650750,0.395898
0.651250,0.289788
0.651750,0.212950
0.652250,0.300426
0.652750,0.269829
0.653250,0.504219
0.653750,0.359169
0.654250,0.421884
0.654750,0.205772
0.655250,0.251783
0.655750,0.385544
0.656250,0.446573
0.656750,0.444525
0.657250,0.364051
0.657750,0.354672
0.658250,0.188930
0.658750,0.310166
0.659250,0.174172
0.659750,0.310065
0.660250,0.325908
0.660750,0.246311
0.661250,0.151913
0.661750,-0.003983
0.662250,0.016685
0.662750,0.047498
0.663250,0.083528
0.663750,-0.072936
0.664250,-0.110763
0.664750,-0.231458
0.665250,-0.252089
0.665750,-0.338306
0.666250,-0.346791
0.666750,-0.336322
0.667250,-0.390145
0.667750,-0.475623
0.668250,-0.826654
0.668750,-0.741306
0.669250,-0.718226
0.669750,-0.689885
0.670250,-0.734391
0.670750,-0.809128
0.671250,-0.927290
0.671750,-1.111400
0.672250,-1.054581
0.672750,-1.070161
0.673250,-0.988701
0.673750,-1.069228
0.674250,-1.088098
0.674750,-1.247666
0.675250,-1.349133
0.675750,-1.329307
0.676250,-1.294894
0.676750,-1.097363
0.677250,-1.253721
0.677750,-1.181451
0.678250,-1.352347
0.678750,-1.290325
0.679250,-1.196075
0.679750,-1.150245
0.680250,-1.146954
0.680750,-1.208602
0.681250,-1.229560
0.681750,-1.404981
0.682250,-1.176146
0.682750,-1.118236
0.683250,-0.991908
0.683750,-0.871543
0.684250,-0.880943
0.684750,-1.089958
0.685250,-1.219359
0.685750,-0.976318
0.686250,-1.009396
0.686750,-0.871533
0.687250,-0.861405
0.687750,-0.782658
0.688250,-0.830865
0.688750,-1.078758
0.689250,-0.962449
0.689750,-0.843666
0.690250,-0.691732
0.690750,-0.708255
0.691250,-0.799945
0.691750,-0.950588
0.692250,-1.037804
0.692750,-0.945346
0.693250,-0.898231
0.693750,-0.716910
0.694250,-0.866066
0.694750,-0.877839
0.695250,-1.112162
0.695750,-1.085637
0.696250,-1.093781
0.696750,-0.968443
0.697250,-0.886500
0.697750,-1.004961
0.698250,-1.069830
0.698750,-1.278994
0.699250,-1.286275
0.699750,-1.169582
0.700250,-1.197324
0.700750,-1.161028
0.701250,-1.170548
0.701750,-1.240926
0.702250,-1.440073
0.702750,-1.376912
0.703250,-1.377041
0.703750,-1.348288
0.704250,-1.154559
0.704750,-1.291267
0.705250,-1.152075
0.705750,-1.335762
0.706250,-1.337667
0.706750,-1.452074
0.707250,-1.207543
0.707750,-1.169709
0.708250,-1.234377
0.708750,-1.207766
0.709250,-1.339516
0.709750,-1.210529
0.710250,-1.171198
0.710750,-0.986129
0.711250,-0.879181
0.711750,-0.866774
0.712250,-0.909466
0.712750,-1.075436
0.713250,-0.943460
0.713750,-0.856886
0.714250,-0.812257
0.714750,-0.748749
0.715250,-0.672958
0.715750,-0.628740
0.716250,-0.779252
0.716750,-0.676589
0.717250,-0.565528
0.717750,-0.501641
0.718250,-0.397956
0.718750,-0.328604
0.719250,-0.461165
0.719750,-0.604501
0.720250,-0.547792
0.720750,-0.517841
0.721250,-0.314462
0.721750,-0.349248
0.722250,-0.495822
0.722750,-0.418331
0.723250,-0.507158
0.723750,-0.407360
0.724250,-0.463728
0.724750,-0.427593
0.725250,-0.475960
0.725750,-0.420871
0.726250,-0.531732
0.726750,-0.710174
0.727250,-0.690352
0.727750,-0.722844
0.728250,-0.690583
0.728750,-0.688466
0.729250,-0.717155
0.729750,-0.813022
0.730250,-1.007031
0.730750,-0.930473
0.731250,-1.039365
0.731750,-0.848108
0.732250,-0.887443
0.732750,-1.056237
0.733250,-1.104172
0.733750,-1.282202
0.734250,-1.192707
0.734750,-1.265779
0.735250,-1.207907
0.735750,-1.166749
0.736250,-1.301963
0.736750,-1.343498
0.737250,-1.408802
0.737750,-1.362825
0.738250,-1.392030
0.738750,-1.338218
0.739250,-1.296460
0.739750,-1.358013
0.740250,-1.385404
0.740750,-1.550171
0.741250,-1.554148
0.741750,-1.462737
0.742250,-1.329488
0.742750,-1.184480
0.743250,-1.321024
0.743750,-1.334212
0.744250,-1.503727
0.744750,-1.454794
0.745250,-1.449857
0.745750,-1.300372
0.746250,-1.242840
0.746750,-1.250589
0.747250,-1.314030
0.747750,-1.390320
0.748250,-1.456773
0.748750,-1.362387
0.749250,-1.276695
0.749750,-1.180162
0.750250,-1.306389
0.750750,-1.253722
0.751250,-1.451306
0.751750,-1.412348
0.752250,-1.465582
0.752750,-1.411259
0.753250,-1.282311
0.753750,-1.423861
0.754250,-1.411636
0.754750,-1.552560
0.755250,-1.597647
0.755750,-1.576240
0.756250,-1.671192
0.756750,-1.561337
0.757250,-1.708724
0.757750,-1.735680
0.758250,-1.840586
0.758750,-1.985663
0.759250,-1.947572
0.759750,-2.000905
0.760250,-1.919971
0.760750,-1.962126
0.761250,-2.077887
0.761750,-2.245592
0.762250,-2.379348
0.762750,-2.316703
0.763250,-2.416864
0.763750,-2.377569
0.764250,-2.437236
0.764750,-2.449204
0.765250,-2.479579
0.765750,-2.701404
0.766250,-2.759426
0.766750,-2.735323
0.767250,-2.575379
0.767750,-2.649227
0.768250,-2.788649
0.768750,-2.758365
0.769250,-2.906119
0.769750,-2.887461
0.770250,-2.863867
0.770750,-2.876964
0.771250,-2.757943
0.771750,-2.849472
0.772250,-2.833658
0.772750,-2.892231
0.773250,-2.953084
0.773750,-2.912843
0.774250,-2.909926
0.774750,-2.683145
0.775250,-2.716387
0.775750,-2.781460
0.776250,-2.817963
0.776750,-2.797370
0.777250,-2.792510
0.777750,-2.768899
0.778250,-2.549470
0.778750,-2.524734
0.779250,-2.513214
0.779750,-2.473307
0.780250,-2.667697
0.780750,-2.554366
0.781250,-2.634128
0.781750,-2.473014
0.782250,-2.360264
0.782750,-2.389527
0.783250,-2.401709
0.783750,-2.494463
0.784250,-2.536608
0.784750,-2.423994
0.785250,-2.288064
0.785750,-2.186315
0.786250,-2.301108
0.786750,-2.362711
0.787250,-2.472060
0.787750,-2.491708
0.788250,-2.287966
0.788750,-2.482500
0.789250,-2.253077
0.789750,-2.298525
0.790250,-2.355898
0.790750,-2.458707
0.791250,-2.594922
0.791750,-2.578062
0.792250,-2.531170
0.792750,-2.442174
0.793250,-2.399449
0.793750,-2.455607
0.794250,-2.484975
0.794750,-2.746103
0.795250,-2.702213
0.795750,-2.739421
0.796250,-2.683781
0.796750,-2.537371
0.797250,-2.585137
0.797750,-2.642686
0.798250,-2.735309
0.798750,-2.806527
0.799250,-2.783730
0.799750,-2.803170
0.800250,-2.715966
0.800750,-2.650427
0.801250,-2.727335
0.801750,-2.702526
0.802250,-2.705792
0.802750,-2.736915
0.803250,-2.761556
0.803750,-2.605407
0.804250,-2.556796
0.804750,-2.610532
0.805250,-2.491629
0.805750,-2.651406
0.806250,-2.617481
0.806750,-2.483060
0.807250,-2.416870
0.807750,-2.246743
0.808250,-2.362311
0.808750,-2.308100
0.809250,-2.359810
0.809750,-2.361573
0.810250,-2.171883
0.810750,-2.228270
0.811250,-1.945943
0.811750,-1.979458
0.812250,-2.032223
0.812750,-1.916851
0.813250,-2.069484
0.813750,-2.019295
0.814250,-1.888879
0.814750,-1.864028
0.815250,-1.618739
0.815750,-1.690125
0.816250,-1.634853
0.816750,-1.757977
0.817250,-1.721501
0.817750,-1.748653
0.818250,-1.794707
0.818750,-1.585084
0.819250,-1.576052
0.819750,-1.585088
0.820250,-1.617778
0.820750,-1.782268
0.821250,-1.736211
0.821750,-1.684467
0.822250,-1.617892
0.822750,-1.491929
0.823250,-1.672486
0.823750,-1.706950
0.824250,-1.825845
0.824750,-1.903692
0.825250,-1.927258
0.825750,-1.953273
0.826250,-1.813015
0.826750,-1.813259
0.827250,-1.833727
0.827750,-1.962406
0.828250,-2.178601
0.828750,-2.051432
0.829250,-2.119969
0.829750,-2.100574
0.830250,-2.037763
0.830750,-2.165228
0.831250,-2.116031
0.831750,-2.316438
0.832250,-2.438787
0.832750,-2.357650
0.833250,-2.361243
0.833750,-2.225216
0.834250,-2.372244
0.834750,-2.366864
0.835250,-2.404141
0.835750,-2.544741
0.836250,-2.522636
0.836750,-2.493899
0.837250,-2.464579
0.837750,-2.439451
0.838250,-2.349114
0.838750,-2.422980
0.839250,-2.521305
0.839750,-2.584456
0.840250,-2.547686
0.840750,-2.497041
0.841250,-2.419266
0.841750,-2.310026
0.842250,-2.317709
0.842750,-2.328638
0.843250,-2.555682
0.843750,-2.481407
0.844250,-2.348469
0.844750,-2.376197
0.845250,-2.167458
0.845750,-2.261631
0.846250,-2.223296
0.846750,-2.306962
0.847250,-2.384012
0.847750,-2.444351
0.848250,-2.438204
0.848750,-2.227042
0.849250,-2.160940
0.849750,-2.223620
0.850250,-2.117031
0.850750,-2.470491
0.851250,-2.349851
0.851750,-2.453540
0.852250,-2.381181
0.852750,-2.103297
0.853250,-2.232625
0.853750,-2.362374
0.854250,-2.474306
0.854750,-2.554876
0.855250,-2.508536
0.855750,-2.523175
0.856250,-2.449352
0.856750,-2.439753
0.857250,-2.605565
0.857750,-2.678958
0.858250,-2.841406
0.858750,-2.859676
0.859250,-2.773171
0.859750,-2.707505
0.860250,-2.707753
0.860750,-2.907135
0.861250,-3.006182
0.861750,-2.984438
0.862250,-3.253162
0.862750,-3.088374
0.863250,-3.268567
0.863750,-3.300436
0.864250,-3.178919
0.864750,-3.256971
0.865250,-3.245252
0.865750,-3.449776
0.866250,-3.549517
0.866750,-3.510506
0.867250,-3.581548
0.867750,-3.529831
0.868250,-3.403828
0.868750,-3.431041
0.869250,-3.465918
0.869750,-3.697073
0.870250,-3.704739
0.870750,-3.718605
0.871250,-3.697611
0.871750,-3.446673
0.872250,-3.559135
0.872750,-3.552897
0.873250,-3.523674
0.873750,-3.739929
0.874250,-3.773009
0.874750,-3.695507
0.875250,-3.567543
0.875750,-3.347129
0.876250,-3.347565
0.876750,-3.392850
0.877250,-3.473685
0.877750,-3.537084
0.878250,-3.452062
0.878750,-3.445920
0.879250,-3.239623
0.879750,-3.221933
0.880250,-3.233490
0.880750,-3.192684
0.881250,-3.304514
0.881750,-3.278202
0.882250,-3.151936
0.882750,-3.176238
0.883250,-2.885306
0.883750,-2.956713
0.884250,-3.059444
0.884750,-3.042084
0.885250,-3.170898
0.885750,-3.027482
0.886250,-2.898979
0.886750,-2.832189
0.887250,-2.709197
0.887750,-2.827106
0.888250,-2.922870
0.888750,-2.906980
0.889250,-2.999301
0.889750,-2.934520
0.890250,-2.993791
0.890750,-2.954799
0.891250,-2.731598
0.891750,-2.847982
0.892250,-2.846921
0.892750,-3.008304
0.893250,-3.139414
0.893750,-3.060782
0.894250,-2.987311
0.894750,-2.816567
0.895250,-2.851461
0.895750,-2.939553
0.896250,-2.936467
0.896750,-3.133734
0.897250,-3.264677
0.897750,-3.114279
0.898250,-3.177671
0.898750,-2.977256
0.899250,-2.882046
0.899750,-3.008946
0.900250,-3.101369
0.900750,-3.288618
0.901250,-3.272883
0.901750,-3.182782
0.902250,-3.225262
0.902750,-2.903405
0.903250,-2.980474
0.903750,-3.127002
0.904250,-3.081242
0.904750,-3.210211
0.905250,-3.059658
0.905750,-3.071026
0.906250,-3.034035
0.906750,-2.844602
0.907250,-2.814626
0.907750,-2.871650
0.908250,-2.836075
0.908750,-2.927138
0.909250,-2.947359
0.909750,-2.877631
0.910250,-2.840495
0.910750,-2.537362
0.911250,-2.483834
0.911750,-2.506774
0.912250,-2.491605
0.912750,-2.678284
0.913250,-2.453186
0.913750,-2.384517
0.914250,-2.306852
0.914750,-2.147445
0.915250,-2.220150
0.915750,-2.162563
0.916250,-2.229763
0.916750,-2.242391
0.917250,-1.984490
0.917750,-2.009597
0.918250,-1.971064
0.918750,-1.789477
0.919250,-1.862933
0.919750,-1.920219
0.920250,-2.030482
0.920750,-1.981647
0.921250,-1.817626
0.921750,-1.689664
0.922250,-1.527964
0.922750,-1.492493
0.923250,-1.706204
0.923750,-1.715140
0.924250,-1.894327
0.924750,-1.937166
0.925250,-1.785719
0.925750,-1.762854
0.926250,-1.585989
0.926750,-1.627823
0.927250,-1.756486
0.927750,-1.716649
0.928250,-1.924574
0.928750,-1.919009
0.929250,-1.844653
0.929750,-1.996457
0.930250,-1.797465
0.930750,-1.776764
0.931250,-1.878378
0.931750,-1.773663
0.932250,-2.055891
0.932750,-2.115374
0.933250,-2.180929
0.933750,-2.246405
0.934250,-1.929245
0.934750,-2.005197
0.935250,-2.183308
0.935750,-2.157927
0.936250,-2.340994
0.936750,-2.312227
0.937250,-2.275012
0.937750,-2.348781
0.938250,-2.130111
0.938750,-2.209641
0.939250,-2.304616
0.939750,-2.329271
0.940250,-2.447822
0.940750,-2.450103
0.941250,-2.282940
0.941750,-2.449002
0.942250,-2.323044
0.942750,-2.208085
0.943250,-2.304702
0.943750,-2.262791
0.944250,-2.427491
0.944750,-2.452518
0.945250,-2.322387
0.945750,-2.367584
0.946250,-2.257336
0.946750,-2.209301
0.947250,-2.185388
0.947750,-2.079353
0.948250,-2.314886
0.948750,-2.274254
0.949250,-2.140455
0.949750,-2.079310
0.950250,-2.081461
0.950750,-2.080548
0.951250,-2.116781
0.951750,-1.985784
0.952250,-2.154978
0.952750,-2.158238
0.953250,-2.068198
0.953750,-2.088750
0.954250,-1.875217
0.954750,-1.917722
0.955250,-1.994913
0.955750,-1.925281
0.956250,-2.098119
0.956750,-2.064939
0.957250,-2.015987
0.957750,-2.036969
0.958250,-1.790449
0.958750,-1.982114
0.959250,-2.024588
0.959750,-2.008932
0.960250,-2.213266
0.960750,-2.240778
0.961250,-2.126561
0.961750,-2.222951
0.962250,-2.097598
0.962750,-2.092585
0.963250,-2.239499
0.963750,-2.266509
0.964250,-2.383480
0.964750,-2.435047
0.965250,-2.338319
0.965750,-2.418539
0.966250,-2.401493
0.966750,-2.429596
0.967250,-2.621509
0.967750,-2.562226
0.968250,-2.732486
0.968750,-2.825628
0.969250,-2.707224
0.969750,-2.766749
0.970250,-2.705622
0.970750,-2.709273
0.971250,-2.884974
0.971750,-2.889693
0.972250,-2.999181
0.972750,-3.154586
0.973250,-3.065167
0.973750,-3.101003
0.974250,-2.965707
0.974750,-2.865669
0.975250,-2.989056
0.975750,-3.052474
0.976250,-3.097807
0.976750,-3.316316
0.977250,-3.092435
0.977750,-3.130975
0.978250,-3.061230
0.978750,-2.973538
0.979250,-3.061088
0.979750,-3.030858
0.980250,-3.169437
0.980750,-3.249425
0.981250,-3.103564
0.981750,-3.023003
0.982250,-2.969522
0.982750,-2.694930
0.983250,-2.853873
0.983750,-2.948221
0.984250,-2.914415
0.984750,-3.014166
0.985250,-2.812081
0.985750,-2.785461
0.986250,-2.676416
0.986750,-2.493968
0.987250,-2.564939
0.987750,-2.595782
0.988250,-2.547468
0.988750,-2.715155
0.989250,-2.709540
0.989750,-2.453036
0.990250,-2.419252
0.990750,-2.264647
0.991250,-2.252130
0.991750,-2.339088
0.992250,-2.355927
0.992750,-2.429196
0.993250,-2.342450
0.993750,-2.259376
0.994250,-2.339626
0.994750,-2.070119
0.995250,-1.995622
0.995750,-2.058385
0.996250,-2.138292
0.996750,-2.288296
0.997250,-2.253688
0.997750,-2.158823
0.998250,-2.275958
0.998750,-2.038480
0.999250,-1.909983
0.999750,-2.055653
