0.000250,0.102051
0.000750,0.064836
0.001250,0.063342
0.001750,-0.089667
0.002250,-0.113689
0.002750,0.048556
0.003250,0.107465
0.003750,0.086746
0.004250,0.309442
0.004750,0.588863
0.005250,0.727698
0.005750,0.700489
0.006250,0.609726
0.006750,0.663928
0.007250,0.766494
0.007750,0.803010
0.008250,0.826467
0.008750,0.683001
0.009250,0.462717
0.009750,0.434407
0.010250,0.441038
0.010750,0.664514
0.011250,0.884357
0.011750,0.878543
0.012250,0.894921
0.012750,0.838811
0.013250,0.902733
0.013750,1.025466
0.014250,1.035866
0.014750,1.329968
0.015250,1.509535
0.015750,1.716939
0.016250,1.672969
0.016750,1.785432
0.017250,1.932770
0.017750,1.662554
0.018250,1.513990
0.018750,1.604926
0.019250,1.638066
0.019750,1.705132
0.020250,1.583113
0.020750,1.678912
0.021250,1.698218
0.021750,1.601673
0.022250,1.381340
0.022750,1.374263
0.023250,1.260157
0.023750,1.314429
0.024250,1.105291
0.024750,1.276562
0.025250,1.261115
0.025750,1.223281
0.026250,1.473355
0.026750,1.563433
0.027250,1.520228
0.027750,1.625576
0.028250,1.564397
0.028750,1.514102
0.029250,1.598468
0.029750,1.524088
0.030250,1.536125
0.030750,1.759198
0.031250,1.850309
0.031750,1.820401
0.032250,2.057487
0.032750,2.141764
0.033250,2.134392
0.033750,2.111608
0.034250,2.202800
0.034750,2.169383
0.035250,1.887399
0.035750,2.009150
0.036250,1.908810
0.036750,1.730291
0.037250,1.957950
0.037750,1.934048
0.038250,1.698843
0.038750,2.062377
0.039250,1.720197
0.039750,1.737094
0.040250,1.678402
0.040750,1.900030
0.041250,1.475966
0.041750,1.450786
0.042250,1.352037
0.042750,1.146882
0.043250,1.200500
0.043750,0.828245
0.044250,0.855462
0.044750,0.820665
0.045250,0.939790
0.045750,1.087959
0.046250,0.934139
0.046750,1.021066
0.047250,1.071301
0.047750,1.050850
0.048250,1.247267
0.048750,1.028849
0.049250,1.254109
0.049750,1.021966
0.050250,1.120749
0.050750,1.051434
0.051250,1.103823
0.051750,1.149650
0.052250,0.957168
0.052750,1.212012
0.053250,1.154089
0.053750,1.523961
0.054250,1.096261
0.054750,1.340727
0.055250,1.345957
0.055750,1.685556
0.056250,1.923196
0.056750,1.874469
0.057250,1.715617
0.057750,1.870858
0.058250,1.798650
0.058750,1.762120
0.059250,1.522221
0.059750,1.842901
0.060250,1.440253
0.060750,1.498266
0.061250,1.474001
0.061750,1.250548
0.062250,1.136305
0.062750,1.285800
0.063250,1.186251
0.063750,1.540273
0.064250,1.520660
0.064750,1.593657
0.065250,1.288620
0.065750,0.910698
0.066250,1.258756
0.066750,1.099480
0.067250,1.085001
0.067750,0.761830
0.068250,0.979973
0.068750,0.769863
0.069250,0.574091
0.069750,0.320221
0.070250,0.137644
0.070750,0.530825
0.071250,0.474085
0.071750,0.420831
0.072250,0.285207
0.072750,0.158710
0.073250,0.408735
0.073750,0.795213
0.074250,0.546701
0.074750,0.875625
0.075250,0.679314
0.075750,0.867318
0.076250,0.636462
0.076750,0.418249
0.077250,0.252268
0.077750,0.522905
0.078250,0.566707
0.078750,0.689913
0.079250,0.579538
0.079750,0.492906
0.080250,0.340578
0.080750,0.423423
0.081250,0.651850
0.081750,0.869624
0.082250,0.576120
0.082750,0.674557
0.083250,1.053009
0.083750,1.149127
0.084250,0.784608
0.084750,1.427848
0.085250,1.304186
0.085750,0.810945
0.086250,1.310892
0.086750,0.999006
0.087250,1.068272
0.087750,1.191517
0.088250,1.205377
0.088750,1.020148
0.089250,1.050255
0.089750,1.033180
0.090250,1.143858
0.090750,0.411487
0.091250,0.678022
0.091750,0.280296
0.092250,0.496440
0.092750,0.647124
0.093250,0.367081
0.093750,0.224682
0.094250,0.460622
0.094750,0.247856
0.095250,0.545250
0.095750,0.539112
0.096250,0.877342
0.096750,0.690752
0.097250,0.616631
0.097750,0.299640
0.098250,0.310488
0.098750,0.393511
0.099250,0.284211
0.099750,0.014827
0.100250,0.043768
0.100750,-0.426499
0.101250,-0.356262
0.101750,-0.179077
0.102250,-0.681930
0.102750,-0.527287
0.103250,-0.700990
0.103750,-0.781843
0.104250,-0.762731
0.104750,-0.641765
0.105250,-0.531266
0.105750,-0.318553
0.106250,-0.824271
0.106750,-0.875762
0.107250,-0.713216
0.107750,-0.505174
0.108250,-0.428293
0.108750,-0.550141
0.109250,-0.746182
0.109750,-0.599027
0.110250,-0.768534
0.110750,-0.262106
0.111250,-0.505771
0.111750,-0.534732
0.112250,-0.661755
0.112750,-0.569873
0.113250,-1.186344
0.113750,-0.506768
0.114250,-1.016279
0.114750,-0.999125
0.115250,-0.812912
0.115750,-1.030433
0.116250,-0.923752
0.116750,-0.661278
0.117250,-0.717835
0.117750,-0.591303
0.118250,-0.382879
0.118750,-0.422611
0.119250,-0.190996
0.119750,-0.147958
0.120250,-0.147872
0.120750,0.115312
0.121250,-0.535846
0.121750,-0.051655
0.122250,-0.368120
0.122750,-0.252431
0.123250,-0.313824
0.123750,-0.281254
0.124250,-0.691065
0.124750,-0.100984
0.125250,-0.283989
0.125750,-0.501738
0.126250,-0.537115
0.126750,-0.447721
0.127250,-0.733370
0.127750,-0.806323
0.128250,-0.703895
0.128750,-0.873297
0.129250,-0.607506
0.129750,-0.703526
0.130250,-1.154738
0.130750,-1.199919
0.131250,-1.260695
0.131750,-0.904107
0.132250,-0.904604
0.132750,-0.836502
0.133250,-1.124396
0.133750,-0.706051
0.134250,-0.878145
0.134750,-1.693691
0.135250,-0.595717
0.135750,-1.134764
0.136250,-1.416696
0.136750,-1.332588
0.137250,-1.998296
0.137750,-1.395255
0.138250,-1.515407
0.138750,-1.441499
0.139250,-1.942131
0.139750,-1.691722
0.140250,-2.145238
0.140750,-1.824665
0.141250,-2.175897
0.141750,-2.211063
0.142250,-2.547635
0.142750,-2.109612
0.143250,-2.270770
0.143750,-2.600832
0.144250,-2.268821
0.144750,-2.444657
0.145250,-2.739199
0.145750,-2.537856
0.146250,-2.595191
0.146750,-2.345218
0.147250,-1.865089
0.147750,-1.691659
0.148250,-2.208439
0.148750,-1.923397
0.149250,-1.661514
0.149750,-2.128300
0.150250,-2.568617
0.150750,-1.831424
0.151250,-2.081666
0.151750,-2.094763
0.152250,-2.118226
0.152750,-1.566760
0.153250,-2.355082
0.153750,-2.437212
0.154250,-2.470353
0.154750,-2.698373
0.155250,-2.751620
0.155750,-2.490315
0.156250,-2.363148
0.156750,-1.946060
0.157250,-2.105018
0.157750,-2.163891
0.158250,-1.738062
0.158750,-2.089306
0.159250,-1.760072
0.159750,-2.078260
0.160250,-1.456182
0.160750,-1.810382
0.161250,-1.480781
0.161750,-1.936980
0.162250,-1.353490
0.162750,-1.222507
0.163250,-1.298207
0.163750,-1.200772
0.164250,-1.604677
0.164750,-1.970801
0.165250,-1.661952
0.165750,-1.331721
0.166250,-1.268075
0.166750,-1.050010
0.167250,-0.873141
0.167750,-1.146383
0.168250,-1.774283
0.168750,-1.541989
0.169250,-1.436314
0.169750,-1.947134
0.170250,-1.703860
0.170750,-1.835710
0.171250,-2.323523
0.171750,-1.856755
0.172250,-1.660145
0.172750,-1.673589
0.173250,-1.900815
0.173750,-1.922467
0.174250,-1.808592
0.174750,-2.312056
0.175250,-1.748123
0.175750,-1.621025
0.176250,-2.437191
0.176750,-1.985097
0.177250,-1.704345
0.177750,-1.656451
0.178250,-2.186410
0.178750,-2.146638
0.179250,-1.769747
0.179750,-1.460223
0.180250,-1.866187
0.180750,-1.973437
0.181250,-1.522926
0.181750,-2.004723
0.182250,-2.051151
0.182750,-2.167207
0.183250,-2.654003
0.183750,-2.580640
0.184250,-2.886314
0.184750,-2.664975
0.185250,-2.334894
0.185750,-2.860879
0.186250,-2.906265
0.186750,-2.717241
0.187250,-2.793653
0.187750,-3.238489
0.188250,-2.265348
0.188750,-3.090951
0.189250,-2.491258
0.189750,-2.403833
0.190250,-2.714158
0.190750,-2.909033
0.191250,-2.783210
0.191750,-2.570449
0.192250,-3.211561
0.192750,-2.636763
0.193250,-2.707345
0.193750,-2.578699
0.194250,-2.447568
0.194750,-2.458149
0.195250,-2.078923
0.195750,-2.495481
0.196250,-2.677612
0.196750,-2.141719
0.197250,-2.624788
0.197750,-2.219154
0.198250,-2.805116
0.198750,-2.526354
0.199250,-2.284363
0.199750,-1.880968
0.200250,-2.005727
0.200750,-1.928895
0.201250,-2.146677
0.201750,-2.361544
0.202250,-2.374400
0.202750,-2.299732
0.203250,-2.136357
0.203750,-2.328711
0.204250,-2.113747
0.204750,-1.950391
0.205250,-2.093083
0.205750,-1.188304
0.206250,-1.643347
0.206750,-1.682936
0.207250,-1.884112
0.207750,-1.756864
0.208250,-1.401057
0.208750,-1.163034
0.209250,-0.957847
0.209750,-0.920285
0.210250,-0.328122
0.210750,-0.944006
0.211250,-1.023866
0.211750,-0.343655
0.212250,-0.730869
0.212750,-0.864719
0.213250,-1.234783
0.213750,-0.656649
0.214250,-0.784373
0.214750,-0.985455
0.215250,-0.410342
0.215750,-1.017299
0.216250,-0.519401
0.216750,-1.321979
0.217250,-1.684372
0.217750,-0.636684
0.218250,-1.556895
0.218750,-1.091202
0.219250,-1.267782
0.219750,-0.917435
0.220250,-1.007192
0.220750,-1.256340
0.221250,-1.138632
0.221750,-0.977665
0.222250,-0.705843
0.222750,-1.231843
0.223250,-1.355148
0.223750,-1.015167
0.224250,-1.645001
0.224750,-1.521156
0.225250,-1.325973
0.225750,-1.531414
0.226250,-1.278808
0.226750,-0.973108
0.227250,-0.327503
0.227750,-0.980698
0.228250,-0.929408
0.228750,-1.244039
0.229250,-1.041489
0.229750,-0.813571
0.230250,-1.312072
0.230750,-1.440334
0.231250,-0.951435
0.231750,-1.230345
0.232250,-1.004444
0.232750,-1.683963
0.233250,-1.243124
0.233750,-1.066277
0.234250,-2.016124
0.234750,-2.167620
0.235250,-1.350849
0.235750,-2.025187
0.236250,-2.043615
0.236750,-2.242888
0.237250,-1.605942
0.237750,-2.112299
0.238250,-2.420016
0.238750,-1.782756
0.239250,-2.296576
0.239750,-2.184529
0.240250,-1.665555
0.240750,-2.145977
0.241250,-2.143587
0.241750,-1.520182
0.242250,-1.859369
0.242750,-2.498981
0.243250,-2.264095
0.243750,-1.596733
0.244250,-1.958896
0.244750,-1.761764
0.245250,-1.597398
0.245750,-1.138455
0.246250,-1.285371
0.246750,-1.340400
0.247250,-1.285630
0.247750,-1.449538
0.248250,-1.363353
0.248750,-1.594313
0.249250,-1.828781
0.249750,-1.366880
0.250250,-1.422264
0.250750,-1.626168
0.251250,-1.275185
0.251750,-1.627353
0.252250,-1.349456
0.252750,-1.101140
0.253250,-1.302473
0.253750,-1.696523
0.254250,-0.656601
0.254750,-1.594983
0.255250,-1.497190
0.255750,-1.262056
0.256250,-1.525472
0.256750,-1.303616
0.257250,-1.258035
0.257750,-0.668981
0.258250,-0.910958
0.258750,-1.380181
0.259250,-0.953773
0.259750,-1.110864
0.260250,-0.428763
0.260750,-0.644512
0.261250,-0.479370
0.261750,-0.037036
0.262250,0.145442
0.262750,-0.165465
0.263250,-0.507964
0.263750,-0.767854
0.264250,0.126519
0.264750,-0.486670
0.265250,-0.158455
0.265750,-0.362606
0.266250,0.407569
0.266750,0.795712
0.267250,0.449007
0.267750,-0.013499
0.268250,-0.021513
0.268750,0.250899
0.269250,0.024373
0.269750,-0.121474
0.270250,0.565420
0.270750,0.239284
0.271250,-0.709792
0.271750,-0.393534
0.272250,-0.293625
0.272750,-0.392902
0.273250,-0.280003
0.273750,-0.554882
0.274250,-0.070389
0.274750,0.093244
0.275250,-0.443655
0.275750,-0.460241
0.276250,-0.183470
0.276750,-0.617742
0.277250,-0.755559
0.277750,0.195126
0.278250,-1.010582
0.278750,-0.008793
0.279250,0.028563
0.279750,-0.423996
0.280250,-0.469355
0.280750,-0.530165
0.281250,0.338107
0.281750,-0.127983
0.282250,-0.097746
0.282750,0.439826
0.283250,0.236515
0.283750,0.598008
0.284250,0.224334
0.284750,-0.625315
0.285250,-0.278680
0.285750,0.136649
0.286250,-0.047285
0.286750,-0.270813
0.287250,-0.465522
0.287750,-0.157919
0.288250,-0.286069
0.288750,-0.735998
0.289250,-0.979439
0.289750,-0.423139
0.290250,-0.611625
0.290750,-0.329095
0.291250,-0.567969
0.291750,-0.675801
0.292250,-0.677181
0.292750,-0.729405
0.293250,-0.719880
0.293750,-1.199663
0.294250,-1.511072
0.294750,-1.332109
0.295250,-0.614164
0.295750,-0.601797
0.296250,-1.027122
0.296750,-0.856105
0.297250,-1.222877
0.297750,-0.891316
0.298250,-1.113606
0.298750,-1.026367
0.299250,-0.693856
0.299750,-0.192110
0.300250,-1.370266
0.300750,-1.492758
0.301250,-0.648154
0.301750,-0.487560
0.302250,-0.950437
0.302750,-0.466920
0.303250,-0.606008
0.303750,-0.008039
0.304250,-0.347959
0.304750,-0.795459
0.305250,-0.540213
0.305750,-0.219760
0.306250,-0.208263
0.306750,-0.307008
0.307250,-0.128554
0.307750,0.064498
0.308250,-0.151512
0.308750,0.459154
0.309250,-0.148593
0.309750,0.059845
0.310250,-0.442181
0.310750,-0.366733
0.311250,-0.168591
0.311750,-0.593198
0.312250,-0.104779
0.312750,0.031840
0.313250,0.122035
0.313750,-0.286886
0.314250,-0.020228
0.314750,-0.306880
0.315250,0.387314
0.315750,0.118459
0.316250,-0.062578
0.316750,0.418697
0.317250,0.535459
0.317750,0.223196
0.318250,0.057235
0.318750,0.201091
0.319250,0.403464
0.319750,0.335113
0.320250,0.605150
0.320750,0.265298
0.321250,1.155648
0.321750,0.935226
0.322250,1.434369
0.322750,1.446251
0.323250,1.259516
0.323750,1.746105
0.324250,1.718856
0.324750,1.830650
0.325250,1.505841
0.325750,1.688556
0.326250,1.112566
0.326750,1.261603
0.327250,1.900469
0.327750,1.474698
0.328250,1.575304
0.328750,1.728570
0.329250,1.654569
0.329750,1.943290
0.330250,1.510511
0.330750,1.578272
0.331250,1.476421
0.331750,1.471041
0.332250,1.263935
0.332750,1.233708
0.333250,2.405077
0.333750,2.225654
0.334250,1.298079
0.334750,2.155844
0.335250,1.827937
0.335750,1.355355
0.336250,1.356209
0.336750,1.872076
0.337250,1.406735
0.337750,1.554902
0.338250,1.735769
0.338750,1.689447
0.339250,1.625253
0.339750,1.361370
0.340250,1.212156
0.340750,1.344380
0.341250,1.519862
0.341750,1.760184
0.342250,0.869309
0.342750,1.643838
0.343250,1.175255
0.343750,1.505501
0.344250,1.163606
0.344750,1.312689
0.345250,1.690896
0.345750,1.885397
0.346250,2.057838
0.346750,2.012868
0.347250,2.266196
0.347750,2.266945
0.348250,2.057109
0.348750,1.789753
0.349250,1.344120
0.349750,1.139226
0.350250,1.744558
0.350750,1.683972
0.351250,1.428952
0.351750,2.030338
0.352250,1.159543
0.352750,2.155237
0.353250,1.416509
0.353750,0.914418
0.354250,1.587371
0.354750,1.166366
0.355250,1.400722
0.355750,1.475180
0.356250,1.647145
0.356750,1.115758
0.357250,1.357605
0.357750,1.413974
0.358250,1.118963
0.358750,0.980747
0.359250,1.154416
0.359750,0.343006
0.360250,1.185124
0.360750,0.791038
0.361250,1.000344
0.361750,0.885810
0.362250,1.279117
0.362750,1.014981
0.363250,1.396985
0.363750,1.193354
0.364250,0.639500
0.364750,1.524183
0.365250,1.148524
0.365750,1.359476
0.366250,1.651704
0.366750,0.924197
0.367250,1.309051
0.367750,1.635875
0.368250,2.393359
0.368750,1.470720
0.369250,2.328248
0.369750,2.274960
0.370250,3.112237
0.370750,2.958262
0.371250,2.123598
0.371750,1.999566
0.372250,2.027329
0.372750,2.133900
0.373250,2.197953
0.373750,2.011499
0.374250,2.370323
0.374750,1.952912
0.375250,1.742323
0.375750,2.115734
0.376250,2.635365
0.376750,1.520381
0.377250,2.406969
0.377750,1.993821
0.378250,2.212285
0.378750,2.696386
0.379250,2.399150
0.379750,2.616660
0.380250,2.030554
0.380750,2.232562
0.381250,1.906986
0.381750,2.122710
0.382250,2.335477
0.382750,2.709599
0.383250,2.862581
0.383750,3.290003
0.384250,2.557526
0.384750,2.887744
0.385250,2.902664
0.385750,3.581240
0.386250,3.188059
0.386750,2.719087
0.387250,2.974557
0.387750,3.887458
0.388250,3.952665
0.388750,3.077095
0.389250,3.427845
0.389750,3.250643
0.390250,4.120521
0.390750,3.968808
0.391250,3.638671
0.391750,3.796385
0.392250,4.109656
0.392750,3.091314
0.393250,5.033559
0.393750,4.346219
0.394250,4.074637
0.394750,4.296829
0.395250,4.046579
0.395750,4.722504
0.396250,3.899098
0.396750,4.261013
0.397250,3.557628
0.397750,3.508543
0.398250,3.458002
0.398750,4.332754
0.399250,4.443047
0.399750,4.121838
0.400250,3.680831
0.400750,4.526243
0.401250,5.037329
0.401750,3.900209
0.402250,4.428935
0.402750,4.279665
0.403250,4.463842
0.403750,3.764941
0.404250,3.620483
0.404750,3.522714
0.405250,3.442506
0.405750,2.957740
0.406250,4.406929
0.406750,4.387710
0.407250,4.444171
0.407750,3.759127
0.408250,3.844409
0.408750,3.110206
0.409250,4.136604
0.409750,4.245702
0.410250,3.528707
0.410750,3.358569
0.411250,3.668084
0.411750,3.452509
0.412250,3.511724
0.412750,3.925395
0.413250,3.426825
0.413750,4.177396
0.414250,4.621984
0.414750,4.329300
0.415250,4.000273
0.415750,4.032400
0.416250,4.204256
0.416750,4.732629
0.417250,4.013635
0.417750,3.552013
0.418250,3.786538
0.418750,3.285048
0.419250,3.854332
0.419750,4.150355
0.420250,3.594895
0.420750,3.265881
0.421250,3.745461
0.421750,3.097431
0.422250,3.628479
0.422750,3.764341
0.423250,3.173604
0.423750,2.854209
0.424250,3.542921
0.424750,3.398624
0.425250,3.259348
0.425750,3.054214
0.426250,1.831863
0.426750,3.301687
0.427250,2.647024
0.427750,2.628522
0.428250,2.606279
0.428750,2.573773
0.429250,2.320739
0.429750,1.621665
0.430250,3.092589
0.430750,3.038599
0.431250,3.265730
0.431750,2.981593
0.432250,2.709424
0.432750,3.681751
0.433250,2.819985
0.433750,3.556250
0.434250,2.733358
0.434750,2.420361
0.435250,2.611814
0.435750,3.208129
0.436250,2.636164
0.436750,2.734011
0.437250,3.518232
0.437750,3.014670
0.438250,3.970194
0.438750,3.350820
0.439250,3.827770
0.439750,3.583893
0.440250,3.438251
0.440750,2.970782
0.441250,3.989465
0.441750,3.877874
0.442250,3.560082
0.442750,3.136480
0.443250,3.118556
0.443750,3.592876
0.444250,3.668470
0.444750,3.599728
0.445250,3.157445
0.445750,3.406854
0.446250,3.214866
0.446750,2.935132
0.447250,3.974605
0.447750,3.509676
0.448250,2.919859
0.448750,3.345126
0.449250,3.843560
0.449750,3.440762
0.450250,4.019009
0.450750,2.704560
0.451250,3.211986
0.451750,3.706833
0.452250,3.438665
0.452750,3.493885
0.453250,3.399691
0.453750,3.107505
0.454250,2.651977
0.454750,3.897445
0.455250,3.752163
0.455750,3.569941
0.456250,3.766044
0.456750,3.613463
0.457250,3.568188
0.457750,3.513727
0.458250,4.159460
0.458750,3.934858
0.459250,4.230751
0.459750,4.244712
0.460250,3.972631
0.460750,4.967075
0.461250,4.303801
0.461750,3.690714
0.462250,4.103326
0.462750,4.079195
0.463250,4.178113
0.463750,4.622605
0.464250,4.646122
0.464750,4.710347
0.465250,4.513830
0.465750,5.578895
0.466250,4.674316
0.466750,4.447064
0.467250,4.619986
0.467750,4.636171
0.468250,4.888438
0.468750,3.953789
0.469250,4.793785
0.469750,3.595147
0.470250,4.058929
0.470750,4.362325
0.471250,4.950432
0.471750,4.896035
0.472250,4.066963
0.472750,4.963976
0.473250,5.081669
0.473750,4.582755
0.474250,4.966980
0.474750,4.502822
0.475250,4.405308
0.475750,4.434390
0.476250,4.695978
0.476750,4.289147
0.477250,4.334604
0.477750,3.317929
0.478250,3.686919
0.478750,4.612561
0.479250,3.529921
0.479750,3.609228
0.480250,3.370052
0.480750,3.602358
0.481250,3.693827
0.481750,4.478659
0.482250,3.686412
0.482750,3.608920
0.483250,3.772010
0.483750,3.733279
0.484250,3.899108
0.484750,3.912803
0.485250,4.064573
0.485750,3.514873
0.486250,4.393236
0.486750,4.282366
0.487250,3.465509
0.487750,3.747044
0.488250,3.382981
0.488750,4.449416
0.489250,4.069719
0.489750,4.076299
0.490250,2.732931
0.490750,3.506848
0.491250,4.084241
0.491750,3.801752
0.492250,4.484803
0.492750,3.961862
0.493250,3.317885
0.493750,3.063312
0.494250,3.944723
0.494750,2.753257
0.495250,3.236739
0.495750,3.487430
0.496250,3.656418
0.496750,3.967309
0.497250,3.594225
0.497750,3.016868
0.498250,3.514348
0.498750,2.909608
0.499250,2.134460
0.499750,3.262634
0.500250,2.664031
0.500750,2.263313
0.501250,2.545122
0.501750,2.447414
0.502250,2.705534
0.502750,2.309305
0.503250,2.711884
0.503750,2.794854
0.504250,2.491811
0.504750,2.334264
0.505250,2.931601
0.505750,2.611511
0.506250,1.253454
0.506750,2.333680
0.507250,2.473361
0.507750,2.810054
0.508250,1.774952
0.508750,2.401340
0.509250,2.791701
0.509750,2.598682
0.510250,2.235099
0.510750,2.238063
0.511250,2.508930
0.511750,1.722286
0.512250,2.691615
0.512750,2.087680
0.513250,2.058773
0.513750,2.014474
0.514250,2.230815
0.514750,3.024079
0.515250,2.372107
0.515750,3.003150
0.516250,2.850274
0.516750,2.037375
0.517250,2.802113
0.517750,3.409439
0.518250,3.506508
0.518750,3.577938
0.519250,2.272596
0.519750,2.771460
0.520250,2.614295
0.520750,2.308228
0.521250,3.105778
0.521750,2.116211
0.522250,2.812158
0.522750,2.688886
0.523250,2.902631
0.523750,3.287746
0.524250,2.442583
0.524750,2.267293
0.525250,2.634936
0.525750,2.699647
0.526250,1.745312
0.526750,2.741356
0.527250,2.634831
0.527750,2.703256
0.528250,1.391253
0.528750,2.110122
0.529250,2.127877
0.529750,2.308263
0.530250,2.915925
0.530750,2.104938
0.531250,2.684876
0.531750,2.600088
0.532250,2.673892
0.532750,2.324882
0.533250,2.390398
0.533750,2.667288
0.534250,3.475315
0.534750,3.035705
0.535250,3.204504
0.535750,3.435412
0.536250,2.348517
0.536750,2.922015
0.537250,2.957276
0.537750,2.812109
0.538250,2.913788
0.538750,3.526269
0.539250,3.597851
0.539750,3.547582
0.540250,3.564451
0.540750,3.640237
0.541250,3.772514
0.541750,4.409340
0.542250,4.616416
0.542750,3.498680
0.543250,3.889270
0.543750,3.766846
0.544250,3.342428
0.544750,4.189438
0.545250,4.214861
0.545750,3.886676
0.546250,3.289537
0.546750,3.366306
0.547250,3.910163
0.547750,3.467045
0.548250,3.749535
0.548750,3.567975
0.549250,4.068600
0.549750,3.252320
0.550250,2.540428
0.550750,3.678662
0.551250,3.279743
0.551750,3.511236
0.552250,3.014744
0.552750,2.991404
0.553250,2.638805
0.553750,3.004832
0.554250,3.433057
0.554750,3.055611
0.555250,3.356011
0.555750,3.111712
0.556250,2.967557
0.556750,2.718450
0.557250,3.379289
0.557750,2.647204
0.558250,3.271127
0.558750,3.483961
0.559250,2.937597
0.559750,2.978078
0.560250,3.413536
0.560750,2.738827
0.561250,3.315276
0.561750,3.518955
0.562250,2.802484
0.562750,2.813331
0.563250,3.141913
0.563750,2.568931
0.564250,2.371005
0.564750,2.454547
0.565250,2.923246
0.565750,1.928431
0.566250,3.067931
0.566750,3.737625
0.567250,2.820613
0.567750,3.275810
0.568250,3.132122
0.568750,3.985031
0.569250,3.854072
0.569750,2.676330
0.570250,2.757655
0.570750,2.960009
0.571250,2.432955
0.571750,2.594221
0.572250,3.078839
0.572750,2.946732
0.573250,2.444472
0.573750,3.127575
0.574250,2.094480
0.574750,1.748678
0.575250,3.386749
0.575750,2.600224
0.576250,1.123933
0.576750,1.825077
0.577250,2.122923
0.577750,1.694689
0.578250,2.115723
0.578750,2.540469
0.579250,2.107066
0.579750,1.844317
0.580250,0.974790
0.580750,1.734600
0.581250,0.928345
0.581750,2.063965
0.582250,1.174984
0.582750,1.821951
0.583250,1.735420
0.583750,0.547977
0.584250,0.678024
0.584750,1.448359
0.585250,1.546756
0.585750,1.860605
0.586250,1.294090
0.586750,0.596333
0.587250,1.391708
0.587750,1.992675
0.588250,1.441171
0.588750,1.111705
0.589250,-0.298235
0.589750,1.654046
0.590250,1.136717
0.590750,0.192382
0.591250,1.458286
0.591750,0.945793
0.592250,0.904555
0.592750,0.909258
0.593250,1.108485
0.593750,0.667836
0.594250,0.867360
0.594750,2.062017
0.595250,2.517673
0.595750,1.330103
0.596250,1.083442
0.596750,0.886131
0.597250,1.844719
0.597750,1.972960
0.598250,1.179182
0.598750,1.626945
0.599250,-0.020609
0.599750,1.389847
0.600250,1.947662
0.600750,1.204209
0.601250,2.241687
0.601750,1.139001
0.602250,2.255673
0.602750,1.135458
0.603250,1.421996
0.603750,1.624543
0.604250,1.469557
0.604750,1.236457
0.605250,0.665287
0.605750,1.448018
0.606250,0.758377
0.606750,1.588333
0.607250,1.929111
0.607750,2.199036
0.608250,0.521910
0.608750,0.651276
0.609250,1.460896
0.609750,2.145014
0.610250,1.943228
0.610750,1.081480
0.611250,1.633915
0.611750,1.810187
0.612250,1.022093
0.612750,1.395803
0.613250,1.209411
0.613750,1.463767
0.614250,1.719415
0.614750,1.573656
0.615250,2.373626
0.615750,1.096416
0.616250,1.142907
0.616750,0.198405
0.617250,1.561519
0.617750,1.519931
0.618250,1.691773
0.618750,1.106966
0.619250,0.874768
0.619750,1.416992
0.620250,1.325879
0.620750,1.022130
0.621250,1.669988
0.621750,2.327377
0.622250,2.143340
0.622750,2.427929
0.623250,1.740307
0.623750,2.478441
0.624250,2.965460
0.624750,1.403950
0.625250,2.314187
0.625750,2.382442
0.626250,2.568814
0.626750,2.982077
0.627250,2.897540
0.627750,2.041538
0.628250,2.190068
0.628750,2.771446
0.629250,2.406788
0.629750,2.849740
0.630250,2.782193
0.630750,1.868012
0.631250,2.853332
0.631750,2.283010
0.632250,1.796358
0.632750,1.988382
0.633250,3.915414
0.633750,1.587944
0.634250,1.880035
0.634750,1.935174
0.635250,2.376651
0.635750,2.084061
0.636250,3.123404
0.636750,2.549331
0.637250,2.454722
0.637750,2.124572
0.638250,1.550172
0.638750,1.661099
0.639250,1.662568
0.639750,1.896353
0.640250,2.690851
0.640750,1.441761
0.641250,1.862872
0.641750,1.359270
0.642250,0.682362
0.642750,1.359597
0.643250,1.899032
0.643750,2.270329
0.644250,1.754247
0.644750,1.279196
0.645250,1.102501
0.645750,1.653574
0.646250,2.047268
0.646750,1.956367
0.647250,1.490289
0.647750,1.505997
0.648250,1.693107
0.648750,1.784265
0.649250,0.422912
0.649750,1.088550
0.650250,0.444888
0.650750,1.102481
0.651250,0.914353
0.651750,0.578035
0.652250,1.362455
0.652750,1.861050
0.653250,1.653200
0.653750,2.001136
0.654250,2.172957
0.654750,0.938456
0.655250,1.091584
0.655750,1.640038
0.656250,1.508388
0.656750,2.099076
0.657250,1.117107
0.657750,1.406332
0.658250,0.906697
0.658750,1.254233
0.659250,0.291647
0.659750,0.209181
0.660250,0.640538
0.660750,0.061842
0.661250,0.431178
0.661750,0.973497
0.662250,1.006539
0.662750,0.406448
0.663250,1.044086
0.663750,1.182399
0.664250,-0.075197
0.664750,1.192144
0.665250,0.220904
0.665750,0.791343
0.666250,0.089039
0.666750,0.408961
0.667250,0.143732
0.667750,0.078401
0.668250,-0.837657
0.668750,-0.370854
0.669250,0.128181
0.669750,-0.495847
0.670250,-0.522670
0.670750,-1.186593
0.671250,-1.040337
0.671750,-1.160449
0.672250,-0.393360
0.672750,-0.436442
0.673250,-1.132441
0.673750,-0.560943
0.674250,-0.157313
0.674750,-0.419842
0.675250,-0.919719
0.675750,-1.867776
0.676250,-0.465266
0.676750,-1.042308
0.677250,-0.853423
0.677750,-1.020388
0.678250,-1.149589
0.678750,-0.286726
0.679250,-1.009891
0.679750,-1.351678
0.680250,-0.560239
0.680750,-0.706915
0.681250,0.191826
0.681750,-0.779079
0.682250,-1.356334
0.682750,-0.618215
0.683250,-0.395725
0.683750,0.132469
0.684250,-0.309052
0.684750,-0.419817
0.685250,-1.655993
0.685750,-0.425838
0.686250,-0.891596
0.686750,-0.280645
0.687250,-0.614361
0.687750,-0.430913
0.688250,0.133759
0.688750,0.066313
0.689250,-0.110833
0.689750,-0.662980
0.690250,-0.482668
0.690750,-0.754033
0.691250,-0.161130
0.691750,-0.228374
0.692250,-0.874222
0.692750,-1.387083
0.693250,0.024103
0.693750,-0.109722
0.694250,-0.147802
0.694750,-0.519740
0.695250,-1.086008
0.695750,-0.183510
0.696250,-0.506152
0.696750,-0.479933
0.697250,0.129792
0.697750,-0.661526
0.698250,-0.700758
0.698750,-0.784073
0.699250,-1.202921
0.699750,-0.719897
0.700250,0.226466
0.700750,-0.290913
0.701250,-0.500379
0.701750,-0.841181
0.702250,-1.178342
0.702750,-0.784588
0.703250,-2.043659
0.703750,-1.709560
0.704250,-0.694049
0.704750,0.070551
0.705250,-1.869388
0.705750,-1.880309
0.706250,-0.972784
0.706750,-1.362322
0.707250,-0.717690
0.707750,-1.707598
0.708250,-0.809438
0.708750,-0.715141
0.709250,-0.522170
0.709750,-0.482348
0.710250,-0.637909
0.710750,-1.213932
0.711250,-0.972077
0.711750,-0.656304
0.712250,-0.684413
0.712750,-1.003255
0.713250,-1.657327
0.713750,-0.207659
0.714250,-0.403959
0.714750,-1.188943
0.715250,-1.469694
0.715750,0.339575
0.716250,-0.502690
0.716750,-1.582923
0.717250,0.605612
0.717750,-0.394484
0.718250,1.261415
0.718750,0.313873
0.719250,0.210990
0.719750,-0.582977
0.720250,0.953635
0.720750,0.171515
0.721250,0.023154
0.721750,0.163192
0.722250,0.044950
0.722750,-0.809097
0.723250,-0.081903
0.723750,0.449738
0.724250,-0.737359
0.724750,-0.289222
0.725250,-0.826141
0.725750,0.482710
0.726250,-0.113706
0.726750,-0.023393
0.727250,-0.680347
0.727750,-0.648193
0.728250,0.154308
0.728750,-0.491449
0.729250,-0.067792
0.729750,0.811584
0.730250,-0.901078
0.730750,-1.189318
0.731250,-1.662937
0.731750,-0.585720
0.732250,-0.850215
0.732750,-0.345345
0.733250,-0.522377
0.733750,-1.746850
0.734250,-0.970995
0.734750,-2.069934
0.735250,-1.047645
0.735750,-0.814501
0.736250,-0.698547
0.736750,-1.216467
0.737250,-0.930344
0.737750,-0.165645
0.738250,-0.783761
0.738750,-1.309723
0.739250,-1.894487
0.739750,-1.428490
0.740250,-1.080873
0.740750,-1.152350
0.741250,-1.461604
0.741750,-0.988129
0.742250,-1.667275
0.742750,-0.284592
0.743250,-1.887507
0.743750,-1.555612
0.744250,-1.858408
0.744750,-1.640422
0.745250,-1.043793
0.745750,-1.272744
0.746250,-1.588622
0.746750,-1.576643
0.747250,-2.343622
0.747750,-1.728573
0.748250,-1.319867
0.748750,-0.603527
0.749250,-1.044787
0.749750,-1.393528
0.750250,-1.378859
0.750750,-1.609660
0.751250,-1.817994
0.751750,-1.168135
0.752250,-1.979937
0.752750,-2.695914
0.753250,-1.544429
0.753750,-0.570327
0.754250,-1.987237
0.754750,-1.606742
0.755250,-1.289977
0.755750,-2.137398
0.756250,-2.244116
0.756750,-1.737257
0.757250,-1.452873
0.757750,-2.346124
0.758250,-2.218117
0.758750,-2.660881
0.759250,-2.667287
0.759750,-2.477285
0.760250,-2.523930
0.760750,-2.348604
0.761250,-2.314306
0.761750,-2.502647
0.762250,-2.207032
0.762750,-2.913325
0.763250,-3.304310
0.763750,-2.460625
0.764250,-3.426416
0.764750,-2.857874
0.765250,-3.480531
0.765750,-3.916248
0.766250,-3.749577
0.766750,-3.087671
0.767250,-3.485888
0.767750,-2.349027
0.768250,-3.597839
0.768750,-3.386351
0.769250,-4.028992
0.769750,-3.791526
0.770250,-3.502179
0.770750,-3.376028
0.771250,-3.388220
0.771750,-3.347003
0.772250,-3.014124
0.772750,-3.080914
0.773250,-3.636349
0.773750,-3.130279
0.774250,-3.090026
0.774750,-3.236422
0.775250,-2.669522
0.775750,-4.051060
0.776250,-4.423611
0.776750,-3.761585
0.777250,-4.378904
0.777750,-3.075125
0.778250,-3.907515
0.778750,-3.764091
0.779250,-3.283958
0.779750,-2.956859
0.780250,-3.402686
0.780750,-3.371405
0.781250,-3.435673
0.781750,-2.588992
0.782250,-2.325645
0.782750,-1.687735
0.783250,-3.204603
0.783750,-2.744319
0.784250,-2.243319
0.784750,-3.514753
0.785250,-2.318080
0.785750,-2.602474
0.786250,-2.291419
0.786750,-3.276544
0.787250,-3.152011
0.787750,-2.944749
0.788250,-3.719193
0.788750,-2.678794
0.789250,-3.604906
0.789750,-3.392831
0.790250,-2.237628
0.790750,-3.240931
0.791250,-2.935459
0.791750,-3.594196
0.792250,-3.768770
0.792750,-2.500472
0.793250,-2.525048
0.793750,-3.292201
0.794250,-3.166215
0.794750,-3.191841
0.795250,-3.242979
0.795750,-3.496538
0.796250,-3.220032
0.796750,-3.060178
0.797250,-3.404695
0.797750,-2.598607
0.798250,-3.478494
0.798750,-4.347488
0.799250,-3.705103
0.799750,-4.245537
0.800250,-2.743570
0.800750,-2.849355
0.801250,-2.743715
0.801750,-3.084885
0.802250,-3.110210
0.802750,-3.313051
0.803250,-3.092297
0.803750,-3.386779
0.804250,-2.898879
0.804750,-3.835283
0.805250,-2.662516
0.805750,-3.376756
0.806250,-3.248807
0.806750,-2.517289
0.807250,-3.115307
0.807750,-2.247027
0.808250,-3.301324
0.808750,-3.016863
0.809250,-2.483296
0.809750,-3.502373
0.810250,-2.370181
0.810750,-3.005135
0.811250,-1.197669
0.811750,-3.342566
0.812250,-2.498025
0.812750,-2.937492
0.813250,-1.997743
0.813750,-2.326545
0.814250,-3.148092
0.814750,-2.731567
0.815250,-2.283138
0.815750,-2.323858
0.816250,-2.362741
0.816750,-1.508834
0.817250,-1.522288
0.817750,-2.451056
0.818250,-2.382528
0.818750,-2.144047
0.819250,-1.957133
0.819750,-2.369444
0.820250,-1.877413
0.820750,-1.330895
0.821250,-2.177547
0.821750,-1.933251
0.822250,-2.487227
0.822750,-1.812405
0.823250,-1.560979
0.823750,-1.718218
0.824250,-2.067819
0.824750,-2.255060
0.825250,-1.971537
0.825750,-2.334430
0.826250,-1.515039
0.826750,-1.797363
0.827250,-2.198912
0.827750,-2.406385
0.828250,-2.344939
0.828750,-1.478667
0.829250,-2.200571
0.829750,-2.469328
0.830250,-2.446476
0.830750,-3.163099
0.831250,-2.598126
0.831750,-3.576276
0.832250,-3.375949
0.832750,-2.441700
0.833250,-2.552414
0.833750,-2.805635
0.834250,-2.700531
0.834750,-2.122156
0.835250,-1.806765
0.835750,-4.242412
0.836250,-2.606727
0.836750,-3.531801
0.837250,-1.505019
0.837750,-1.876561
0.838250,-2.353380
0.838750,-2.172402
0.839250,-3.625036
0.839750,-2.503062
0.840250,-3.122984
0.840750,-3.149437
0.841250,-2.979115
0.841750,-3.675523
0.842250,-4.325742
0.842750,-2.784255
0.843250,-3.603441
0.843750,-2.584307
0.844250,-2.300489
0.844750,-2.557997
0.845250,-2.329757
0.845750,-1.585865
0.846250,-2.096882
0.846750,-2.532901
0.847250,-2.659264
0.847750,-3.403236
0.848250,-2.656539
0.848750,-2.230264
0.849250,-2.727420
0.849750,-1.666909
0.850250,-2.413154
0.850750,-2.436849
0.851250,-3.371191
0.851750,-3.359465
0.852250,-2.263689
0.852750,-2.338901
0.853250,-1.489210
0.853750,-2.911537
0.854250,-2.499434
0.854750,-3.462456
0.855250,-3.516900
0.855750,-4.082324
0.856250,-3.592923
0.856750,-2.621316
0.857250,-3.463263
0.857750,-4.102600
0.858250,-3.933751
0.858750,-3.139414
0.859250,-3.388176
0.859750,-4.156264
0.860250,-2.617233
0.860750,-4.117716
0.861250,-3.313692
0.861750,-3.717162
0.862250,-4.117850
0.862750,-3.985635
0.863250,-4.729069
0.863750,-3.304422
0.864250,-3.868133
0.864750,-3.604128
0.865250,-4.418676
0.865750,-3.466553
0.866250,-4.085698
0.866750,-4.649029
0.867250,-4.126289
0.867750,-4.472591
0.868250,-4.192468
0.868750,-4.628219
0.869250,-4.456385
0.869750,-4.496981
0.870250,-4.368503
0.870750,-3.923729
0.871250,-4.266671
0.871750,-3.790771
0.872250,-4.696262
0.872750,-3.506108
0.873250,-3.257038
0.873750,-3.837984
0.874250,-3.956913
0.874750,-4.073693
0.875250,-4.274791
0.875750,-3.980463
0.876250,-3.761815
0.876750,-2.772579
0.877250,-3.698096
0.877750,-4.394703
0.878250,-4.335414
0.878750,-3.580259
0.879250,-3.954405
0.879750,-4.327319
0.880250,-4.095833
0.880750,-3.985466
0.881250,-4.172635
0.881750,-3.717535
0.882250,-4.093806
0.882750,-3.127716
0.883250,-2.989798
0.883750,-3.367963
0.884250,-3.846990
0.884750,-3.350367
0.885250,-3.829961
0.885750,-3.887228
0.886250,-3.871637
0.886750,-3.396712
0.887250,-2.494050
0.887750,-3.416497
0.888250,-4.028180
0.888750,-3.799552
0.889250,-4.660785
0.889750,-2.948192
0.890250,-4.062324
0.890750,-3.266039
0.891250,-3.394580
0.891750,-3.033514
0.892250,-4.199199
0.892750,-3.885802
0.893250,-2.863199
0.893750,-3.250295
0.894250,-2.538990
0.894750,-3.042695
0.895250,-2.574671
0.895750,-2.501222
0.896250,-2.478125
0.896750,-3.772603
0.897250,-2.817359
0.897750,-2.908799
0.898250,-3.319227
0.898750,-2.660237
0.899250,-3.531582
0.899750,-3.754880
0.900250,-3.790928
0.900750,-4.590702
0.901250,-3.335292
0.901750,-4.045019
0.902250,-4.262225
0.902750,-2.895356
0.903250,-3.197427
0.903750,-2.657238
0.904250,-3.026076
0.904750,-3.059156
0.905250,-3.566413
0.905750,-2.918521
0.906250,-3.670061
0.906750,-3.591065
0.907250,-3.162616
0.907750,-2.826912
0.908250,-2.176056
0.908750,-3.460277
0.909250,-3.485657
0.909750,-3.409242
0.910250,-2.524205
0.910750,-2.615712
0.911250,-2.037190
0.911750,-2.028845
0.912250,-3.089013
0.912750,-2.766704
0.913250,-2.636833
0.913750,-2.224981
0.914250,-1.613196
0.914750,-1.473025
0.915250,-2.758406
0.915750,-2.051436
0.916250,-1.840739
0.916750,-2.575892
0.917250,-2.700910
0.917750,-1.217322
0.918250,-2.163117
0.918750,-1.371457
0.919250,-1.397646
0.919750,-1.576343
0.920250,-2.011384
0.920750,-2.363993
0.921250,-1.797941
0.921750,-1.718757
0.922250,-1.157789
0.922750,-1.427929
0.923250,-1.785262
0.923750,-1.399441
0.924250,-0.712036
0.924750,-1.569373
0.925250,-1.661611
0.925750,-1.322136
0.926250,-0.907832
0.926750,-1.337691
0.927250,-2.789093
0.927750,-2.341710
0.928250,-1.309216
0.928750,-1.773048
0.929250,-1.824699
0.929750,-1.960570
0.930250,-2.392854
0.930750,-1.992534
0.931250,-1.704708
0.931750,-1.076625
0.932250,-2.489370
0.932750,-2.806913
0.933250,-2.611644
0.933750,-1.985887
0.934250,-2.559649
0.934750,-1.959798
0.935250,-2.807487
0.935750,-2.942172
0.936250,-2.798020
0.936750,-2.526822
0.937250,-2.408987
0.937750,-1.921726
0.938250,-1.761210
0.938750,-1.990450
0.939250,-2.500792
0.939750,-2.401994
0.940250,-1.417188
0.940750,-2.803239
0.941250,-1.314769
0.941750,-2.486793
0.942250,-1.084437
0.942750,-1.276579
0.943250,-1.914447
0.943750,-2.953755
0.944250,-0.990884
0.944750,-2.284795
0.945250,-1.944415
0.945750,-2.214163
0.946250,-1.671345
0.946750,-2.352981
0.947250,-2.872237
0.947750,-2.660448
0.948250,-2.364232
0.948750,-2.243700
0.949250,-2.887839
0.949750,-2.635437
0.950250,-1.664795
0.950750,-1.179135
0.951250,-1.636066
0.951750,-1.824621
0.952250,-1.965150
0.952750,-2.726637
0.953250,-1.170404
0.953750,-2.402376
0.954250,-1.829971
0.954750,-2.066257
0.955250,-1.608568
0.955750,-3.022028
0.956250,-1.985734
0.956750,-2.719705
0.957250,-1.608766
0.957750,-2.049419
0.958250,-1.655803
0.958750,-2.595113
0.959250,-2.048696
0.959750,-2.487442
0.960250,-2.269937
0.960750,-2.456163
0.961250,-1.847890
0.961750,-1.752726
0.962250,-2.556841
0.962750,-1.459922
0.963250,-3.671712
0.963750,-1.863532
0.964250,-2.775902
0.964750,-2.549193
0.965250,-2.917509
0.965750,-2.671808
0.966250,-0.711078
0.966750,-2.313168
0.967250,-2.751811
0.967750,-2.077984
0.968250,-3.647116
0.968750,-2.454399
0.969250,-1.924320
0.969750,-3.005691
0.970250,-3.190433
0.970750,-2.067531
0.971250,-3.500924
0.971750,-4.144920
0.972250,-3.883902
0.972750,-3.645010
0.973250,-3.700145
0.973750,-4.825470
0.974250,-4.753037
0.974750,-2.873375
0.975250,-3.197078
0.975750,-4.276775
0.976250,-3.764300
0.976750,-3.454156
0.977250,-3.622941
0.977750,-2.990250
0.978250,-2.854972
0.978750,-3.743849
0.979250,-3.187605
0.979750,-3.491336
0.980250,-4.166024
0.980750,-4.529524
0.981250,-3.879992
0.981750,-2.640072
0.982250,-3.668383
0.982750,-2.532168
0.983250,-3.621636
0.983750,-3.026482
0.984250,-3.100145
0.984750,-2.714385
0.985250,-2.980053
0.985750,-3.397562
0.986250,-2.448644
0.986750,-1.849449
0.987250,-2.813515
0.987750,-2.529447
0.988250,-2.356449
0.988750,-2.838874
0.989250,-3.577618
0.989750,-2.141015
0.990250,-1.629935
0.990750,-2.735118
0.991250,-2.332116
0.991750,-2.493384
0.992250,-2.302408
0.992750,-2.722892
0.993250,-2.954353
0.993750,-2.610899
0.994250,-3.123228
0.994750,-2.671027
0.995250,-3.645449
0.995750,-3.086645
0.996250,-2.610185
0.996750,-2.771769
0.997250,-1.371736
0.997750,-2.976054
0.998250,-3.569186
0.998750,-1.851465
0.999250,-1.279233
0.999750,-2.550160
