0.000250,0.093762
0.000750,0.089280
0.001250,0.060692
0.001750,-0.143256
0.002250,-0.173078
0.002750,0.019287
0.003250,0.108706
0.003750,0.104803
0.004250,0.207560
0.004750,0.587220
0.005250,0.836288
0.005750,0.781003
0.006250,0.653261
0.006750,0.658920
0.007250,0.654673
0.007750,0.643270
0.008250,0.742911
0.008750,0.784007
0.009250,0.503687
0.009750,0.526266
0.010250,0.421758
0.010750,0.648260
0.011250,0.950360
0.011750,0.822556
0.012250,0.853111
0.012750,0.710252
0.013250,0.821456
0.013750,1.106722
0.014250,1.014842
0.014750,1.289964
0.015250,1.594695
0.015750,1.682307
0.016250,1.616022
0.016750,1.893666
0.017250,1.835494
0.017750,1.524765
0.018250,1.277480
0.018750,1.508111
0.019250,1.580789
0.019750,1.693493
0.020250,1.626913
0.020750,1.815779
0.021250,1.538695
0.021750,1.545609
0.022250,1.316529
0.022750,1.220146
0.023250,1.254010
0.023750,1.125585
0.024250,1.254697
0.024750,1.197065
0.025250,1.263179
0.025750,1.207592
0.026250,1.375228
0.026750,1.385079
0.027250,1.497533
0.027750,1.595926
0.028250,1.602074
0.028750,1.435564
0.029250,1.696695
0.029750,1.407666
0.030250,1.604131
0.030750,1.864416
0.031250,1.850556
0.031750,1.913805
0.032250,1.951461
0.032750,2.096916
0.033250,1.976220
0.033750,2.001044
0.034250,2.238802
0.034750,2.086728
0.035250,1.842311
0.035750,2.504008
0.036250,1.712669
0.036750,1.601554
0.037250,1.960933
0.037750,1.892672
0.038250,1.465233
0.038750,1.802821
0.039250,1.552844
0.039750,1.695487
0.040250,1.810473
0.040750,1.703290
0.041250,1.753581
0.041750,1.381447
0.042250,1.281151
0.042750,1.054327
0.043250,1.029617
0.043750,0.579895
0.044250,0.679392
0.044750,0.595383
0.045250,0.976922
0.045750,0.969913
0.046250,1.016851
0.046750,0.985056
0.047250,1.114116
0.047750,0.746510
0.048250,1.563269
0.048750,0.880948
0.049250,1.285180
0.049750,0.798973
0.050250,1.120976
0.050750,1.017770
0.051250,1.175661
0.051750,1.304195
0.052250,0.654690
0.052750,1.320421
0.053250,1.178817
0.053750,1.597252
0.054250,1.371895
0.054750,1.550926
0.055250,1.286709
0.055750,1.674687
0.056250,1.595235
0.056750,1.899702
0.057250,1.720600
0.057750,1.936764
0.058250,1.904653
0.058750,2.065238
0.059250,1.177178
0.059750,1.655669
0.060250,1.255993
0.060750,1.460307
0.061250,1.800848
0.061750,1.191744
0.062250,1.620707
0.062750,1.235185
0.063250,0.969988
0.063750,1.324359
0.064250,1.192931
0.064750,1.626621
0.065250,1.430782
0.065750,0.695433
0.066250,1.287882
0.066750,0.921556
0.067250,1.442341
0.067750,0.808211
0.068250,0.932590
0.068750,0.622565
0.069250,0.082776
0.069750,0.352950
0.070250,-0.167598
0.070750,0.577614
0.071250,0.455464
0.071750,0.432825
0.072250,0.598987
0.072750,0.055729
0.073250,0.204285
0.073750,0.679061
0.074250,0.320853
0.074750,0.624471
0.075250,0.588084
0.075750,0.664920
0.076250,0.510878
0.076750,0.586273
0.077250,0.310458
0.077750,0.623007
0.078250,0.529293
0.078750,0.389392
0.079250,0.134262
0.079750,0.203910
0.080250,0.245605
0.080750,0.866650
0.081250,0.654300
0.081750,1.091104
0.082250,0.784243
0.082750,0.532454
0.083250,1.058352
0.083750,1.476031
0.084250,0.770938
0.084750,1.316812
0.085250,1.174878
0.085750,0.665477
0.086250,1.213869
0.086750,0.964629
0.087250,1.176022
0.087750,1.052394
0.088250,1.285782
0.088750,1.170130
0.089250,0.813972
0.089750,1.361254
0.090250,0.935701
0.090750,0.621724
0.091250,0.811396
0.091750,1.065107
0.092250,0.696720
0.092750,0.836422
0.093250,0.657490
0.093750,0.381291
0.094250,0.264598
0.094750,0.311608
0.095250,0.546512
0.095750,0.569461
0.096250,0.674015
0.096750,0.450300
0.097250,0.327186
0.097750,0.483663
0.098250,0.129734
0.098750,0.334163
0.099250,0.228550
0.099750,-0.220204
0.100250,0.079672
0.100750,-0.837243
0.101250,-0.310044
0.101750,-0.764505
0.102250,-0.404487
0.102750,-0.631967
0.103250,-0.790759
0.103750,-0.974062
0.104250,-0.951694
0.104750,-0.957659
0.105250,-0.647825
0.105750,0.124422
0.106250,-0.708677
0.106750,-0.654007
0.107250,-0.713951
0.107750,-0.386322
0.108250,-0.432091
0.108750,-0.749687
0.109250,-0.840512
0.109750,-0.686110
0.110250,-0.941785
0.110750,-0.597533
0.111250,-0.667809
0.111750,-0.455953
0.112250,-0.880901
0.112750,-0.240474
0.113250,-1.557399
0.113750,-0.231563
0.114250,-0.712346
0.114750,-1.007936
0.115250,-1.130748
0.115750,-0.900397
0.116250,-1.117892
0.116750,-0.940831
0.117250,-0.697536
0.117750,-0.732041
0.118250,-0.725159
0.118750,-0.224971
0.119250,0.284915
0.119750,-0.417260
0.120250,-0.069742
0.120750,0.187125
0.121250,-0.244969
0.121750,-0.057737
0.122250,-0.121438
0.122750,0.347542
0.123250,-0.500115
0.123750,-0.445768
0.124250,-0.697174
0.124750,0.064343
0.125250,-0.095941
0.125750,-0.505902
0.126250,-0.402971
0.126750,0.026476
0.127250,-1.139289
0.127750,-0.449406
0.128250,-0.296976
0.128750,-0.689737
0.129250,-0.934164
0.129750,-1.028002
0.130250,-1.096302
0.130750,-0.872275
0.131250,-1.284609
0.131750,-0.840423
0.132250,-0.882414
0.132750,-0.863192
0.133250,-0.783208
0.133750,-0.962970
0.134250,-1.210858
0.134750,-1.692051
0.135250,-1.118499
0.135750,-0.825590
0.136250,-1.439381
0.136750,-1.289416
0.137250,-1.601476
0.137750,-1.238799
0.138250,-1.355290
0.138750,-1.497660
0.139250,-1.527092
0.139750,-1.743642
0.140250,-1.607848
0.140750,-1.952668
0.141250,-1.937648
0.141750,-2.209941
0.142250,-2.500211
0.142750,-2.052499
0.143250,-2.944121
0.143750,-2.377904
0.144250,-2.665053
0.144750,-2.696101
0.145250,-2.495280
0.145750,-3.232745
0.146250,-2.787840
0.146750,-1.871675
0.147250,-1.875485
0.147750,-2.062723
0.148250,-2.421832
0.148750,-2.409224
0.149250,-1.221177
0.149750,-2.397557
0.150250,-2.607426
0.150750,-1.729738
0.151250,-2.091043
0.151750,-1.870130
0.152250,-1.876906
0.152750,-2.300930
0.153250,-2.176888
0.153750,-2.309632
0.154250,-2.633527
0.154750,-3.170326
0.155250,-2.827647
0.155750,-2.226404
0.156250,-2.352831
0.156750,-1.908915
0.157250,-1.883859
0.157750,-2.379023
0.158250,-2.305125
0.158750,-2.291227
0.159250,-1.782464
0.159750,-1.706760
0.160250,-2.011921
0.160750,-1.675903
0.161250,-1.125675
0.161750,-1.965763
0.162250,-0.911249
0.162750,-1.593092
0.163250,-1.448192
0.163750,-1.266801
0.164250,-1.326119
0.164750,-1.671063
0.165250,-1.854030
0.165750,-1.536621
0.166250,-1.495298
0.166750,-1.001730
0.167250,-0.972994
0.167750,-1.519759
0.168250,-1.653187
0.168750,-1.627696
0.169250,-1.534235
0.169750,-2.157618
0.170250,-1.645041
0.170750,-2.286327
0.171250,-2.186617
0.171750,-2.069324
0.172250,-1.775980
0.172750,-2.160052
0.173250,-1.455250
0.173750,-1.990568
0.174250,-1.534570
0.174750,-2.245011
0.175250,-2.076098
0.175750,-1.092292
0.176250,-2.555274
0.176750,-2.119832
0.177250,-1.336947
0.177750,-1.515207
0.178250,-1.883045
0.178750,-1.548687
0.179250,-1.388638
0.179750,-1.621678
0.180250,-2.124923
0.180750,-1.682419
0.181250,-1.512259
0.181750,-1.839705
0.182250,-1.819626
0.182750,-2.475092
0.183250,-3.056305
0.183750,-2.801006
0.184250,-2.852876
0.184750,-2.620208
0.185250,-2.281152
0.185750,-2.269350
0.186250,-3.121709
0.186750,-2.211360
0.187250,-2.990626
0.187750,-2.930583
0.188250,-2.248022
0.188750,-2.880144
0.189250,-2.805767
0.189750,-2.562973
0.190250,-3.073672
0.190750,-2.977395
0.191250,-2.518869
0.191750,-2.013081
0.192250,-3.112278
0.192750,-2.936663
0.193250,-2.473500
0.193750,-2.407696
0.194250,-3.031922
0.194750,-2.693584
0.195250,-1.707001
0.195750,-2.498398
0.196250,-2.918435
0.196750,-1.943610
0.197250,-2.066502
0.197750,-2.426545
0.198250,-2.807014
0.198750,-2.484822
0.199250,-2.500475
0.199750,-1.679695
0.200250,-1.834917
0.200750,-1.147902
0.201250,-2.288384
0.201750,-2.697492
0.202250,-2.535095
0.202750,-2.319018
0.203250,-2.432371
0.203750,-2.509087
0.204250,-2.556845
0.204750,-2.025123
0.205250,-2.059142
0.205750,-1.624978
0.206250,-1.341896
0.206750,-1.723457
0.207250,-2.104865
0.207750,-1.525646
0.208250,-1.210260
0.208750,-1.384241
0.209250,-0.876877
0.209750,-1.138961
0.210250,-0.219969
0.210750,-0.802431
0.211250,-0.986083
0.211750,-0.557439
0.212250,-1.136603
0.212750,-0.563602
0.213250,-0.815125
0.213750,-0.526106
0.214250,-0.702193
0.214750,-0.928832
0.215250,-0.095788
0.215750,-0.815060
0.216250,-0.590697
0.216750,-0.801583
0.217250,-1.580265
0.217750,-1.045567
0.218250,-1.216558
0.218750,-0.507124
0.219250,-1.002473
0.219750,-1.861743
0.220250,-1.064896
0.220750,-1.073460
0.221250,-0.853465
0.221750,-0.266891
0.222250,-0.428230
0.222750,-1.574945
0.223250,-1.269392
0.223750,-1.175763
0.224250,-1.672614
0.224750,-1.424835
0.225250,-1.415435
0.225750,-1.414812
0.226250,-1.449113
0.226750,-1.156341
0.227250,-0.824956
0.227750,-0.303204
0.228250,-0.988115
0.228750,-1.703609
0.229250,-0.892512
0.229750,-0.793588
0.230250,-1.103115
0.230750,-1.431154
0.231250,-0.999933
0.231750,-1.693551
0.232250,-1.597443
0.232750,-1.503292
0.233250,-1.149398
0.233750,-1.244029
0.234250,-1.782715
0.234750,-2.190368
0.235250,-0.341764
0.235750,-2.261723
0.236250,-1.763854
0.236750,-2.692901
0.237250,-1.509677
0.237750,-2.102965
0.238250,-2.492342
0.238750,-1.867623
0.239250,-2.805942
0.239750,-2.674678
0.240250,-2.490012
0.240750,-2.656358
0.241250,-2.229643
0.241750,-1.468006
0.242250,-1.921473
0.242750,-2.637377
0.243250,-2.023129
0.243750,-2.088630
0.244250,-2.646226
0.244750,-1.822649
0.245250,-1.079298
0.245750,-1.266058
0.246250,-1.783973
0.246750,-1.686376
0.247250,-1.697538
0.247750,-1.851883
0.248250,-2.052055
0.248750,-1.602029
0.249250,-1.421089
0.249750,-1.535804
0.250250,-1.595506
0.250750,-1.373981
0.251250,-0.851159
0.251750,-1.246883
0.252250,-0.998747
0.252750,-0.691453
0.253250,-0.974404
0.253750,-1.288641
0.254250,-0.501696
0.254750,-1.148851
0.255250,-1.331995
0.255750,-1.339825
0.256250,-1.410507
0.256750,-1.555272
0.257250,-0.482248
0.257750,-0.588388
0.258250,-0.817767
0.258750,-1.075593
0.259250,-1.079399
0.259750,-0.943645
0.260250,-0.780339
0.260750,-0.249862
0.261250,-0.189814
0.261750,-0.075304
0.262250,-0.110490
0.262750,0.626334
0.263250,-0.739005
0.263750,-0.369220
0.264250,0.409924
0.264750,-0.875688
0.265250,-0.152952
0.265750,-0.161555
0.266250,0.493114
0.266750,-0.360004
0.267250,-0.263829
0.267750,0.162198
0.268250,-0.097053
0.268750,-0.228178
0.269250,0.041016
0.269750,-0.346938
0.270250,0.207721
0.270750,0.422004
0.271250,-0.715917
0.271750,-0.418420
0.272250,-0.751582
0.272750,-0.209240
0.273250,0.129224
0.273750,-0.466189
0.274250,0.638056
0.274750,-0.024145
0.275250,0.129040
0.275750,0.025690
0.276250,0.251433
0.276750,-0.790060
0.277250,-0.762020
0.277750,0.080912
0.278250,-1.344597
0.278750,0.387606
0.279250,-0.389442
0.279750,0.607938
0.280250,-0.084693
0.280750,-0.783496
0.281250,0.334674
0.281750,0.028860
0.282250,0.187019
0.282750,-0.301534
0.283250,0.032591
0.283750,0.143532
0.284250,-0.062796
0.284750,-0.989950
0.285250,-0.254830
0.285750,0.204465
0.286250,-0.020747
0.286750,-0.504492
0.287250,0.810779
0.287750,-0.682135
0.288250,0.181729
0.288750,-0.147866
0.289250,-1.264031
0.289750,0.254377
0.290250,-0.435547
0.290750,-0.308488
0.291250,-0.060800
0.291750,-1.029341
0.292250,-0.141622
0.292750,-1.415339
0.293250,-1.282104
0.293750,-1.130281
0.294250,-1.450999
0.294750,-1.703724
0.295250,-0.124880
0.295750,-0.650989
0.296250,-1.093482
0.296750,-1.644863
0.297250,-1.014926
0.297750,-0.647039
0.298250,-0.688493
0.298750,-1.118327
0.299250,-0.261430
0.299750,0.195820
0.300250,-1.387219
0.300750,-1.866607
0.301250,-0.212010
0.301750,-0.287530
0.302250,-0.716675
0.302750,0.281962
0.303250,-0.107883
0.303750,-0.314864
0.304250,-0.210470
0.304750,-0.144945
0.305250,-1.006128
0.305750,0.120072
0.306250,-0.036446
0.306750,-0.570648
0.307250,0.310765
0.307750,0.431474
0.308250,0.221008
0.308750,0.140003
0.309250,0.067894
0.309750,0.155061
0.310250,0.086818
0.310750,-0.607464
0.311250,-0.216914
0.311750,-0.671444
0.312250,-0.452056
0.312750,-0.122025
0.313250,0.619381
0.313750,-1.052816
0.314250,-0.423781
0.314750,0.085250
0.315250,-0.055539
0.315750,0.443797
0.316250,0.374384
0.316750,-0.437362
0.317250,0.420824
0.317750,0.496340
0.318250,0.556353
0.318750,-0.265898
0.319250,0.011013
0.319750,0.726681
0.320250,0.645150
0.320750,0.242708
0.321250,0.855764
0.321750,0.712559
0.322250,1.114425
0.322750,0.983204
0.323250,1.611036
0.323750,1.586035
0.324250,1.954283
0.324750,1.696644
0.325250,1.204944
0.325750,1.695933
0.326250,2.142556
0.326750,1.746578
0.327250,1.132991
0.327750,1.753833
0.328250,1.031517
0.328750,1.803657
0.329250,2.171027
0.329750,1.888928
0.330250,1.557116
0.330750,1.568980
0.331250,2.409554
0.331750,1.591871
0.332250,1.053011
0.332750,1.818420
0.333250,2.086162
0.333750,1.735313
0.334250,1.420569
0.334750,1.829290
0.335250,2.282433
0.335750,1.907089
0.336250,0.821118
0.336750,1.789485
0.337250,1.808301
0.337750,1.672225
0.338250,1.218768
0.338750,1.594860
0.339250,2.071620
0.339750,1.685021
0.340250,0.958675
0.340750,1.860648
0.341250,1.671108
0.341750,1.901935
0.342250,0.954090
0.342750,1.765264
0.343250,0.975154
0.343750,1.827230
0.344250,0.959318
0.344750,1.577580
0.345250,1.637932
0.345750,1.805887
0.346250,2.285435
0.346750,2.876971
0.347250,2.126053
0.347750,2.489271
0.348250,1.290737
0.348750,1.607430
0.349250,1.455733
0.349750,1.239756
0.350250,2.392694
0.350750,1.397352
0.351250,1.626256
0.351750,2.285883
0.352250,0.499559
0.352750,2.067456
0.353250,1.534847
0.353750,0.457181
0.354250,2.188054
0.354750,1.306599
0.355250,0.878271
0.355750,0.566644
0.356250,1.446263
0.356750,1.459374
0.357250,0.984824
0.357750,1.243322
0.358250,1.342862
0.358750,0.738801
0.359250,1.355468
0.359750,0.409060
0.360250,1.961737
0.360750,1.504184
0.361250,0.764892
0.361750,0.630111
0.362250,1.431646
0.362750,1.307314
0.363250,1.479914
0.363750,1.458479
0.364250,0.283504
0.364750,1.602748
0.365250,1.028112
0.365750,1.606608
0.366250,1.673856
0.366750,1.600664
0.367250,1.512935
0.367750,0.971073
0.368250,1.862536
0.368750,1.719690
0.369250,2.003082
0.369750,2.138148
0.370250,2.429371
0.370750,2.934924
0.371250,2.815948
0.371750,2.853559
0.372250,1.674767
0.372750,1.180348
0.373250,3.093070
0.373750,2.091833
0.374250,2.811953
0.374750,2.673946
0.375250,1.922336
0.375750,2.329455
0.376250,2.188974
0.376750,1.533186
0.377250,2.531335
0.377750,1.652457
0.378250,1.932233
0.378750,2.147253
0.379250,2.167085
0.379750,2.874720
0.380250,2.658204
0.380750,2.797502
0.381250,2.257915
0.381750,2.222531
0.382250,3.231847
0.382750,2.822099
0.383250,3.051057
0.383750,3.173005
0.384250,2.853545
0.384750,3.188781
0.385250,2.269542
0.385750,3.947309
0.386250,4.278491
0.386750,3.069354
0.387250,2.835045
0.387750,3.445970
0.388250,4.176691
0.388750,2.899241
0.389250,3.205140
0.389750,3.856429
0.390250,4.694034
0.390750,3.664519
0.391250,3.458745
0.391750,3.688960
0.392250,3.530199
0.392750,3.934921
0.393250,4.470384
0.393750,3.848390
0.394250,4.051641
0.394750,4.427766
0.395250,4.432299
0.395750,3.438288
0.396250,4.236513
0.396750,4.806445
0.397250,3.744722
0.397750,4.400785
0.398250,3.453479
0.398750,4.451590
0.399250,4.565999
0.399750,4.212734
0.400250,4.190950
0.400750,4.263424
0.401250,3.559614
0.401750,4.632696
0.402250,3.450555
0.402750,5.052430
0.403250,4.441877
0.403750,4.418162
0.404250,4.367707
0.404750,4.930350
0.405250,3.622396
0.405750,3.384650
0.406250,3.279746
0.406750,3.959452
0.407250,3.913724
0.407750,3.551206
0.408250,3.820918
0.408750,3.212677
0.409250,3.751126
0.409750,4.060323
0.410250,3.248464
0.410750,3.293436
0.411250,3.084917
0.411750,3.334745
0.412250,3.680542
0.412750,4.363031
0.413250,3.676843
0.413750,4.234762
0.414250,4.758355
0.414750,4.284003
0.415250,4.868900
0.415750,4.660955
0.416250,4.368241
0.416750,5.046213
0.417250,4.320835
0.417750,3.964030
0.418250,3.860243
0.418750,2.598124
0.419250,3.947808
0.419750,3.681227
0.420250,4.145312
0.420750,3.457735
0.421250,3.227463
0.421750,3.314232
0.422250,4.622498
0.422750,3.308624
0.423250,3.431787
0.423750,2.532442
0.424250,2.965535
0.424750,2.537100
0.425250,3.496810
0.425750,3.313663
0.426250,2.427392
0.426750,2.847686
0.427250,3.115285
0.427750,2.999234
0.428250,2.794896
0.428750,2.549707
0.429250,1.940829
0.429750,1.624437
0.430250,2.153500
0.430750,3.166831
0.431250,3.617762
0.431750,3.091126
0.432250,2.834456
0.432750,3.702422
0.433250,3.292236
0.433750,3.472008
0.434250,3.482932
0.434750,2.741883
0.435250,2.229727
0.435750,3.193031
0.436250,2.896253
0.436750,2.641695
0.437250,3.021464
0.437750,4.045914
0.438250,4.085766
0.438750,4.257978
0.439250,5.015891
0.439750,3.489526
0.440250,3.686913
0.440750,2.496236
0.441250,4.241028
0.441750,3.891883
0.442250,2.920740
0.442750,2.988620
0.443250,2.887846
0.443750,3.795659
0.444250,3.640859
0.444750,4.094749
0.445250,3.200839
0.445750,3.154579
0.446250,3.854148
0.446750,2.578789
0.447250,4.181432
0.447750,4.032474
0.448250,3.574436
0.448750,3.696456
0.449250,3.812854
0.449750,3.614703
0.450250,4.458675
0.450750,3.967678
0.451250,3.566383
0.451750,3.231484
0.452250,3.897311
0.452750,4.411063
0.453250,4.147641
0.453750,3.268558
0.454250,2.938894
0.454750,4.209287
0.455250,4.305930
0.455750,4.551145
0.456250,4.231620
0.456750,3.848459
0.457250,4.561908
0.457750,3.968180
0.458250,3.172184
0.458750,4.080691
0.459250,3.143395
0.459750,4.325733
0.460250,3.899009
0.460750,4.745971
0.461250,4.256611
0.461750,3.929465
0.462250,3.792699
0.462750,4.391851
0.463250,4.038986
0.463750,4.079032
0.464250,3.990257
0.464750,4.666127
0.465250,4.015372
0.465750,5.332322
0.466250,4.609974
0.466750,5.651224
0.467250,4.047618
0.467750,4.572527
0.468250,4.252937
0.468750,5.076150
0.469250,4.836167
0.469750,5.343386
0.470250,3.422788
0.470750,3.925873
0.471250,4.937172
0.471750,5.462136
0.472250,4.019946
0.472750,4.893208
0.473250,4.223667
0.473750,4.457640
0.474250,5.131985
0.474750,4.434507
0.475250,4.395838
0.475750,4.846853
0.476250,4.689462
0.476750,4.629381
0.477250,4.860424
0.477750,4.371391
0.478250,3.100814
0.478750,3.600904
0.479250,4.272584
0.479750,3.261356
0.480250,3.694100
0.480750,3.355241
0.481250,4.657529
0.481750,3.767179
0.482250,4.343199
0.482750,4.248084
0.483250,4.002198
0.483750,4.201685
0.484250,4.608266
0.484750,4.167908
0.485250,3.658504
0.485750,3.967095
0.486250,3.801266
0.486750,3.673102
0.487250,3.756557
0.487750,4.237440
0.488250,3.696603
0.488750,4.287014
0.489250,4.684586
0.489750,4.232330
0.490250,3.657306
0.490750,4.338119
0.491250,3.869374
0.491750,3.398642
0.492250,5.158497
0.492750,3.668080
0.493250,3.611701
0.493750,2.736994
0.494250,3.657556
0.494750,3.366038
0.495250,3.759154
0.495750,4.381400
0.496250,3.889726
0.496750,3.829884
0.497250,3.312145
0.497750,2.638306
0.498250,2.583966
0.498750,2.845908
0.499250,2.081235
0.499750,2.721051
0.500250,2.622822
0.500750,2.257328
0.501250,3.598217
0.501750,2.063381
0.502250,1.982631
0.502750,2.976842
0.503250,3.311731
0.503750,2.596273
0.504250,2.788137
0.504750,2.848372
0.505250,1.746255
0.505750,2.699742
0.506250,1.701380
0.506750,2.101599
0.507250,3.098850
0.507750,2.389469
0.508250,1.214063
0.508750,2.163116
0.509250,2.677072
0.509750,2.571476
0.510250,1.087514
0.510750,2.439841
0.511250,2.828112
0.511750,1.233880
0.512250,2.843838
0.512750,2.488239
0.513250,1.486307
0.513750,2.106071
0.514250,1.835431
0.514750,3.894000
0.515250,2.984741
0.515750,2.664868
0.516250,3.759938
0.516750,2.673722
0.517250,2.703438
0.517750,3.340253
0.518250,3.443046
0.518750,3.515130
0.519250,2.819685
0.519750,2.885647
0.520250,2.914046
0.520750,2.676940
0.521250,2.709181
0.521750,2.479330
0.522250,3.505575
0.522750,3.199756
0.523250,1.946389
0.523750,3.800771
0.524250,2.990693
0.524750,2.746015
0.525250,3.566683
0.525750,2.882527
0.526250,1.723136
0.526750,3.030272
0.527250,2.116450
0.527750,2.485464
0.528250,1.519433
0.528750,2.492811
0.529250,2.530553
0.529750,2.411908
0.530250,3.623010
0.530750,3.441067
0.531250,2.624836
0.531750,2.529505
0.532250,1.998515
0.532750,1.806874
0.533250,2.397690
0.533750,2.807101
0.534250,3.701305
0.534750,3.397849
0.535250,4.007019
0.535750,3.886869
0.536250,2.048975
0.536750,2.903067
0.537250,3.252904
0.537750,3.383467
0.538250,2.993450
0.538750,4.347475
0.539250,3.582319
0.539750,4.231112
0.540250,3.846592
0.540750,4.514033
0.541250,3.389378
0.541750,4.005869
0.542250,4.857922
0.542750,2.804612
0.543250,3.920794
0.543750,4.085267
0.544250,3.562371
0.544750,2.900726
0.545250,3.997115
0.545750,4.045448
0.546250,3.122524
0.546750,3.187328
0.547250,4.274965
0.547750,3.526917
0.548250,3.340601
0.548750,4.401841
0.549250,4.100212
0.549750,3.310282
0.550250,2.844102
0.550750,3.742218
0.551250,3.110739
0.551750,3.739199
0.552250,3.144961
0.552750,3.997809
0.553250,3.501866
0.553750,2.948475
0.554250,2.912271
0.554750,2.829533
0.555250,3.747403
0.555750,3.049033
0.556250,3.627180
0.556750,4.017676
0.557250,3.178896
0.557750,3.479623
0.558250,3.239906
0.558750,4.460891
0.559250,3.351775
0.559750,2.753496
0.560250,3.893833
0.560750,3.078050
0.561250,3.036867
0.561750,3.307462
0.562250,3.643810
0.562750,2.792577
0.563250,2.357056
0.563750,2.335712
0.564250,2.577057
0.564750,2.140927
0.565250,2.382056
0.565750,2.261723
0.566250,3.408478
0.566750,4.115337
0.567250,3.360276
0.567750,3.311979
0.568250,3.368919
0.568750,2.304282
0.569250,4.122651
0.569750,3.004892
0.570250,2.425163
0.570750,2.879839
0.571250,2.521143
0.571750,2.665478
0.572250,2.529368
0.572750,2.789659
0.573250,2.974855
0.573750,2.248065
0.574250,3.845014
0.574750,0.681932
0.575250,3.069627
0.575750,2.476376
0.576250,1.147798
0.576750,2.076759
0.577250,2.579242
0.577750,1.389668
0.578250,1.448819
0.578750,2.324004
0.579250,2.382219
0.579750,3.142143
0.580250,1.268989
0.580750,1.489811
0.581250,0.306912
0.581750,1.740609
0.582250,1.347916
0.582750,0.644885
0.583250,1.563711
0.583750,0.258650
0.584250,1.031542
0.584750,1.358653
0.585250,1.362904
0.585750,2.363862
0.586250,0.770518
0.586750,0.397363
0.587250,1.735261
0.587750,2.464751
0.588250,1.480457
0.588750,1.499380
0.589250,0.198816
0.589750,1.080770
0.590250,0.837927
0.590750,0.029921
0.591250,0.914470
0.591750,1.140549
0.592250,1.653287
0.592750,0.850532
0.593250,1.158873
0.593750,1.663709
0.594250,1.158979
0.594750,2.319538
0.595250,1.911831
0.595750,0.285303
0.596250,1.340534
0.596750,0.753641
0.597250,1.468236
0.597750,2.284834
0.598250,1.132850
0.598750,1.828822
0.599250,1.245223
0.599750,0.653475
0.600250,1.764995
0.600750,1.447232
0.601250,3.153682
0.601750,0.625778
0.602250,2.049099
0.602750,2.247508
0.603250,1.337562
0.603750,1.625268
0.604250,0.985662
0.604750,1.509071
0.605250,0.317861
0.605750,1.167475
0.606250,1.052831
0.606750,1.151091
0.607250,1.997914
0.607750,1.251794
0.608250,0.149155
0.608750,0.892350
0.609250,1.314219
0.609750,2.044421
0.610250,1.142366
0.610750,1.265928
0.611250,0.458604
0.611750,0.854395
0.612250,1.168648
0.612750,1.083207
0.613250,0.298846
0.613750,1.394741
0.614250,1.984947
0.614750,1.712861
0.615250,2.228537
0.615750,1.063519
0.616250,0.900044
0.616750,-0.251785
0.617250,1.539788
0.617750,2.092971
0.618250,1.368088
0.618750,1.152123
0.619250,1.342654
0.619750,1.522586
0.620250,0.298526
0.620750,0.545687
0.621250,0.925741
0.621750,1.584905
0.622250,1.515280
0.622750,2.045195
0.623250,2.449387
0.623750,3.223709
0.624250,3.422333
0.624750,1.817497
0.625250,2.172991
0.625750,3.298063
0.626250,2.772480
0.626750,2.155999
0.627250,3.411742
0.627750,1.852712
0.628250,2.865106
0.628750,3.226053
0.629250,1.956310
0.629750,1.193979
0.630250,2.597882
0.630750,1.711053
0.631250,2.694892
0.631750,3.146519
0.632250,2.990218
0.632750,2.187951
0.633250,3.610067
0.633750,0.804668
0.634250,2.413101
0.634750,1.169015
0.635250,2.111396
0.635750,2.084132
0.636250,2.921901
0.636750,2.984202
0.637250,2.428720
0.637750,3.801988
0.638250,1.814304
0.638750,1.957221
0.639250,2.793019
0.639750,2.691368
0.640250,3.384395
0.640750,1.287808
0.641250,1.699137
0.641750,1.137042
0.642250,0.912790
0.642750,0.763115
0.643250,2.051509
0.643750,2.183616
0.644250,1.725662
0.644750,0.380674
0.645250,1.289182
0.645750,1.388221
0.646250,1.904398
0.646750,2.725352
0.647250,1.678919
0.647750,1.989811
0.648250,2.110082
0.648750,1.880185
0.649250,-1.073040
0.649750,1.937838
0.650250,0.708741
0.650750,1.101162
0.651250,1.346241
0.651750,0.517119
0.652250,2.155558
0.652750,2.071889
0.653250,1.680360
0.653750,2.070782
0.654250,1.562021
0.654750,1.700450
0.655250,1.122059
0.655750,2.087492
0.656250,3.238430
0.656750,2.035282
0.657250,1.821175
0.657750,0.756853
0.658250,0.731020
0.658750,1.666683
0.659250,0.453218
0.659750,0.007106
0.660250,0.416836
0.660750,0.538915
0.661250,0.744485
0.661750,0.418617
0.662250,1.588693
0.662750,0.854700
0.663250,0.172281
0.663750,0.179346
0.664250,0.150014
0.664750,1.818377
0.665250,0.602580
0.665750,1.307927
0.666250,0.084687
0.666750,0.586005
0.667250,1.221214
0.667750,-0.459062
0.668250,-1.027084
0.668750,-1.006608
0.669250,0.252213
0.669750,-0.403708
0.670250,0.240824
0.670750,-0.860321
0.671250,0.289958
0.671750,-1.286340
0.672250,-0.994375
0.672750,-0.347870
0.673250,-1.711806
0.673750,0.082590
0.674250,-0.324117
0.674750,-0.714490
0.675250,-1.024179
0.675750,-1.605479
0.676250,-0.712539
0.676750,-0.763440
0.677250,-0.353012
0.677750,-0.204413
0.678250,-0.731655
0.678750,-1.232537
0.679250,-1.152467
0.679750,-0.954667
0.680250,-1.272565
0.680750,1.178057
0.681250,0.062280
0.681750,-0.993484
0.682250,-1.320508
0.682750,-0.091713
0.683250,0.459261
0.683750,-0.423892
0.684250,0.820311
0.684750,-0.343450
0.685250,-1.634675
0.685750,-0.119810
0.686250,-0.428068
0.686750,-1.867786
0.687250,0.218513
0.687750,0.579358
0.688250,-0.520059
0.688750,-0.473685
0.689250,-1.236411
0.689750,0.541235
0.690250,-0.817175
0.690750,0.438122
0.691250,0.364213
0.691750,0.467855
0.692250,-1.083968
0.692750,-0.114298
0.693250,0.149646
0.693750,0.590973
0.694250,-0.038588
0.694750,-1.272484
0.695250,-0.595081
0.695750,-0.907550
0.696250,0.018785
0.696750,-0.220029
0.697250,1.726062
0.697750,-0.390810
0.698250,-0.157132
0.698750,-0.879188
0.699250,-1.305406
0.699750,-0.836690
0.700250,-0.591142
0.700750,-0.176728
0.701250,-0.392136
0.701750,-0.760514
0.702250,-1.413463
0.702750,-0.370486
0.703250,-1.776084
0.703750,-1.537567
0.704250,-0.333687
0.704750,-0.282891
0.705250,-1.994143
0.705750,-1.093823
0.706250,-0.706546
0.706750,-1.922963
0.707250,-0.974140
0.707750,-0.985341
0.708250,-1.049309
0.708750,-0.174513
0.709250,-0.805111
0.709750,-0.502495
0.710250,-0.763441
0.710750,-1.240967
0.711250,-0.580486
0.711750,0.120459
0.712250,-1.185946
0.712750,-0.590112
0.713250,-0.433625
0.713750,0.020761
0.714250,-0.602951
0.714750,-1.119581
0.715250,0.012292
0.715750,-0.261168
0.716250,-0.681898
0.716750,-0.843472
0.717250,0.868460
0.717750,-0.761634
0.718250,0.916102
0.718750,-0.399769
0.719250,1.065071
0.719750,-0.675208
0.720250,0.958680
0.720750,-1.277546
0.721250,0.531030
0.721750,-0.581160
0.722250,-0.161199
0.722750,-0.832415
0.723250,0.115776
0.723750,0.269284
0.724250,-0.183925
0.724750,-0.034040
0.725250,-0.398701
0.725750,-0.075330
0.726250,-0.462127
0.726750,0.342251
0.727250,-1.320083
0.727750,-0.977323
0.728250,0.700006
0.728750,-0.513175
0.729250,0.222831
0.729750,0.922565
0.730250,1.101319
0.730750,-0.575980
0.731250,-0.994517
0.731750,-1.721654
0.732250,-0.525145
0.732750,-1.191019
0.733250,-1.186566
0.733750,-1.125606
0.734250,-0.329426
0.734750,-1.372341
0.735250,-0.532709
0.735750,-0.715196
0.736250,-1.413205
0.736750,-1.948656
0.737250,-0.457491
0.737750,-0.785360
0.738250,-0.734656
0.738750,-2.156553
0.739250,-2.656688
0.739750,-2.024070
0.740250,0.403087
0.740750,-1.065960
0.741250,-1.640514
0.741750,-0.691322
0.742250,-0.660356
0.742750,-0.091205
0.743250,-1.040669
0.743750,-1.092226
0.744250,-0.936849
0.744750,-0.915055
0.745250,-1.136698
0.745750,-1.187897
0.746250,-1.492831
0.746750,-1.623220
0.747250,-1.536734
0.747750,-1.016179
0.748250,-1.944301
0.748750,-0.781129
0.749250,0.103922
0.749750,-1.156595
0.750250,-1.372496
0.750750,-1.507877
0.751250,-0.031183
0.751750,-0.923975
0.752250,-1.702921
0.752750,-2.803352
0.753250,-1.408726
0.753750,-1.787420
0.754250,-1.772922
0.754750,-0.941831
0.755250,-1.377550
0.755750,-2.322269
0.756250,-2.316646
0.756750,-1.690716
0.757250,-1.650167
0.757750,-1.652784
0.758250,-3.153877
0.758750,-2.315034
0.759250,-2.800402
0.759750,-2.628269
0.760250,-1.635941
0.760750,-1.521255
0.761250,-1.798318
0.761750,-2.618951
0.762250,-1.586297
0.762750,-2.956891
0.763250,-2.928147
0.763750,-2.075781
0.764250,-2.673800
0.764750,-2.451725
0.765250,-3.885130
0.765750,-3.208676
0.766250,-2.805105
0.766750,-3.954107
0.767250,-2.862944
0.767750,-3.647921
0.768250,-4.437218
0.768750,-3.549263
0.769250,-3.542530
0.769750,-3.723503
0.770250,-3.143521
0.770750,-3.025761
0.771250,-3.287984
0.771750,-3.135605
0.772250,-2.877074
0.772750,-2.295192
0.773250,-3.502514
0.773750,-2.720544
0.774250,-2.817905
0.774750,-2.401264
0.775250,-2.356256
0.775750,-3.369981
0.776250,-3.516619
0.776750,-3.385988
0.777250,-4.409742
0.777750,-2.729474
0.778250,-2.042629
0.778750,-2.879339
0.779250,-3.206941
0.779750,-3.037259
0.780250,-2.759156
0.780750,-5.318502
0.781250,-3.676162
0.781750,-2.893802
0.782250,-3.516309
0.782750,-2.204664
0.783250,-2.266392
0.783750,-0.809008
0.784250,-2.948076
0.784750,-3.646498
0.785250,-1.308971
0.785750,-3.315231
0.786250,-2.658921
0.786750,-2.712090
0.787250,-2.963016
0.787750,-3.009142
0.788250,-3.527302
0.788750,-2.603843
0.789250,-3.382778
0.789750,-3.221329
0.790250,-2.540401
0.790750,-3.184877
0.791250,-3.776184
0.791750,-3.094577
0.792250,-4.002450
0.792750,-3.363599
0.793250,-3.002402
0.793750,-3.205164
0.794250,-2.838433
0.794750,-2.824935
0.795250,-4.105449
0.795750,-2.759756
0.796250,-2.739637
0.796750,-2.083924
0.797250,-3.097377
0.797750,-2.250116
0.798250,-3.289278
0.798750,-3.105657
0.799250,-3.833997
0.799750,-3.397444
0.800250,-4.024856
0.800750,-2.485761
0.801250,-2.879801
0.801750,-4.444098
0.802250,-4.093481
0.802750,-3.109024
0.803250,-2.220190
0.803750,-3.481914
0.804250,-3.055285
0.804750,-4.384616
0.805250,-1.809126
0.805750,-3.365439
0.806250,-2.826266
0.806750,-2.345321
0.807250,-3.340499
0.807750,-3.047849
0.808250,-3.094447
0.808750,-2.264998
0.809250,-2.442078
0.809750,-2.672041
0.810250,-1.069351
0.810750,-2.422621
0.811250,-1.723189
0.811750,-2.177036
0.812250,-2.192171
0.812750,-2.367469
0.813250,-0.970775
0.813750,-1.333630
0.814250,-3.076060
0.814750,-2.528819
0.815250,-2.738211
0.815750,-2.524742
0.816250,-1.593420
0.816750,-2.060114
0.817250,-2.314821
0.817750,-1.104426
0.818250,-1.480812
0.818750,-2.174988
0.819250,-2.169497
0.819750,-2.044741
0.820250,-1.768461
0.820750,-0.729954
0.821250,-3.031006
0.821750,-2.333244
0.822250,-1.773848
0.822750,-0.850228
0.823250,-0.723342
0.823750,-1.862653
0.824250,-1.422669
0.824750,-1.410079
0.825250,-2.177603
0.825750,-0.952062
0.826250,-0.818361
0.826750,-1.577369
0.827250,-1.978969
0.827750,-2.687322
0.828250,-2.474774
0.828750,-1.513531
0.829250,-2.269079
0.829750,-1.292020
0.830250,-3.768065
0.830750,-3.493475
0.831250,-2.933028
0.831750,-2.092761
0.832250,-2.493335
0.832750,-2.769459
0.833250,-3.888961
0.833750,-2.711825
0.834250,-2.118962
0.834750,-2.123455
0.835250,-1.973555
0.835750,-4.073846
0.836250,-2.492682
0.836750,-2.228870
0.837250,-1.497317
0.837750,-2.634985
0.838250,-2.992810
0.838750,-1.599307
0.839250,-3.781919
0.839750,-1.924066
0.840250,-3.008909
0.840750,-3.883599
0.841250,-2.835388
0.841750,-4.159663
0.842250,-3.248764
0.842750,-2.563524
0.843250,-2.462023
0.843750,-1.717974
0.844250,-2.501330
0.844750,-2.118424
0.845250,-2.391968
0.845750,-1.276897
0.846250,-2.181271
0.846750,-2.825050
0.847250,-3.392197
0.847750,-2.461565
0.848250,-2.726583
0.848750,-4.152948
0.849250,-1.765092
0.849750,-2.246640
0.850250,-1.231413
0.850750,-3.099368
0.851250,-2.575163
0.851750,-3.419531
0.852250,-2.630934
0.852750,-1.785488
0.853250,-1.522167
0.853750,-1.844008
0.854250,-2.656496
0.854750,-2.340109
0.855250,-4.536437
0.855750,-3.074108
0.856250,-4.303081
0.856750,-3.588896
0.857250,-3.474557
0.857750,-3.831002
0.858250,-3.946324
0.858750,-2.983177
0.859250,-2.675637
0.859750,-2.690034
0.860250,-1.658108
0.860750,-4.137893
0.861250,-3.355495
0.861750,-3.861198
0.862250,-4.448317
0.862750,-4.116094
0.863250,-4.555076
0.863750,-3.196416
0.864250,-2.999231
0.864750,-4.495157
0.865250,-4.067017
0.865750,-3.340153
0.866250,-2.580909
0.866750,-4.395514
0.867250,-4.702503
0.867750,-4.164529
0.868250,-3.867781
0.868750,-3.405286
0.869250,-3.178772
0.869750,-4.004307
0.870250,-3.429776
0.870750,-4.704849
0.871250,-3.459708
0.871750,-3.024526
0.872250,-4.702681
0.872750,-2.306864
0.873250,-3.617537
0.873750,-3.705681
0.874250,-3.565890
0.874750,-4.489641
0.875250,-3.553774
0.875750,-4.000271
0.876250,-4.363090
0.876750,-2.945235
0.877250,-4.101649
0.877750,-5.434938
0.878250,-4.836701
0.878750,-3.839450
0.879250,-4.250469
0.879750,-3.943151
0.880250,-4.360768
0.880750,-4.433642
0.881250,-4.325118
0.881750,-4.165543
0.882250,-3.228578
0.882750,-3.768280
0.883250,-2.432893
0.883750,-3.054636
0.884250,-4.203927
0.884750,-2.956457
0.885250,-3.820462
0.885750,-3.424243
0.886250,-4.501787
0.886750,-2.439142
0.887250,-4.383422
0.887750,-3.481477
0.888250,-4.119162
0.888750,-4.519701
0.889250,-3.651619
0.889750,-2.935125
0.890250,-5.389256
0.890750,-3.737470
0.891250,-2.170065
0.891750,-2.928559
0.892250,-2.708736
0.892750,-4.321443
0.893250,-2.685537
0.893750,-4.126724
0.894250,-2.213100
0.894750,-4.085914
0.895250,-2.626742
0.895750,-2.313894
0.896250,-2.472986
0.896750,-4.384357
0.897250,-3.637048
0.897750,-2.813223
0.898250,-1.594776
0.898750,-2.257359
0.899250,-4.373790
0.899750,-2.921745
0.900250,-3.401650
0.900750,-4.378441
0.901250,-2.148508
0.901750,-3.563441
0.902250,-3.681265
0.902750,-3.558974
0.903250,-2.997063
0.903750,-3.550797
0.904250,-3.161138
0.904750,-3.100361
0.905250,-3.990419
0.905750,-2.993568
0.906250,-2.685553
0.906750,-2.954458
0.907250,-2.757002
0.907750,-3.908300
0.908250,-3.048732
0.908750,-2.880555
0.909250,-2.879024
0.909750,-3.945908
0.910250,-3.502166
0.910750,-2.974480
0.911250,-2.778814
0.911750,-1.730036
0.912250,-2.639863
0.912750,-1.650840
0.913250,-2.299968
0.913750,-2.230919
0.914250,-1.548552
0.914750,-0.847984
0.915250,-2.273041
0.915750,-2.626967
0.916250,-2.465557
0.916750,-1.914466
0.917250,-1.050557
0.917750,-0.881508
0.918250,-1.930380
0.918750,-0.838372
0.919250,-2.461744
0.919750,-2.099711
0.920250,-1.193174
0.920750,-2.424392
0.921250,-3.109530
0.921750,-0.789444
0.922250,-1.686444
0.922750,-2.365558
0.923250,-2.140050
0.923750,-1.021035
0.924250,-0.815706
0.924750,-2.364649
0.925250,-1.061170
0.925750,-1.783032
0.926250,-0.528691
0.926750,-1.606029
0.927250,-1.520053
0.927750,-1.500531
0.928250,-0.444993
0.928750,-1.669685
0.929250,-2.427190
0.929750,-2.226011
0.930250,-1.725964
0.930750,-1.001065
0.931250,-1.144654
0.931750,0.101622
0.932250,-2.837397
0.932750,-1.547516
0.933250,-2.957337
0.933750,-2.632070
0.934250,-2.725705
0.934750,-1.986678
0.935250,-1.940856
0.935750,-2.943084
0.936250,-3.064343
0.936750,-1.909007
0.937250,-0.918205
0.937750,-2.133473
0.938250,0.737357
0.938750,-1.546555
0.939250,-2.508409
0.939750,-2.340802
0.940250,-2.514492
0.940750,-4.094571
0.941250,-2.039929
0.941750,-1.416805
0.942250,-1.793194
0.942750,-1.058905
0.943250,-1.978928
0.943750,-1.078851
0.944250,-2.340478
0.944750,-1.886589
0.945250,-2.067045
0.945750,-2.689609
0.946250,-1.865686
0.946750,-1.289276
0.947250,-1.888548
0.947750,-3.081865
0.948250,-2.138177
0.948750,-1.419797
0.949250,-2.006651
0.949750,-2.755803
0.950250,-1.797024
0.950750,-0.921373
0.951250,-0.724455
0.951750,-2.233941
0.952250,-0.548564
0.952750,-2.301600
0.953250,-1.127590
0.953750,-2.365821
0.954250,-2.143342
0.954750,-1.636086
0.955250,-1.721831
0.955750,-3.038868
0.956250,-3.052854
0.956750,-3.753576
0.957250,-0.801395
0.957750,-0.508265
0.958250,-1.964298
0.958750,-2.533161
0.959250,-2.032501
0.959750,-2.498605
0.960250,-2.707230
0.960750,-2.587300
0.961250,-0.445065
0.961750,-2.483371
0.962250,-2.208035
0.962750,-0.561602
0.963250,-2.335020
0.963750,-1.396849
0.964250,-0.528805
0.964750,-1.987835
0.965250,-2.052010
0.965750,-1.592332
0.966250,-1.275356
0.966750,-2.834302
0.967250,-2.118539
0.967750,-2.934045
0.968250,-3.867690
0.968750,-3.774380
0.969250,-1.145247
0.969750,-2.491107
0.970250,-2.708231
0.970750,-3.571878
0.971250,-3.042807
0.971750,-5.238043
0.972250,-3.426932
0.972750,-3.587347
0.973250,-4.814833
0.973750,-4.486578
0.974250,-3.700876
0.974750,-1.518075
0.975250,-2.845176
0.975750,-4.742674
0.976250,-3.761081
0.976750,-3.117787
0.977250,-3.402417
0.977750,-2.737034
0.978250,-4.497493
0.978750,-2.638950
0.979250,-3.110968
0.979750,-3.941576
0.980250,-3.444371
0.980750,-3.814807
0.981250,-3.329697
0.981750,-2.196164
0.982250,-3.266978
0.982750,-1.358211
0.983250,-3.981014
0.983750,-2.516351
0.984250,-2.929320
0.984750,-2.743680
0.985250,-3.042116
0.985750,-2.712220
0.986250,-1.478552
0.986750,-2.122294
0.987250,-3.318129
0.987750,-2.346982
0.988250,-1.928248
0.988750,-2.552962
0.989250,-2.846084
0.989750,-2.325125
0.990250,-2.591733
0.990750,-2.966750
0.991250,-2.149904
0.991750,-2.494281
0.992250,-3.217016
0.992750,-2.960570
0.993250,-2.808504
0.993750,-2.685862
0.994250,-3.090594
0.994750,-2.556942
0.995250,-3.786533
0.995750,-0.837795
0.996250,-2.648465
0.996750,-1.464181
0.997250,-2.869543
0.997750,-2.687258
0.998250,-3.168268
0.998750,-2.021496
0.999250,-1.954147
0.999750,-2.294702
