0.000250,0.114583
0.000750,0.094415
0.001250,0.080944
0.001750,-0.082206
0.002250,-0.077323
0.002750,0.058814
0.003250,0.126251
0.003750,0.133511
0.004250,0.314839
0.004750,0.531379
0.005250,0.655940
0.005750,0.650375
0.006250,0.585258
0.006750,0.588752
0.007250,0.667928
0.007750,0.685131
0.008250,0.726063
0.008750,0.622510
0.009250,0.473028
0.009750,0.403634
0.010250,0.442140
0.010750,0.540484
0.011250,0.727297
0.011750,0.784368
0.012250,0.824148
0.012750,0.867137
0.013250,0.867745
0.013750,0.906699
0.014250,1.030436
0.014750,1.216871
0.015250,1.337895
0.015750,1.539204
0.016250,1.551523
0.016750,1.624776
0.017250,1.679714
0.017750,1.572148
0.018250,1.455196
0.018750,1.459193
0.019250,1.476137
0.019750,1.499854
0.020250,1.551397
0.020750,1.611503
0.021250,1.593842
0.021750,1.474009
0.022250,1.405426
0.022750,1.312384
0.023250,1.164263
0.023750,1.098744
0.024250,1.098661
0.024750,1.121441
0.025250,1.127127
0.025750,1.194180
0.026250,1.380562
0.026750,1.406042
0.027250,1.418748
0.027750,1.407989
0.028250,1.398551
0.028750,1.392802
0.029250,1.380636
0.029750,1.385450
0.030250,1.414539
0.030750,1.575172
0.031250,1.703293
0.031750,1.717224
0.032250,1.808900
0.032750,2.003816
0.033250,1.983731
0.033750,1.951622
0.034250,2.008389
0.034750,2.014981
0.035250,1.818692
0.035750,1.840868
0.036250,1.746569
0.036750,1.665418
0.037250,1.719369
0.037750,1.602191
0.038250,1.674597
0.038750,1.698777
0.039250,1.663821
0.039750,1.713598
0.040250,1.603903
0.040750,1.654361
0.041250,1.520997
0.041750,1.359385
0.042250,1.300754
0.042750,1.174949
0.043250,1.023647
0.043750,0.948508
0.044250,0.854039
0.044750,0.874320
0.045250,0.880428
0.045750,1.012979
0.046250,0.836699
0.046750,0.982521
0.047250,1.156878
0.047750,1.121943
0.048250,1.239850
0.048750,1.101144
0.049250,1.191929
0.049750,1.032030
0.050250,1.113532
0.050750,1.080924
0.051250,1.067239
0.051750,1.018080
0.052250,0.947124
0.052750,1.164926
0.053250,1.162059
0.053750,1.337748
0.054250,1.252215
0.054750,1.448879
0.055250,1.448336
0.055750,1.636881
0.056250,1.725257
0.056750,1.762346
0.057250,1.601310
0.057750,1.675682
0.058250,1.701559
0.058750,1.669693
0.059250,1.468967
0.059750,1.486438
0.060250,1.319221
0.060750,1.345117
0.061250,1.334850
0.061750,1.238880
0.062250,1.210433
0.062750,1.327739
0.063250,1.232561
0.063750,1.247070
0.064250,1.256598
0.064750,1.355094
0.065250,1.301342
0.065750,1.201638
0.066250,1.206005
0.066750,1.026121
0.067250,0.947804
0.067750,0.816105
0.068250,0.873672
0.068750,0.759357
0.069250,0.667634
0.069750,0.392083
0.070250,0.393413
0.070750,0.341107
0.071250,0.470374
0.071750,0.436154
0.072250,0.391223
0.072750,0.313973
0.073250,0.378180
0.073750,0.509720
0.074250,0.495613
0.074750,0.664885
0.075250,0.596071
0.075750,0.682598
0.076250,0.625007
0.076750,0.636322
0.077250,0.628055
0.077750,0.605906
0.078250,0.633826
0.078750,0.586468
0.079250,0.579890
0.079750,0.455892
0.080250,0.555222
0.080750,0.496009
0.081250,0.558301
0.081750,0.750649
0.082250,0.614042
0.082750,0.748763
0.083250,0.771132
0.083750,0.938498
0.084250,1.006754
0.084750,1.074152
0.085250,1.251254
0.085750,1.131504
0.086250,1.185313
0.086750,1.188431
0.087250,1.110819
0.087750,1.152759
0.088250,1.077787
0.088750,1.103403
0.089250,0.986045
0.089750,0.926211
0.090250,0.919405
0.090750,0.600795
0.091250,0.708827
0.091750,0.554917
0.092250,0.734820
0.092750,0.683440
0.093250,0.575126
0.093750,0.657585
0.094250,0.503211
0.094750,0.531119
0.095250,0.611478
0.095750,0.482308
0.096250,0.649545
0.096750,0.623546
0.097250,0.572132
0.097750,0.451710
0.098250,0.328640
0.098750,0.343407
0.099250,0.118150
0.099750,0.093285
0.100250,0.113856
0.100750,-0.192066
0.101250,-0.244726
0.101750,-0.268956
0.102250,-0.444461
0.102750,-0.469943
0.103250,-0.601104
0.103750,-0.738014
0.104250,-0.559278
0.104750,-0.669715
0.105250,-0.547150
0.105750,-0.467110
0.106250,-0.616466
0.106750,-0.537917
0.107250,-0.550424
0.107750,-0.477624
0.108250,-0.329978
0.108750,-0.430511
0.109250,-0.429025
0.109750,-0.455140
0.110250,-0.564664
0.110750,-0.380289
0.111250,-0.376529
0.111750,-0.503987
0.112250,-0.488503
0.112750,-0.529644
0.113250,-0.742275
0.113750,-0.500639
0.114250,-0.717254
0.114750,-0.654188
0.115250,-0.597268
0.115750,-0.813397
0.116250,-0.609547
0.116750,-0.491120
0.117250,-0.601596
0.117750,-0.436160
0.118250,-0.486822
0.118750,-0.394751
0.119250,-0.197441
0.119750,-0.213961
0.120250,-0.243095
0.120750,-0.031958
0.121250,-0.193323
0.121750,-0.087643
0.122250,-0.079320
0.122750,-0.087702
0.123250,-0.123154
0.123750,-0.139498
0.124250,-0.272863
0.124750,-0.249891
0.125250,-0.334251
0.125750,-0.473566
0.126250,-0.500113
0.126750,-0.428196
0.127250,-0.704253
0.127750,-0.667074
0.128250,-0.679326
0.128750,-0.889642
0.129250,-0.669059
0.129750,-0.862779
0.130250,-0.872747
0.130750,-0.812807
0.131250,-0.970128
0.131750,-0.984126
0.132250,-0.793627
0.132750,-0.688715
0.133250,-0.942404
0.133750,-0.733998
0.134250,-0.881216
0.134750,-1.102657
0.135250,-0.942882
0.135750,-0.961921
0.136250,-1.242650
0.136750,-1.287908
0.137250,-1.360634
0.137750,-1.459106
0.138250,-1.391654
0.138750,-1.527294
0.139250,-1.691147
0.139750,-1.821284
0.140250,-1.751115
0.140750,-2.093771
0.141250,-2.065644
0.141750,-1.975952
0.142250,-2.225085
0.142750,-2.036939
0.143250,-2.102698
0.143750,-2.146902
0.144250,-2.158667
0.144750,-2.123762
0.145250,-2.232775
0.145750,-2.253081
0.146250,-2.003048
0.146750,-1.954998
0.147250,-1.836277
0.147750,-1.748513
0.148250,-1.953653
0.148750,-2.022213
0.149250,-1.768856
0.149750,-1.839660
0.150250,-1.972419
0.150750,-1.959739
0.151250,-1.963999
0.151750,-1.930795
0.152250,-1.906760
0.152750,-1.735282
0.153250,-1.955878
0.153750,-2.056721
0.154250,-2.020024
0.154750,-2.268726
0.155250,-2.236658
0.155750,-2.051646
0.156250,-1.941357
0.156750,-2.067953
0.157250,-1.966143
0.157750,-1.791955
0.158250,-1.869742
0.158750,-1.773889
0.159250,-1.665334
0.159750,-1.807833
0.160250,-1.670767
0.160750,-1.325679
0.161250,-1.403315
0.161750,-1.581164
0.162250,-1.269095
0.162750,-1.183322
0.163250,-1.205050
0.163750,-1.191434
0.164250,-1.157609
0.164750,-1.259665
0.165250,-1.264085
0.165750,-1.220573
0.166250,-1.317944
0.166750,-1.208997
0.167250,-1.110503
0.167750,-1.234521
0.168250,-1.616234
0.168750,-1.421962
0.169250,-1.386022
0.169750,-1.628060
0.170250,-1.678070
0.170750,-1.649191
0.171250,-1.738249
0.171750,-1.748688
0.172250,-1.652595
0.172750,-1.631088
0.173250,-1.715262
0.173750,-1.670485
0.174250,-1.698195
0.174750,-1.732165
0.175250,-1.826301
0.175750,-1.602522
0.176250,-1.754991
0.176750,-1.709449
0.177250,-1.621572
0.177750,-1.458086
0.178250,-1.648898
0.178750,-1.690162
0.179250,-1.589169
0.179750,-1.696379
0.180250,-1.876575
0.180750,-1.876922
0.181250,-1.644019
0.181750,-1.837849
0.182250,-2.006447
0.182750,-1.991931
0.183250,-2.061870
0.183750,-2.326388
0.184250,-2.325014
0.184750,-2.366157
0.185250,-2.442803
0.185750,-2.581268
0.186250,-2.563021
0.186750,-2.461728
0.187250,-2.666809
0.187750,-2.676438
0.188250,-2.436930
0.188750,-2.539159
0.189250,-2.609003
0.189750,-2.369986
0.190250,-2.505688
0.190750,-2.649695
0.191250,-2.490902
0.191750,-2.198509
0.192250,-2.338871
0.192750,-2.427574
0.193250,-2.118042
0.193750,-1.979458
0.194250,-2.048911
0.194750,-2.063080
0.195250,-1.873859
0.195750,-2.043363
0.196250,-2.161739
0.196750,-2.029348
0.197250,-2.093652
0.197750,-2.000734
0.198250,-2.180887
0.198750,-2.010152
0.199250,-1.849778
0.199750,-1.901215
0.200250,-1.926454
0.200750,-1.899110
0.201250,-1.979182
0.201750,-2.068708
0.202250,-2.093648
0.202750,-1.892083
0.203250,-1.996313
0.203750,-1.999813
0.204250,-1.828171
0.204750,-1.678585
0.205250,-1.672476
0.205750,-1.663747
0.206250,-1.502772
0.206750,-1.311873
0.207250,-1.517749
0.207750,-1.512684
0.208250,-1.223762
0.208750,-1.279346
0.209250,-1.333061
0.209750,-1.078222
0.210250,-0.839228
0.210750,-0.841936
0.211250,-0.883938
0.211750,-0.717304
0.212250,-0.670822
0.212750,-0.797604
0.213250,-0.906358
0.213750,-0.910236
0.214250,-0.682130
0.214750,-0.852566
0.215250,-0.860847
0.215750,-0.714795
0.216250,-0.758132
0.216750,-1.019081
0.217250,-1.067738
0.217750,-0.956150
0.218250,-1.001037
0.218750,-1.152251
0.219250,-1.218257
0.219750,-0.973935
0.220250,-1.157770
0.220750,-1.196359
0.221250,-1.209693
0.221750,-1.043038
0.222250,-1.104008
0.222750,-1.245822
0.223250,-1.118333
0.223750,-0.989690
0.224250,-1.171074
0.224750,-1.190630
0.225250,-1.222757
0.225750,-1.030228
0.226250,-1.042570
0.226750,-0.955357
0.227250,-0.666087
0.227750,-0.709946
0.228250,-0.862300
0.228750,-1.044732
0.229250,-0.857959
0.229750,-1.010823
0.230250,-1.125411
0.230750,-1.321803
0.231250,-1.159266
0.231750,-1.171001
0.232250,-1.318934
0.232750,-1.359921
0.233250,-1.291442
0.233750,-1.264887
0.234250,-1.548604
0.234750,-1.717608
0.235250,-1.551422
0.235750,-1.799154
0.236250,-1.923923
0.236750,-1.924929
0.237250,-1.967099
0.237750,-1.805572
0.238250,-1.862249
0.238750,-1.959000
0.239250,-1.922962
0.239750,-1.851859
0.240250,-1.782104
0.240750,-1.790811
0.241250,-1.859627
0.241750,-1.672393
0.242250,-1.733696
0.242750,-2.045917
0.243250,-1.834396
0.243750,-1.687972
0.244250,-1.677919
0.244750,-1.497245
0.245250,-1.217071
0.245750,-1.156291
0.246250,-1.253965
0.246750,-1.289275
0.247250,-1.204300
0.247750,-1.209055
0.248250,-1.373793
0.248750,-1.423304
0.249250,-1.252490
0.249750,-1.139578
0.250250,-1.099245
0.250750,-1.324803
0.251250,-1.255317
0.251750,-1.188483
0.252250,-1.118089
0.252750,-1.207409
0.253250,-1.232014
0.253750,-1.198583
0.254250,-1.109570
0.254750,-1.418731
0.255250,-1.414951
0.255750,-1.165747
0.256250,-1.333749
0.256750,-1.338398
0.257250,-0.978630
0.257750,-0.764685
0.258250,-0.910387
0.258750,-1.128572
0.259250,-0.989794
0.259750,-0.686672
0.260250,-0.669952
0.260750,-0.625083
0.261250,-0.517013
0.261750,-0.502139
0.262250,-0.251645
0.262750,-0.452494
0.263250,-0.495944
0.263750,-0.332524
0.264250,-0.104843
0.264750,-0.100163
0.265250,-0.177628
0.265750,-0.105416
0.266250,0.181550
0.266750,0.149407
0.267250,-0.002669
0.267750,0.001611
0.268250,0.163969
0.268750,0.241370
0.269250,0.093972
0.269750,0.033186
0.270250,0.002384
0.270750,0.130339
0.271250,-0.151031
0.271750,-0.166145
0.272250,-0.229561
0.272750,-0.055942
0.273250,-0.303059
0.273750,-0.340901
0.274250,-0.211059
0.274750,-0.249899
0.275250,-0.220069
0.275750,-0.295329
0.276250,-0.373252
0.276750,-0.405005
0.277250,-0.134060
0.277750,-0.304649
0.278250,-0.402521
0.278750,-0.296224
0.279250,-0.225823
0.279750,-0.223477
0.280250,-0.382706
0.280750,-0.267874
0.281250,-0.241107
0.281750,-0.246034
0.282250,-0.124460
0.282750,-0.302870
0.283250,-0.039450
0.283750,0.081002
0.284250,-0.078207
0.284750,-0.302432
0.285250,-0.135596
0.285750,-0.046282
0.286250,-0.106065
0.286750,-0.256101
0.287250,-0.182822
0.287750,-0.286953
0.288250,-0.279265
0.288750,-0.446076
0.289250,-0.639116
0.289750,-0.598234
0.290250,-0.527887
0.290750,-0.750975
0.291250,-0.683657
0.291750,-0.757705
0.292250,-0.648808
0.292750,-0.777369
0.293250,-0.961537
0.293750,-1.074078
0.294250,-1.050471
0.294750,-0.954120
0.295250,-0.820882
0.295750,-0.923251
0.296250,-1.066423
0.296750,-1.056306
0.297250,-0.967877
0.297750,-0.967176
0.298250,-1.011549
0.298750,-0.957915
0.299250,-0.728753
0.299750,-0.788854
0.300250,-1.056078
0.300750,-1.007594
0.301250,-0.615516
0.301750,-0.534607
0.302250,-0.604098
0.302750,-0.557296
0.303250,-0.518185
0.303750,-0.227659
0.304250,-0.366558
0.304750,-0.420493
0.305250,-0.354214
0.305750,-0.304024
0.306250,-0.163888
0.306750,-0.294770
0.307250,-0.298490
0.307750,-0.244476
0.308250,-0.025353
0.308750,-0.181405
0.309250,-0.235718
0.309750,-0.206909
0.310250,-0.196137
0.310750,0.017267
0.311250,-0.174615
0.311750,-0.328951
0.312250,-0.286176
0.312750,-0.081610
0.313250,-0.046622
0.313750,-0.223896
0.314250,-0.183986
0.314750,-0.211316
0.315250,-0.030958
0.315750,-0.058144
0.316250,-0.020809
0.316750,0.056420
0.317250,0.323306
0.317750,0.443400
0.318250,0.318100
0.318750,0.133508
0.319250,0.361117
0.319750,0.420333
0.320250,0.402599
0.320750,0.278810
0.321250,0.652101
0.321750,0.752080
0.322250,1.023889
0.322750,1.029556
0.323250,0.940606
0.323750,1.020958
0.324250,1.238332
0.324750,1.252124
0.325250,1.304698
0.325750,1.233707
0.326250,1.188546
0.326750,1.531166
0.327250,1.363060
0.327750,1.418173
0.328250,1.244738
0.328750,1.460204
0.329250,1.498020
0.329750,1.507394
0.330250,1.256243
0.330750,1.397867
0.331250,1.559204
0.331750,1.704584
0.332250,1.524753
0.332750,1.251276
0.333250,1.379342
0.333750,1.529029
0.334250,1.152004
0.334750,1.137533
0.335250,1.148805
0.335750,0.936907
0.336250,1.134938
0.336750,1.487438
0.337250,1.149120
0.337750,1.209183
0.338250,1.176142
0.338750,1.495131
0.339250,1.353928
0.339750,1.220945
0.340250,1.207461
0.340750,1.225903
0.341250,1.356746
0.341750,1.340413
0.342250,1.043652
0.342750,1.399743
0.343250,1.401462
0.343750,1.544425
0.344250,1.444576
0.344750,1.333634
0.345250,1.398805
0.345750,1.560986
0.346250,1.816164
0.346750,1.608106
0.347250,1.403552
0.347750,1.677889
0.348250,1.842241
0.348750,1.683489
0.349250,1.452213
0.349750,1.126057
0.350250,1.298648
0.350750,1.453304
0.351250,1.370786
0.351750,1.257172
0.352250,0.997117
0.352750,1.285987
0.353250,1.364912
0.353750,1.162949
0.354250,0.969389
0.354750,1.154543
0.355250,1.043538
0.355750,1.070251
0.356250,0.859418
0.356750,0.742933
0.357250,0.867570
0.357750,0.905459
0.358250,1.019764
0.358750,0.829319
0.359250,0.649454
0.359750,0.664090
0.360250,0.860529
0.360750,0.952254
0.361250,0.883379
0.361750,0.882284
0.362250,0.863746
0.362750,0.961620
0.363250,1.272180
0.363750,1.110650
0.364250,0.630028
0.364750,1.115171
0.365250,1.277611
0.365750,1.288213
0.366250,1.404411
0.366750,1.189841
0.367250,1.292057
0.367750,1.643893
0.368250,1.574305
0.368750,1.538719
0.369250,1.539791
0.369750,1.562502
0.370250,1.728565
0.370750,1.827087
0.371250,1.699526
0.371750,1.710385
0.372250,1.601235
0.372750,1.922040
0.373250,1.893300
0.373750,1.723642
0.374250,1.722561
0.374750,1.731959
0.375250,1.941996
0.375750,2.063813
0.376250,1.898916
0.376750,1.625085
0.377250,1.748683
0.377750,1.920909
0.378250,2.024563
0.378750,1.994082
0.379250,1.828539
0.379750,1.809329
0.380250,1.773021
0.380750,1.858408
0.381250,1.893750
0.381750,1.911976
0.382250,2.004659
0.382750,2.183626
0.383250,2.342705
0.383750,2.443250
0.384250,2.200083
0.384750,2.158008
0.385250,2.382651
0.385750,2.696263
0.386250,2.785013
0.386750,2.533559
0.387250,2.474169
0.387750,3.004563
0.388250,2.989039
0.388750,2.938496
0.389250,2.900023
0.389750,2.946031
0.390250,3.125967
0.390750,3.314933
0.391250,3.515006
0.391750,3.325847
0.392250,3.229710
0.392750,3.408717
0.393250,3.719308
0.393750,3.436181
0.394250,3.342946
0.394750,3.258698
0.395250,3.497472
0.395750,3.636166
0.396250,3.538301
0.396750,3.262185
0.397250,3.360258
0.397750,3.439151
0.398250,3.606822
0.398750,3.722318
0.399250,3.492686
0.399750,3.356738
0.400250,3.231198
0.400750,3.397729
0.401250,3.508490
0.401750,3.291171
0.402250,3.205667
0.402750,3.167826
0.403250,3.198862
0.403750,3.246827
0.404250,3.191655
0.404750,3.059963
0.405250,2.978835
0.405750,2.873830
0.406250,3.312790
0.406750,3.408297
0.407250,3.223981
0.407750,3.095195
0.408250,3.116983
0.408750,3.309559
0.409250,3.397547
0.409750,3.293345
0.410250,3.132340
0.410750,3.125942
0.411250,3.174350
0.411750,3.301459
0.412250,3.363806
0.412750,3.261774
0.413250,3.093701
0.413750,3.401416
0.414250,3.710442
0.414750,3.593284
0.415250,3.544739
0.415750,3.234981
0.416250,3.465877
0.416750,3.383976
0.417250,3.336473
0.417750,3.139685
0.418250,3.009562
0.418750,2.962087
0.419250,3.214278
0.419750,3.232088
0.420250,2.946572
0.420750,3.041638
0.421250,3.045693
0.421750,2.860658
0.422250,3.126196
0.422750,2.954862
0.423250,2.615556
0.423750,2.592200
0.424250,2.630420
0.424750,2.710975
0.425250,2.670681
0.425750,2.482824
0.426250,2.187199
0.426750,2.342052
0.427250,2.385148
0.427750,2.518762
0.428250,2.387225
0.428750,2.231095
0.429250,2.152894
0.429750,2.234149
0.430250,2.309753
0.430750,2.290056
0.431250,2.320104
0.431750,2.423773
0.432250,2.291600
0.432750,2.472336
0.433250,2.461987
0.433750,2.788668
0.434250,2.555241
0.434750,2.278486
0.435250,2.303720
0.435750,2.673605
0.436250,2.414980
0.436750,2.579109
0.437250,2.515342
0.437750,2.667654
0.438250,2.810063
0.438750,2.924038
0.439250,2.845232
0.439750,2.856727
0.440250,2.818005
0.440750,3.003734
0.441250,3.101475
0.441750,3.050654
0.442250,2.916791
0.442750,2.690549
0.443250,2.702059
0.443750,2.941454
0.444250,2.962107
0.444750,3.052535
0.445250,2.852075
0.445750,2.769524
0.446250,2.746299
0.446750,3.096903
0.447250,3.166950
0.447750,2.708308
0.448250,2.950824
0.448750,2.868695
0.449250,3.057189
0.449750,2.875513
0.450250,2.871884
0.450750,2.699812
0.451250,2.748138
0.451750,2.821143
0.452250,2.933973
0.452750,2.862074
0.453250,2.883460
0.453750,2.590844
0.454250,2.768965
0.454750,3.090922
0.455250,3.214285
0.455750,3.242507
0.456250,3.079002
0.456750,3.064183
0.457250,3.259754
0.457750,3.358028
0.458250,3.300261
0.458750,3.321074
0.459250,3.268616
0.459750,3.560871
0.460250,3.753082
0.460750,3.732055
0.461250,3.693124
0.461750,3.613084
0.462250,3.691196
0.462750,3.771191
0.463250,3.950929
0.463750,3.847987
0.464250,4.126248
0.464750,3.974302
0.465250,3.849497
0.465750,4.269456
0.466250,4.157022
0.466750,4.136471
0.467250,3.941106
0.467750,3.968497
0.468250,4.069071
0.468750,4.145329
0.469250,3.975347
0.469750,3.859637
0.470250,3.632231
0.470750,3.576853
0.471250,3.863402
0.471750,4.139318
0.472250,4.065025
0.472750,3.734413
0.473250,3.665911
0.473750,3.686328
0.474250,3.716068
0.474750,4.025705
0.475250,3.639647
0.475750,3.566054
0.476250,3.492869
0.476750,3.545400
0.477250,3.353103
0.477750,3.265583
0.478250,3.309798
0.478750,3.284419
0.479250,3.218256
0.479750,3.360987
0.480250,3.212224
0.480750,3.277469
0.481250,3.211715
0.481750,3.293061
0.482250,3.375011
0.482750,3.398431
0.483250,3.528011
0.483750,3.453872
0.484250,3.358372
0.484750,3.209992
0.485250,3.159160
0.485750,3.268294
0.486250,3.204936
0.486750,3.275126
0.487250,3.164673
0.487750,3.312126
0.488250,3.171608
0.488750,3.445088
0.489250,3.569354
0.489750,3.334677
0.490250,3.228734
0.490750,3.401973
0.491250,3.322846
0.491750,3.302225
0.492250,3.415048
0.492750,3.126340
0.493250,2.710329
0.493750,3.093079
0.494250,3.096161
0.494750,2.828892
0.495250,2.787903
0.495750,2.728326
0.496250,2.691030
0.496750,2.893867
0.497250,2.920741
0.497750,2.734609
0.498250,2.687667
0.498750,2.199821
0.499250,2.075415
0.499750,2.203049
0.500250,2.121937
0.500750,2.129920
0.501250,2.052425
0.501750,1.871054
0.502250,1.922306
0.502750,1.964373
0.503250,1.923102
0.503750,1.960496
0.504250,1.695439
0.504750,1.575387
0.505250,1.762725
0.505750,1.777483
0.506250,1.937115
0.506750,2.121448
0.507250,2.130648
0.507750,1.818145
0.508250,1.609781
0.508750,1.868334
0.509250,2.244881
0.509750,2.044241
0.510250,1.935424
0.510750,1.721065
0.511250,1.812961
0.511750,1.684975
0.512250,1.956790
0.512750,1.913993
0.513250,1.912802
0.513750,1.929091
0.514250,2.011687
0.514750,2.431502
0.515250,2.268312
0.515750,2.316638
0.516250,2.128780
0.516750,1.988119
0.517250,2.195487
0.517750,2.430723
0.518250,2.515481
0.518750,2.388814
0.519250,2.131076
0.519750,2.001855
0.520250,2.066930
0.520750,2.254737
0.521250,2.332678
0.521750,2.228644
0.522250,2.289291
0.522750,2.151988
0.523250,2.264741
0.523750,2.292121
0.524250,2.185453
0.524750,2.146810
0.525250,2.019616
0.525750,2.077106
0.526250,2.062864
0.526750,2.014145
0.527250,2.128762
0.527750,1.998691
0.528250,1.693895
0.528750,1.758997
0.529250,1.756983
0.529750,2.131229
0.530250,2.190702
0.530750,2.304944
0.531250,2.137443
0.531750,1.786204
0.532250,1.930808
0.532750,2.102758
0.533250,2.314987
0.533750,2.430208
0.534250,2.471595
0.534750,2.361200
0.535250,2.517139
0.535750,2.519059
0.536250,2.494210
0.536750,2.599346
0.537250,2.282863
0.537750,2.468111
0.538250,2.538282
0.538750,2.745451
0.539250,2.956274
0.539750,2.881794
0.540250,2.754092
0.540750,3.086614
0.541250,2.926397
0.541750,2.985244
0.542250,3.287052
0.542750,3.191029
0.543250,2.963487
0.543750,3.001025
0.544250,2.987926
0.544750,3.127659
0.545250,3.078760
0.545750,3.029605
0.546250,3.151209
0.546750,2.812634
0.547250,3.148980
0.547750,3.256288
0.548250,3.466779
0.548750,3.180291
0.549250,3.074775
0.549750,2.792828
0.550250,2.782649
0.550750,3.076665
0.551250,3.455015
0.551750,3.189735
0.552250,2.821523
0.552750,2.707892
0.553250,2.678237
0.553750,2.641992
0.554250,2.667121
0.554750,2.552053
0.555250,2.619527
0.555750,2.319360
0.556250,2.569129
0.556750,2.234707
0.557250,2.492850
0.557750,2.514777
0.558250,2.566757
0.558750,2.220242
0.559250,2.360130
0.559750,2.376015
0.560250,2.768694
0.560750,2.563105
0.561250,2.370280
0.561750,2.308011
0.562250,2.217179
0.562750,2.220985
0.563250,2.324155
0.563750,2.317249
0.564250,2.391172
0.564750,1.951998
0.565250,2.089518
0.565750,2.136161
0.566250,2.450745
0.566750,2.573412
0.567250,2.604473
0.567750,2.403635
0.568250,2.188656
0.568750,2.341108
0.569250,2.278923
0.569750,2.374446
0.570250,2.423958
0.570750,2.276938
0.571250,2.257991
0.571750,2.291438
0.572250,2.279278
0.572750,2.437959
0.573250,1.917473
0.573750,2.233163
0.574250,2.113180
0.574750,1.929899
0.575250,2.255544
0.575750,2.052366
0.576250,1.884587
0.576750,1.793745
0.577250,1.408853
0.577750,1.601280
0.578250,1.594476
0.578750,1.528213
0.579250,1.573462
0.579750,1.875073
0.580250,1.457594
0.580750,1.350004
0.581250,1.409977
0.581750,1.301783
0.582250,1.376724
0.582750,1.150925
0.583250,0.900788
0.583750,0.653781
0.584250,0.614581
0.584750,0.853745
0.585250,1.042508
0.585750,0.987560
0.586250,0.900398
0.586750,0.676811
0.587250,0.646007
0.587750,0.670092
0.588250,1.049948
0.588750,0.884654
0.589250,0.702927
0.589750,0.602210
0.590250,0.563662
0.590750,0.497599
0.591250,0.805146
0.591750,0.895878
0.592250,0.810677
0.592750,0.698027
0.593250,0.492311
0.593750,0.579463
0.594250,0.721705
0.594750,1.176282
0.595250,1.300405
0.595750,1.176340
0.596250,0.751214
0.596750,0.917726
0.597250,1.191059
0.597750,1.260485
0.598250,1.232292
0.598750,1.411633
0.599250,0.924915
0.599750,1.024257
0.600250,1.227227
0.600750,1.128508
0.601250,1.312986
0.601750,1.231899
0.602250,1.387135
0.602750,1.026571
0.603250,1.072198
0.603750,1.294679
0.604250,1.264124
0.604750,1.297789
0.605250,1.052538
0.605750,0.868232
0.606250,0.839374
0.606750,1.018962
0.607250,1.107963
0.607750,1.271119
0.608250,1.072050
0.608750,0.980427
0.609250,1.099314
0.609750,1.065512
0.610250,1.181628
0.610750,1.147727
0.611250,0.891529
0.611750,0.931397
0.612250,0.985203
0.612750,1.026432
0.613250,0.732459
0.613750,0.904368
0.614250,1.039099
0.614750,1.200124
0.615250,0.987014
0.615750,0.904336
0.616250,0.931178
0.616750,0.744718
0.617250,1.275837
0.617750,1.100235
0.618250,1.073475
0.618750,0.993196
0.619250,0.898972
0.619750,1.096038
0.620250,1.256781
0.620750,1.605953
0.621250,1.535244
0.621750,1.446789
0.622250,1.463644
0.622750,1.829684
0.623250,1.602560
0.623750,1.931892
0.624250,1.775278
0.624750,1.804306
0.625250,1.728064
0.625750,1.690814
0.626250,1.692068
0.626750,2.063969
0.627250,2.113935
0.627750,1.890771
0.628250,1.942438
0.628750,1.965409
0.629250,1.796205
0.629750,2.063877
0.630250,2.175158
0.630750,1.888881
0.631250,1.928020
0.631750,1.663717
0.632250,1.885516
0.632750,1.805766
0.633250,2.188159
0.633750,2.233821
0.634250,1.840017
0.634750,1.537483
0.635250,1.693641
0.635750,1.768347
0.636250,1.889871
0.636750,1.980863
0.637250,1.877008
0.637750,1.732679
0.638250,1.494501
0.638750,1.581359
0.639250,1.700156
0.639750,1.695571
0.640250,1.495946
0.640750,1.399180
0.641250,1.333427
0.641750,1.021252
0.642250,0.740180
0.642750,1.093579
0.643250,1.439852
0.643750,1.354182
0.644250,1.333993
0.644750,0.948387
0.645250,0.946322
0.645750,1.030552
0.646250,1.062019
0.646750,1.273492
0.647250,1.135219
0.647750,1.085004
0.648250,0.956107
0.648750,0.927441
0.649250,1.013170
0.649750,1.217079
0.650250,0.878669
0.650750,1.074959
0.651250,0.961952
0.651750,0.780543
0.652250,0.683384
0.652750,0.908763
0.653250,1.131405
0.653750,1.022558
0.654250,0.978833
0.654750,0.730361
0.655250,0.773191
0.655750,0.886969
0.656250,1.125034
0.656750,0.977460
0.657250,1.021837
0.657750,0.928263
0.658250,0.865555
0.658750,0.989596
0.659250,0.690973
0.659750,0.651325
0.660250,0.792840
0.660750,0.607061
0.661250,0.649391
0.661750,0.422785
0.662250,0.224627
0.662750,0.584459
0.663250,0.633477
0.663750,0.400279
0.664250,0.488062
0.664750,0.329624
0.665250,0.087102
0.665750,0.141581
0.666250,0.061621
0.666750,-0.030804
0.667250,0.135473
0.667750,-0.041024
0.668250,-0.683593
0.668750,-0.433861
0.669250,-0.282207
0.669750,-0.248898
0.670250,-0.298000
0.670750,-0.556706
0.671250,-0.801543
0.671750,-0.779497
0.672250,-0.806151
0.672750,-0.723407
0.673250,-0.755733
0.673750,-0.670580
0.674250,-0.689343
0.674750,-0.989159
0.675250,-0.946862
0.675750,-0.967244
0.676250,-1.000770
0.676750,-0.836223
0.677250,-0.990698
0.677750,-0.846692
0.678250,-1.253198
0.678750,-1.072311
0.679250,-0.802244
0.679750,-0.918647
0.680250,-1.036368
0.680750,-0.963487
0.681250,-1.043099
0.681750,-1.367462
0.682250,-1.323317
0.682750,-1.119072
0.683250,-0.762618
0.683750,-0.632460
0.684250,-0.517042
0.684750,-1.067815
0.685250,-1.111800
0.685750,-0.948919
0.686250,-0.868392
0.686750,-0.713050
0.687250,-0.636013
0.687750,-0.650108
0.688250,-0.634374
0.688750,-0.968590
0.689250,-0.798657
0.689750,-0.744598
0.690250,-0.484383
0.690750,-0.471211
0.691250,-0.541641
0.691750,-0.751438
0.692250,-0.900513
0.692750,-0.933558
0.693250,-0.798303
0.693750,-0.501680
0.694250,-0.692381
0.694750,-0.856029
0.695250,-1.186290
0.695750,-0.954571
0.696250,-1.001931
0.696750,-0.719573
0.697250,-0.751903
0.697750,-0.803228
0.698250,-0.921379
0.698750,-1.010264
0.699250,-1.159361
0.699750,-0.858823
0.700250,-0.829147
0.700750,-0.917579
0.701250,-1.038598
0.701750,-1.228595
0.702250,-1.424539
0.702750,-1.233433
0.703250,-1.369945
0.703750,-1.332449
0.704250,-1.036540
0.704750,-1.150006
0.705250,-0.846115
0.705750,-1.109701
0.706250,-1.274818
0.706750,-1.410801
0.707250,-1.121387
0.707750,-0.964657
0.708250,-1.120711
0.708750,-0.910135
0.709250,-1.115159
0.709750,-0.986718
0.710250,-1.018148
0.710750,-0.827419
0.711250,-0.854433
0.711750,-0.803197
0.712250,-0.727296
0.712750,-0.885863
0.713250,-0.758944
0.713750,-0.645483
0.714250,-0.711363
0.714750,-0.630317
0.715250,-0.581328
0.715750,-0.520286
0.716250,-0.910729
0.716750,-0.736577
0.717250,-0.476819
0.717750,-0.607481
0.718250,-0.031461
0.718750,-0.091566
0.719250,-0.295289
0.719750,-0.307551
0.720250,-0.257559
0.720750,-0.227603
0.721250,0.092414
0.721750,0.137560
0.722250,-0.179138
0.722750,-0.315951
0.723250,-0.437997
0.723750,-0.243968
0.724250,-0.644996
0.724750,-0.574662
0.725250,-0.390860
0.725750,-0.324714
0.726250,-0.386836
0.726750,-0.668221
0.727250,-0.644034
0.727750,-0.525233
0.728250,-0.488459
0.728750,-0.463065
0.729250,-0.552873
0.729750,-0.543304
0.730250,-1.023935
0.730750,-0.884629
0.731250,-0.907849
0.731750,-0.787361
0.732250,-1.047836
0.732750,-1.102094
0.733250,-1.067616
0.733750,-1.555084
0.734250,-1.102803
0.734750,-1.338594
0.735250,-1.243169
0.735750,-1.125298
0.736250,-1.110393
0.736750,-1.315278
0.737250,-1.443796
0.737750,-1.235278
0.738250,-1.274493
0.738750,-1.414433
0.739250,-1.336295
0.739750,-1.459844
0.740250,-1.456036
0.740750,-1.672049
0.741250,-1.696620
0.741750,-1.477387
0.742250,-1.266209
0.742750,-1.125308
0.743250,-1.455579
0.743750,-1.400986
0.744250,-1.685696
0.744750,-1.498865
0.745250,-1.691449
0.745750,-1.539052
0.746250,-1.423680
0.746750,-1.599768
0.747250,-1.608243
0.747750,-1.578380
0.748250,-2.042612
0.748750,-1.572362
0.749250,-1.505723
0.749750,-1.464104
0.750250,-1.671141
0.750750,-1.646987
0.751250,-1.670625
0.751750,-1.705627
0.752250,-1.769895
0.752750,-1.703598
0.753250,-1.498407
0.753750,-1.838516
0.754250,-1.852439
0.754750,-1.837008
0.755250,-1.959265
0.755750,-2.202489
0.756250,-2.136346
0.756750,-1.945907
0.757250,-2.091483
0.757750,-2.144763
0.758250,-2.376825
0.758750,-2.484579
0.759250,-2.626127
0.759750,-2.472264
0.760250,-2.497858
0.760750,-2.359731
0.761250,-2.504968
0.761750,-2.770374
0.762250,-2.749986
0.762750,-2.737470
0.763250,-2.986393
0.763750,-2.951076
0.764250,-3.179885
0.764750,-3.150791
0.765250,-3.204769
0.765750,-3.436848
0.766250,-3.575731
0.766750,-3.392148
0.767250,-3.188441
0.767750,-3.534168
0.768250,-3.559761
0.768750,-3.529897
0.769250,-3.628162
0.769750,-3.506390
0.770250,-3.600917
0.770750,-3.453539
0.771250,-3.326328
0.771750,-3.350915
0.772250,-3.334940
0.772750,-3.690020
0.773250,-3.520183
0.773750,-3.632670
0.774250,-3.688868
0.774750,-3.271766
0.775250,-3.431576
0.775750,-3.578798
0.776250,-3.709163
0.776750,-3.665443
0.777250,-3.595864
0.777750,-3.759748
0.778250,-3.379023
0.778750,-3.463814
0.779250,-3.247914
0.779750,-3.463947
0.780250,-3.571203
0.780750,-3.497897
0.781250,-3.517212
0.781750,-3.110943
0.782250,-3.130468
0.782750,-2.891020
0.783250,-3.170915
0.783750,-3.186025
0.784250,-3.271989
0.784750,-3.136566
0.785250,-2.923665
0.785750,-2.901375
0.786250,-2.972215
0.786750,-3.014650
0.787250,-3.342743
0.787750,-3.255044
0.788250,-2.920186
0.788750,-3.244727
0.789250,-3.049173
0.789750,-2.987524
0.790250,-3.154273
0.790750,-3.498531
0.791250,-3.424266
0.791750,-3.622191
0.792250,-3.341477
0.792750,-3.220333
0.793250,-3.125172
0.793750,-3.086176
0.794250,-3.078241
0.794750,-3.474385
0.795250,-3.522296
0.795750,-3.533626
0.796250,-3.312807
0.796750,-3.168599
0.797250,-3.223994
0.797750,-3.371800
0.798250,-3.430008
0.798750,-3.458063
0.799250,-3.633232
0.799750,-3.652862
0.800250,-3.757008
0.800750,-3.403245
0.801250,-3.635577
0.801750,-3.267235
0.802250,-3.455384
0.802750,-3.530189
0.803250,-3.560326
0.803750,-3.326211
0.804250,-3.294301
0.804750,-3.300336
0.805250,-2.988293
0.805750,-3.376355
0.806250,-3.412701
0.806750,-3.061875
0.807250,-2.943086
0.807750,-2.692566
0.808250,-3.091622
0.808750,-3.055529
0.809250,-3.023175
0.809750,-2.966782
0.810250,-2.607239
0.810750,-2.718585
0.811250,-2.371268
0.811750,-2.427443
0.812250,-2.618141
0.812750,-2.572067
0.813250,-2.692276
0.813750,-2.717930
0.814250,-2.749379
0.814750,-2.608076
0.815250,-2.268566
0.815750,-2.329930
0.816250,-2.156646
0.816750,-2.390597
0.817250,-2.236411
0.817750,-2.144995
0.818250,-2.424929
0.818750,-1.920942
0.819250,-2.152524
0.819750,-2.204461
0.820250,-2.003593
0.820750,-2.159245
0.821250,-2.446589
0.821750,-2.172311
0.822250,-2.137457
0.822750,-1.858326
0.823250,-2.273777
0.823750,-2.260800
0.824250,-2.317828
0.824750,-2.276724
0.825250,-2.442360
0.825750,-2.412413
0.826250,-1.957611
0.826750,-2.002123
0.827250,-2.259252
0.827750,-2.457334
0.828250,-2.689878
0.828750,-2.582808
0.829250,-2.634698
0.829750,-2.664114
0.830250,-2.539194
0.830750,-2.879641
0.831250,-2.634817
0.831750,-2.828087
0.832250,-3.258792
0.832750,-3.267938
0.833250,-2.888975
0.833750,-2.851215
0.834250,-2.992569
0.834750,-2.765742
0.835250,-2.787517
0.835750,-3.070346
0.836250,-2.943078
0.836750,-2.958930
0.837250,-2.839901
0.837750,-2.893927
0.838250,-2.647173
0.838750,-2.825549
0.839250,-3.039131
0.839750,-2.946009
0.840250,-3.074969
0.840750,-2.961556
0.841250,-3.022142
0.841750,-3.067822
0.842250,-2.879805
0.842750,-2.822273
0.843250,-3.255576
0.843750,-3.119895
0.844250,-2.954704
0.844750,-3.065296
0.845250,-2.677532
0.845750,-2.823617
0.846250,-2.723531
0.846750,-2.921308
0.847250,-3.067811
0.847750,-3.025392
0.848250,-3.311777
0.848750,-2.993502
0.849250,-2.624752
0.849750,-2.717881
0.850250,-2.387744
0.850750,-3.049170
0.851250,-2.862802
0.851750,-2.930117
0.852250,-2.857042
0.852750,-2.324731
0.853250,-2.743552
0.853750,-2.966640
0.854250,-3.217646
0.854750,-3.157994
0.855250,-3.404953
0.855750,-3.293596
0.856250,-3.351513
0.856750,-3.413870
0.857250,-3.482541
0.857750,-3.631349
0.858250,-3.778010
0.858750,-3.733164
0.859250,-3.533259
0.859750,-3.426924
0.860250,-3.382901
0.860750,-3.517205
0.861250,-3.624950
0.861750,-3.623018
0.862250,-3.938843
0.862750,-3.776598
0.863250,-4.027396
0.863750,-3.995115
0.864250,-3.584031
0.864750,-3.709888
0.865250,-3.883000
0.865750,-3.928655
0.866250,-3.996235
0.866750,-4.455358
0.867250,-4.412061
0.867750,-4.173827
0.868250,-4.201303
0.868750,-4.140851
0.869250,-4.229151
0.869750,-4.522532
0.870250,-4.458007
0.870750,-4.627358
0.871250,-4.489648
0.871750,-4.015913
0.872250,-4.431591
0.872750,-4.352885
0.873250,-4.247464
0.873750,-4.387242
0.874250,-4.485417
0.874750,-4.487147
0.875250,-4.354012
0.875750,-4.071373
0.876250,-3.781419
0.876750,-3.838009
0.877250,-4.201914
0.877750,-4.265196
0.878250,-4.229793
0.878750,-4.137718
0.879250,-3.852868
0.879750,-3.880991
0.880250,-3.821101
0.880750,-4.060560
0.881250,-4.045882
0.881750,-4.012501
0.882250,-3.809525
0.882750,-3.870058
0.883250,-3.320032
0.883750,-3.485104
0.884250,-3.731173
0.884750,-3.667434
0.885250,-3.985755
0.885750,-3.591250
0.886250,-3.552177
0.886750,-3.350573
0.887250,-3.114625
0.887750,-3.541455
0.888250,-3.634097
0.888750,-3.654613
0.889250,-3.687550
0.889750,-3.573193
0.890250,-3.753376
0.890750,-3.567097
0.891250,-3.324217
0.891750,-3.482333
0.892250,-3.483595
0.892750,-3.577629
0.893250,-3.775125
0.893750,-3.729544
0.894250,-3.571574
0.894750,-3.212373
0.895250,-3.185919
0.895750,-3.252779
0.896250,-3.285999
0.896750,-3.291216
0.897250,-3.758972
0.897750,-3.453318
0.898250,-3.560097
0.898750,-3.397363
0.899250,-3.521516
0.899750,-3.487830
0.900250,-3.810647
0.900750,-3.905045
0.901250,-3.885902
0.901750,-3.650849
0.902250,-3.665516
0.902750,-3.257237
0.903250,-3.325468
0.903750,-3.671814
0.904250,-3.638886
0.904750,-3.723691
0.905250,-3.482631
0.905750,-3.325128
0.906250,-3.530902
0.906750,-3.077829
0.907250,-3.081030
0.907750,-3.094004
0.908250,-3.237370
0.908750,-3.152650
0.909250,-3.180420
0.909750,-3.050233
0.910250,-3.102477
0.910750,-2.915567
0.911250,-2.568537
0.911750,-2.692359
0.912250,-2.597729
0.912750,-2.857261
0.913250,-2.595026
0.913750,-2.481575
0.914250,-2.586292
0.914750,-2.375663
0.915250,-2.455229
0.915750,-2.438169
0.916250,-2.286437
0.916750,-2.479546
0.917250,-2.143245
0.917750,-2.268887
0.918250,-2.036126
0.918750,-1.811362
0.919250,-1.941763
0.919750,-2.075503
0.920250,-2.068574
0.920750,-2.093452
0.921250,-1.909588
0.921750,-1.624587
0.922250,-1.403990
0.922750,-1.252823
0.923250,-1.815967
0.923750,-1.979537
0.924250,-1.920588
0.924750,-2.147267
0.925250,-2.064448
0.925750,-1.958984
0.926250,-1.731752
0.926750,-1.635852
0.927250,-1.583703
0.927750,-1.611462
0.928250,-1.748704
0.928750,-1.872251
0.929250,-1.817503
0.929750,-1.949319
0.930250,-1.693854
0.930750,-1.715112
0.931250,-1.769761
0.931750,-1.680268
0.932250,-2.024404
0.932750,-2.153713
0.933250,-2.203300
0.933750,-2.266484
0.934250,-1.914797
0.934750,-2.190771
0.935250,-2.320338
0.935750,-2.341859
0.936250,-2.477009
0.936750,-2.486899
0.937250,-2.367744
0.937750,-2.426989
0.938250,-2.241807
0.938750,-2.400568
0.939250,-2.271316
0.939750,-2.610966
0.940250,-2.373201
0.940750,-2.501938
0.941250,-2.241723
0.941750,-2.373003
0.942250,-2.291109
0.942750,-2.102502
0.943250,-2.404612
0.943750,-2.058461
0.944250,-2.422166
0.944750,-2.458021
0.945250,-2.398036
0.945750,-2.530510
0.946250,-2.456110
0.946750,-2.336591
0.947250,-2.428615
0.947750,-2.192696
0.948250,-2.578592
0.948750,-2.380908
0.949250,-2.239416
0.949750,-2.135849
0.950250,-2.140978
0.950750,-2.169457
0.951250,-2.176366
0.951750,-2.322229
0.952250,-2.266406
0.952750,-2.165427
0.953250,-1.945157
0.953750,-2.150778
0.954250,-1.796555
0.954750,-2.139658
0.955250,-2.005831
0.955750,-2.169700
0.956250,-2.445131
0.956750,-2.355482
0.957250,-2.121596
0.957750,-2.095118
0.958250,-1.692133
0.958750,-2.145230
0.959250,-2.092493
0.959750,-2.219867
0.960250,-2.543363
0.960750,-2.542666
0.961250,-2.319021
0.961750,-2.489067
0.962250,-2.205690
0.962750,-2.375370
0.963250,-2.576485
0.963750,-2.570577
0.964250,-2.392919
0.964750,-2.604517
0.965250,-2.544666
0.965750,-2.471257
0.966250,-2.559273
0.966750,-2.514610
0.967250,-2.997927
0.967750,-2.767721
0.968250,-2.892786
0.968750,-3.118289
0.969250,-3.001034
0.969750,-2.804887
0.970250,-3.105159
0.970750,-2.896242
0.971250,-3.207474
0.971750,-3.435098
0.972250,-3.173180
0.972750,-3.758694
0.973250,-3.857414
0.973750,-3.748267
0.974250,-3.494207
0.974750,-3.229990
0.975250,-3.283946
0.975750,-3.377263
0.976250,-3.554940
0.976750,-3.710593
0.977250,-3.481131
0.977750,-3.440078
0.978250,-3.200911
0.978750,-3.352626
0.979250,-3.511935
0.979750,-3.269041
0.980250,-3.684521
0.980750,-3.700642
0.981250,-3.357327
0.981750,-3.359174
0.982250,-3.420762
0.982750,-3.186848
0.983250,-3.477837
0.983750,-3.407641
0.984250,-3.407202
0.984750,-3.498242
0.985250,-3.334989
0.985750,-3.243873
0.986250,-2.995167
0.986750,-2.815934
0.987250,-2.887802
0.987750,-3.042171
0.988250,-3.069906
0.988750,-3.100854
0.989250,-3.062742
0.989750,-2.867460
0.990250,-2.904076
0.990750,-2.560792
0.991250,-2.586098
0.991750,-2.630993
0.992250,-2.833340
0.992750,-2.818604
0.993250,-2.675931
0.993750,-2.754956
0.994250,-2.716791
0.994750,-2.470145
0.995250,-2.430808
0.995750,-2.309338
0.996250,-2.660186
0.996750,-2.712155
0.997250,-2.727838
0.997750,-2.856218
0.998250,-2.885135
0.998750,-2.322947
0.999250,-2.213074
0.999750,-2.370075
