0.000250,0.115459
0.000750,0.064174
0.001250,0.076107
0.001750,-0.100908
0.002250,-0.129581
0.002750,0.050166
0.003250,0.113539
0.003750,0.095383
0.004250,0.307826
0.004750,0.583764
0.005250,0.749653
0.005750,0.714534
0.006250,0.620565
0.006750,0.666876
0.007250,0.749271
0.007750,0.790482
0.008250,0.822337
0.008750,0.675829
0.009250,0.450077
0.009750,0.433557
0.010250,0.445118
0.010750,0.688090
0.011250,0.872335
0.011750,0.899544
0.012250,0.918256
0.012750,0.854229
0.013250,0.890816
0.013750,1.046766
0.014250,1.033411
0.014750,1.328527
0.015250,1.509016
0.015750,1.767343
0.016250,1.657952
0.016750,1.803108
0.017250,1.901497
0.017750,1.645086
0.018250,1.486047
0.018750,1.566509
0.019250,1.626881
0.019750,1.683039
0.020250,1.584781
0.020750,1.624309
0.021250,1.686159
0.021750,1.594146
0.022250,1.357274
0.022750,1.343169
0.023250,1.244864
0.023750,1.293699
0.024250,1.111081
0.024750,1.248382
0.025250,1.237610
0.025750,1.227415
0.026250,1.503287
0.026750,1.559138
0.027250,1.503717
0.027750,1.658985
0.028250,1.547888
0.028750,1.548037
0.029250,1.604012
0.029750,1.543616
0.030250,1.499634
0.030750,1.728549
0.031250,1.854204
0.031750,1.760489
0.032250,2.037964
0.032750,2.089252
0.033250,2.103354
0.033750,2.081547
0.034250,2.187026
0.034750,2.165734
0.035250,1.840426
0.035750,1.991336
0.036250,1.897652
0.036750,1.708519
0.037250,1.953749
0.037750,1.872962
0.038250,1.704006
0.038750,1.970714
0.039250,1.733605
0.039750,1.686623
0.040250,1.652002
0.040750,1.847455
0.041250,1.562211
0.041750,1.454779
0.042250,1.360414
0.042750,1.159844
0.043250,1.172200
0.043750,0.806983
0.044250,0.793894
0.044750,0.838676
0.045250,0.924181
0.045750,1.082508
0.046250,0.994737
0.046750,1.091926
0.047250,1.098867
0.047750,0.994548
0.048250,1.272748
0.048750,1.039238
0.049250,1.258293
0.049750,1.036597
0.050250,1.163577
0.050750,0.983710
0.051250,1.087220
0.051750,1.180203
0.052250,0.887535
0.052750,1.307275
0.053250,1.144876
0.053750,1.493076
0.054250,1.069657
0.054750,1.415675
0.055250,1.337855
0.055750,1.707889
0.056250,1.929425
0.056750,1.858992
0.057250,1.640731
0.057750,1.883198
0.058250,1.843553
0.058750,1.730800
0.059250,1.559939
0.059750,1.735283
0.060250,1.406327
0.060750,1.485614
0.061250,1.488007
0.061750,1.180798
0.062250,1.149082
0.062750,1.301385
0.063250,1.192476
0.063750,1.500006
0.064250,1.525894
0.064750,1.578269
0.065250,1.378030
0.065750,0.953204
0.066250,1.309671
0.066750,1.025353
0.067250,0.936706
0.067750,0.859303
0.068250,0.984339
0.068750,0.833294
0.069250,0.619348
0.069750,0.330588
0.070250,0.064113
0.070750,0.539550
0.071250,0.469726
0.071750,0.416594
0.072250,0.255235
0.072750,0.176489
0.073250,0.391989
0.073750,0.779860
0.074250,0.522313
0.074750,0.919804
0.075250,0.719259
0.075750,0.712818
0.076250,0.651698
0.076750,0.474728
0.077250,0.287630
0.077750,0.510214
0.078250,0.634996
0.078750,0.701394
0.079250,0.600270
0.079750,0.401591
0.080250,0.408709
0.080750,0.527060
0.081250,0.635769
0.081750,0.886903
0.082250,0.637594
0.082750,0.664000
0.083250,1.026415
0.083750,1.128548
0.084250,0.818510
0.084750,1.378000
0.085250,1.467967
0.085750,0.824736
0.086250,1.255817
0.086750,0.984189
0.087250,1.124900
0.087750,1.148014
0.088250,1.029396
0.088750,0.931482
0.089250,0.901824
0.089750,0.943672
0.090250,1.177918
0.090750,0.540614
0.091250,0.686964
0.091750,0.345348
0.092250,0.493929
0.092750,0.718162
0.093250,0.408650
0.093750,0.320674
0.094250,0.490296
0.094750,0.348817
0.095250,0.604820
0.095750,0.524755
0.096250,0.896200
0.096750,0.685517
0.097250,0.600779
0.097750,0.363853
0.098250,0.386725
0.098750,0.469815
0.099250,0.146170
0.099750,0.020168
0.100250,0.049489
0.100750,-0.491959
0.101250,-0.335789
0.101750,-0.258171
0.102250,-0.609749
0.102750,-0.608246
0.103250,-0.703697
0.103750,-0.750245
0.104250,-0.736174
0.104750,-0.596534
0.105250,-0.622182
0.105750,-0.276681
0.106250,-0.804721
0.106750,-0.748130
0.107250,-0.685461
0.107750,-0.465277
0.108250,-0.321888
0.108750,-0.627472
0.109250,-0.680998
0.109750,-0.574751
0.110250,-0.910792
0.110750,-0.269878
0.111250,-0.523004
0.111750,-0.456214
0.112250,-0.629190
0.112750,-0.455525
0.113250,-1.093706
0.113750,-0.336807
0.114250,-0.977771
0.114750,-0.987989
0.115250,-0.817975
0.115750,-0.847656
0.116250,-0.900330
0.116750,-0.574477
0.117250,-0.703510
0.117750,-0.619319
0.118250,-0.452091
0.118750,-0.341464
0.119250,-0.175974
0.119750,-0.065808
0.120250,-0.090760
0.120750,0.196264
0.121250,-0.513054
0.121750,-0.187760
0.122250,-0.368036
0.122750,-0.031249
0.123250,-0.242326
0.123750,-0.199442
0.124250,-0.636766
0.124750,-0.160899
0.125250,-0.237419
0.125750,-0.319546
0.126250,-0.523641
0.126750,-0.488929
0.127250,-0.761893
0.127750,-0.676810
0.128250,-0.581982
0.128750,-0.935867
0.129250,-0.605987
0.129750,-0.638102
0.130250,-1.018586
0.130750,-1.183687
0.131250,-1.178356
0.131750,-0.926455
0.132250,-0.840783
0.132750,-0.820521
0.133250,-1.055843
0.133750,-0.708374
0.134250,-0.916322
0.134750,-1.562386
0.135250,-0.593527
0.135750,-1.147801
0.136250,-1.461436
0.136750,-1.303800
0.137250,-1.857307
0.137750,-1.299656
0.138250,-1.518893
0.138750,-1.446992
0.139250,-1.887150
0.139750,-1.708671
0.140250,-2.053225
0.140750,-1.755030
0.141250,-2.163723
0.141750,-2.122280
0.142250,-2.425125
0.142750,-2.180727
0.143250,-2.204192
0.143750,-2.552750
0.144250,-2.231469
0.144750,-2.377410
0.145250,-2.539065
0.145750,-2.674799
0.146250,-2.417639
0.146750,-2.149469
0.147250,-1.921657
0.147750,-1.786700
0.148250,-2.148487
0.148750,-1.931150
0.149250,-1.655194
0.149750,-2.025671
0.150250,-2.521838
0.150750,-1.850393
0.151250,-2.091398
0.151750,-2.160464
0.152250,-2.017313
0.152750,-1.805977
0.153250,-2.204616
0.153750,-2.415177
0.154250,-2.451616
0.154750,-2.664050
0.155250,-2.467159
0.155750,-2.335018
0.156250,-2.305093
0.156750,-2.035372
0.157250,-1.982871
0.157750,-2.020495
0.158250,-1.903724
0.158750,-2.030357
0.159250,-1.634931
0.159750,-1.842877
0.160250,-1.519513
0.160750,-1.677717
0.161250,-1.422635
0.161750,-1.756172
0.162250,-1.198702
0.162750,-1.110330
0.163250,-1.232563
0.163750,-1.268837
0.164250,-1.451966
0.164750,-1.903051
0.165250,-1.617691
0.165750,-1.268441
0.166250,-1.368436
0.166750,-1.015648
0.167250,-1.052940
0.167750,-1.197089
0.168250,-1.798009
0.168750,-1.621848
0.169250,-1.517665
0.169750,-1.887257
0.170250,-1.659813
0.170750,-1.880247
0.171250,-2.157769
0.171750,-1.967483
0.172250,-1.340995
0.172750,-1.651947
0.173250,-1.807062
0.173750,-1.897588
0.174250,-1.861850
0.174750,-2.133545
0.175250,-1.701099
0.175750,-1.444771
0.176250,-2.199569
0.176750,-1.944169
0.177250,-1.634899
0.177750,-1.515834
0.178250,-1.860664
0.178750,-1.881031
0.179250,-1.529714
0.179750,-1.545800
0.180250,-1.948283
0.180750,-2.128977
0.181250,-1.579133
0.181750,-1.931994
0.182250,-2.168209
0.182750,-2.081752
0.183250,-2.419351
0.183750,-2.589423
0.184250,-2.941654
0.184750,-2.695447
0.185250,-2.414865
0.185750,-2.903044
0.186250,-3.016042
0.186750,-2.568418
0.187250,-2.706201
0.187750,-3.033809
0.188250,-2.204716
0.188750,-2.967481
0.189250,-2.621300
0.189750,-2.593506
0.190250,-2.514122
0.190750,-2.893273
0.191250,-2.903065
0.191750,-2.509275
0.192250,-3.152344
0.192750,-2.749720
0.193250,-2.549051
0.193750,-2.394244
0.194250,-2.309535
0.194750,-2.312649
0.195250,-2.051376
0.195750,-2.481652
0.196250,-2.576777
0.196750,-2.253646
0.197250,-2.464300
0.197750,-2.304326
0.198250,-2.584618
0.198750,-2.423116
0.199250,-2.177471
0.199750,-2.013162
0.200250,-1.989444
0.200750,-1.870118
0.201250,-2.068369
0.201750,-2.376422
0.202250,-2.205673
0.202750,-2.303699
0.203250,-1.977409
0.203750,-2.271767
0.204250,-2.109643
0.204750,-2.091839
0.205250,-2.020084
0.205750,-1.365041
0.206250,-1.450139
0.206750,-1.494389
0.207250,-1.794268
0.207750,-1.567043
0.208250,-1.326361
0.208750,-1.142107
0.209250,-1.011049
0.209750,-1.046485
0.210250,-0.437466
0.210750,-0.859526
0.211250,-0.833108
0.211750,-0.299925
0.212250,-0.794335
0.212750,-0.955915
0.213250,-0.963263
0.213750,-0.645477
0.214250,-0.793473
0.214750,-1.087463
0.215250,-0.301220
0.215750,-0.919963
0.216250,-0.463500
0.216750,-1.311252
0.217250,-1.363335
0.217750,-0.759976
0.218250,-1.422879
0.218750,-1.058127
0.219250,-1.296971
0.219750,-0.911586
0.220250,-1.044754
0.220750,-1.234416
0.221250,-0.978829
0.221750,-0.949417
0.222250,-0.730175
0.222750,-1.330083
0.223250,-1.219634
0.223750,-1.171874
0.224250,-1.393917
0.224750,-1.534725
0.225250,-1.396610
0.225750,-1.535976
0.226250,-1.097678
0.226750,-0.975248
0.227250,-0.331311
0.227750,-0.714017
0.228250,-1.013949
0.228750,-1.449938
0.229250,-0.874217
0.229750,-0.908049
0.230250,-1.265015
0.230750,-1.352388
0.231250,-1.043657
0.231750,-1.212860
0.232250,-1.194718
0.232750,-1.746730
0.233250,-1.288774
0.233750,-1.238186
0.234250,-2.025075
0.234750,-1.850956
0.235250,-1.167909
0.235750,-2.118275
0.236250,-2.049655
0.236750,-2.179805
0.237250,-1.680255
0.237750,-1.963944
0.238250,-2.203479
0.238750,-1.918267
0.239250,-2.235121
0.239750,-2.049594
0.240250,-1.760463
0.240750,-2.127856
0.241250,-2.238602
0.241750,-1.560660
0.242250,-1.765405
0.242750,-2.502925
0.243250,-2.107143
0.243750,-1.746197
0.244250,-2.227149
0.244750,-1.604237
0.245250,-1.373975
0.245750,-0.814921
0.246250,-1.268502
0.246750,-1.391128
0.247250,-1.278054
0.247750,-1.541311
0.248250,-1.335888
0.248750,-1.567414
0.249250,-1.847615
0.249750,-1.530827
0.250250,-1.332916
0.250750,-1.630754
0.251250,-1.498117
0.251750,-1.418013
0.252250,-1.321595
0.252750,-0.930116
0.253250,-1.180375
0.253750,-1.665399
0.254250,-0.611818
0.254750,-1.542509
0.255250,-1.598844
0.255750,-1.264633
0.256250,-1.392772
0.256750,-1.327483
0.257250,-1.269338
0.257750,-0.625842
0.258250,-0.948343
0.258750,-1.329265
0.259250,-0.972808
0.259750,-0.979425
0.260250,-0.382980
0.260750,-0.584448
0.261250,-0.390638
0.261750,-0.177316
0.262250,0.302003
0.262750,-0.068957
0.263250,-0.473328
0.263750,-0.418992
0.264250,0.415195
0.264750,-0.510261
0.265250,-0.014246
0.265750,-0.120344
0.266250,0.359641
0.266750,0.451553
0.267250,0.397613
0.267750,0.045517
0.268250,0.054334
0.268750,0.325709
0.269250,0.119962
0.269750,0.138803
0.270250,0.298887
0.270750,0.279832
0.271250,-0.487711
0.271750,-0.340802
0.272250,-0.203932
0.272750,-0.247210
0.273250,-0.296628
0.273750,-0.524341
0.274250,0.042874
0.274750,0.001494
0.275250,-0.226979
0.275750,-0.371974
0.276250,-0.080562
0.276750,-0.545014
0.277250,-0.498155
0.277750,0.195055
0.278250,-0.817977
0.278750,0.149084
0.279250,0.233950
0.279750,-0.239146
0.280250,-0.102328
0.280750,-0.291288
0.281250,0.117927
0.281750,-0.267703
0.282250,0.023983
0.282750,0.251295
0.283250,0.136996
0.283750,0.116130
0.284250,0.217944
0.284750,-0.708913
0.285250,-0.228622
0.285750,0.152984
0.286250,0.142939
0.286750,-0.173047
0.287250,-0.165288
0.287750,-0.235216
0.288250,-0.365365
0.288750,-0.411652
0.289250,-0.944183
0.289750,-0.263119
0.290250,-0.567071
0.290750,-0.431045
0.291250,-0.317030
0.291750,-0.624734
0.292250,-0.572365
0.292750,-0.748236
0.293250,-0.872159
0.293750,-1.122668
0.294250,-1.345749
0.294750,-1.133745
0.295250,-0.316245
0.295750,-0.697819
0.296250,-1.154247
0.296750,-1.202128
0.297250,-1.030549
0.297750,-0.920107
0.298250,-0.936773
0.298750,-0.906028
0.299250,-0.809831
0.299750,-0.211466
0.300250,-1.303844
0.300750,-1.574462
0.301250,-0.468917
0.301750,-0.503320
0.302250,-0.759073
0.302750,-0.306227
0.303250,-0.435412
0.303750,-0.005999
0.304250,-0.361635
0.304750,-0.543898
0.305250,-0.347373
0.305750,0.045451
0.306250,-0.205618
0.306750,-0.158882
0.307250,-0.111893
0.307750,0.026355
0.308250,-0.052713
0.308750,0.144959
0.309250,-0.247011
0.309750,0.131986
0.310250,-0.226172
0.310750,-0.311896
0.311250,-0.301744
0.311750,-0.366459
0.312250,-0.143990
0.312750,0.252917
0.313250,0.184050
0.313750,-0.323410
0.314250,0.038885
0.314750,-0.326461
0.315250,0.295249
0.315750,0.225047
0.316250,-0.099426
0.316750,0.206391
0.317250,0.580040
0.317750,0.530883
0.318250,0.320906
0.318750,0.130260
0.319250,0.777476
0.319750,0.378987
0.320250,0.429834
0.320750,0.301341
0.321250,1.113524
0.321750,1.029038
0.322250,1.655839
0.322750,1.628463
0.323250,1.517122
0.323750,1.818975
0.324250,1.862646
0.324750,1.928928
0.325250,1.363722
0.325750,1.767830
0.326250,1.483823
0.326750,1.492523
0.327250,1.651195
0.327750,1.408283
0.328250,1.632029
0.328750,1.919972
0.329250,1.802224
0.329750,2.010779
0.330250,1.456848
0.330750,1.812351
0.331250,1.691250
0.331750,1.832212
0.332250,1.315744
0.332750,1.249030
0.333250,2.224837
0.333750,2.467929
0.334250,1.416668
0.334750,1.933571
0.335250,1.780662
0.335750,1.421454
0.336250,1.185589
0.336750,1.976959
0.337250,1.384477
0.337750,1.568957
0.338250,1.616055
0.338750,2.091522
0.339250,1.686627
0.339750,1.266357
0.340250,1.480588
0.340750,1.535242
0.341250,1.512246
0.341750,1.921489
0.342250,1.079101
0.342750,1.705751
0.343250,1.247508
0.343750,1.640740
0.344250,1.549980
0.344750,1.422739
0.345250,1.477600
0.345750,1.862218
0.346250,2.540410
0.346750,2.192073
0.347250,1.927569
0.347750,2.170998
0.348250,2.122379
0.348750,1.692872
0.349250,1.385358
0.349750,1.275370
0.350250,1.555867
0.350750,1.727202
0.351250,1.704530
0.351750,1.953659
0.352250,1.142179
0.352750,2.164396
0.353250,1.617962
0.353750,0.896202
0.354250,1.811212
0.354750,1.431489
0.355250,1.533507
0.355750,1.415096
0.356250,1.399008
0.356750,1.101134
0.357250,1.217782
0.357750,1.428226
0.358250,1.166963
0.358750,1.072355
0.359250,1.114532
0.359750,0.393687
0.360250,1.367135
0.360750,1.142878
0.361250,1.152122
0.361750,0.864063
0.362250,1.207887
0.362750,1.145676
0.363250,1.510502
0.363750,1.143979
0.364250,0.746385
0.364750,1.679385
0.365250,1.221844
0.365750,1.589079
0.366250,1.851128
0.366750,1.355295
0.367250,1.313117
0.367750,1.827370
0.368250,2.288391
0.368750,1.674573
0.369250,2.312384
0.369750,2.355905
0.370250,2.650230
0.370750,2.738222
0.371250,2.188064
0.371750,2.290955
0.372250,1.819454
0.372750,2.101398
0.373250,2.094568
0.373750,2.262101
0.374250,2.374396
0.374750,2.034621
0.375250,2.307485
0.375750,2.543361
0.376250,2.573268
0.376750,1.743720
0.377250,2.516800
0.377750,2.116706
0.378250,2.151530
0.378750,2.579657
0.379250,2.499690
0.379750,2.732054
0.380250,2.050306
0.380750,2.374907
0.381250,2.094745
0.381750,2.215440
0.382250,2.859154
0.382750,2.916667
0.383250,3.208203
0.383750,3.359524
0.384250,2.701583
0.384750,3.026874
0.385250,2.996082
0.385750,3.568449
0.386250,3.467963
0.386750,3.245183
0.387250,2.653843
0.387750,3.635764
0.388250,3.804587
0.388750,3.173000
0.389250,3.354276
0.389750,3.619197
0.390250,4.192283
0.390750,3.859002
0.391250,4.053250
0.391750,3.563045
0.392250,4.114541
0.392750,3.402878
0.393250,4.750492
0.393750,4.443211
0.394250,4.230957
0.394750,4.525395
0.395250,4.149863
0.395750,4.608247
0.396250,3.998612
0.396750,4.264742
0.397250,3.933241
0.397750,3.850950
0.398250,3.527829
0.398750,4.417058
0.399250,4.182227
0.399750,4.480875
0.400250,3.875633
0.400750,4.603116
0.401250,4.702478
0.401750,4.287731
0.402250,4.253606
0.402750,4.304984
0.403250,4.438564
0.403750,3.977544
0.404250,3.766644
0.404750,3.925317
0.405250,3.625212
0.405750,3.466307
0.406250,4.307213
0.406750,4.379286
0.407250,4.302959
0.407750,3.896240
0.408250,3.862947
0.408750,3.149269
0.409250,4.064086
0.409750,4.246421
0.410250,3.816527
0.410750,3.725364
0.411250,3.624895
0.411750,3.468014
0.412250,3.781747
0.412750,3.962600
0.413250,3.484375
0.413750,4.270859
0.414250,4.899410
0.414750,4.273326
0.415250,4.306646
0.415750,4.261736
0.416250,4.250665
0.416750,4.754479
0.417250,4.350908
0.417750,3.855448
0.418250,3.694556
0.418750,3.308722
0.419250,4.176540
0.419750,3.677566
0.420250,3.642371
0.420750,3.249105
0.421250,3.684138
0.421750,3.039769
0.422250,3.976080
0.422750,3.533093
0.423250,3.066020
0.423750,2.961991
0.424250,3.622130
0.424750,3.309816
0.425250,3.342592
0.425750,3.121328
0.426250,1.972262
0.426750,2.932906
0.427250,2.909299
0.427750,2.751308
0.428250,2.656024
0.428750,2.894887
0.429250,2.491948
0.429750,2.047863
0.430250,2.980373
0.430750,2.939235
0.431250,3.207711
0.431750,3.016246
0.432250,3.152727
0.432750,3.500816
0.433250,3.215299
0.433750,3.767618
0.434250,2.896157
0.434750,2.728046
0.435250,2.201308
0.435750,3.182184
0.436250,3.110762
0.436750,2.846105
0.437250,3.451473
0.437750,2.929771
0.438250,3.923236
0.438750,3.201607
0.439250,4.417616
0.439750,3.619947
0.440250,3.526308
0.440750,3.161808
0.441250,4.144039
0.441750,3.963723
0.442250,3.559774
0.442750,3.167898
0.443250,3.326797
0.443750,3.764579
0.444250,3.592410
0.444750,3.821520
0.445250,3.159425
0.445750,3.324381
0.446250,3.091673
0.446750,3.285907
0.447250,4.024794
0.447750,3.615066
0.448250,3.267643
0.448750,3.464813
0.449250,4.086939
0.449750,3.815188
0.450250,4.181827
0.450750,3.096501
0.451250,3.497209
0.451750,3.880351
0.452250,3.375204
0.452750,3.700774
0.453250,3.685605
0.453750,3.087336
0.454250,2.790499
0.454750,4.099224
0.455250,3.699052
0.455750,4.037468
0.456250,3.491877
0.456750,3.503359
0.457250,3.866480
0.457750,3.579115
0.458250,3.909345
0.458750,3.973911
0.459250,4.114261
0.459750,4.313350
0.460250,4.247362
0.460750,4.828159
0.461250,4.413612
0.461750,3.957336
0.462250,4.280410
0.462750,4.221683
0.463250,4.517251
0.463750,4.394423
0.464250,4.781580
0.464750,4.787037
0.465250,4.685624
0.465750,5.524105
0.466250,4.748671
0.466750,4.808819
0.467250,4.659931
0.467750,4.775868
0.468250,4.615035
0.468750,4.459308
0.469250,5.215856
0.469750,4.136103
0.470250,4.418391
0.470750,4.350685
0.471250,5.292057
0.471750,4.947720
0.472250,4.550859
0.472750,5.120644
0.473250,4.717595
0.473750,4.745170
0.474250,5.029167
0.474750,4.549083
0.475250,4.578391
0.475750,4.270689
0.476250,4.764911
0.476750,4.542998
0.477250,4.315805
0.477750,3.453702
0.478250,3.787991
0.478750,4.796215
0.479250,4.022992
0.479750,3.557293
0.480250,3.584554
0.480750,3.833851
0.481250,3.759389
0.481750,4.183416
0.482250,3.884311
0.482750,3.877409
0.483250,4.139417
0.483750,3.943468
0.484250,3.896484
0.484750,3.929859
0.485250,3.835658
0.485750,3.654781
0.486250,4.084702
0.486750,4.226189
0.487250,3.706394
0.487750,3.979230
0.488250,3.511041
0.488750,4.495724
0.489250,4.366978
0.489750,4.001167
0.490250,3.254998
0.490750,3.750506
0.491250,4.090673
0.491750,3.629470
0.492250,4.549938
0.492750,4.146801
0.493250,3.245969
0.493750,3.417404
0.494250,3.862817
0.494750,3.271390
0.495250,3.477222
0.495750,3.637274
0.496250,3.481050
0.496750,3.846145
0.497250,3.310242
0.497750,3.220932
0.498250,3.317009
0.498750,2.962189
0.499250,2.622208
0.499750,2.963027
0.500250,2.840240
0.500750,2.299048
0.501250,2.458493
0.501750,2.633084
0.502250,2.475938
0.502750,2.593808
0.503250,2.857746
0.503750,2.729560
0.504250,2.354581
0.504750,2.530410
0.505250,2.602522
0.505750,2.519946
0.506250,1.636226
0.506750,2.473035
0.507250,2.903239
0.507750,2.623136
0.508250,1.713899
0.508750,2.303944
0.509250,3.018757
0.509750,2.562696
0.510250,2.337687
0.510750,2.104353
0.511250,2.471895
0.511750,2.075773
0.512250,2.499722
0.512750,2.273062
0.513250,2.287984
0.513750,1.858384
0.514250,2.122753
0.514750,3.292911
0.515250,2.706602
0.515750,2.740204
0.516250,3.145770
0.516750,2.299589
0.517250,2.618319
0.517750,3.317280
0.518250,3.042234
0.518750,3.743192
0.519250,2.662619
0.519750,2.814481
0.520250,2.841804
0.520750,2.440597
0.521250,3.025758
0.521750,2.649799
0.522250,2.782860
0.522750,2.728652
0.523250,2.889444
0.523750,3.363824
0.524250,2.906502
0.524750,2.384725
0.525250,2.785775
0.525750,2.690799
0.526250,2.051906
0.526750,2.663895
0.527250,2.328653
0.527750,2.873690
0.528250,1.535165
0.528750,2.122274
0.529250,2.138335
0.529750,2.614045
0.530250,3.226381
0.530750,2.551440
0.531250,2.433830
0.531750,2.493406
0.532250,2.274884
0.532750,2.427500
0.533250,2.778943
0.533750,2.602099
0.534250,3.383536
0.534750,3.009906
0.535250,3.333092
0.535750,3.480603
0.536250,2.223140
0.536750,3.156067
0.537250,3.083810
0.537750,3.111345
0.538250,2.968469
0.538750,3.786855
0.539250,3.349580
0.539750,3.765907
0.540250,3.696313
0.540750,3.708503
0.541250,3.884256
0.541750,4.360191
0.542250,4.749123
0.542750,3.679461
0.543250,3.889054
0.543750,3.692380
0.544250,3.496976
0.544750,4.452337
0.545250,4.098178
0.545750,3.940277
0.546250,3.481316
0.546750,3.398108
0.547250,4.149353
0.547750,4.045483
0.548250,4.032658
0.548750,3.835830
0.549250,4.153460
0.549750,3.419689
0.550250,2.850564
0.550750,3.879541
0.551250,3.551809
0.551750,3.659839
0.552250,2.902726
0.552750,3.386367
0.553250,2.979969
0.553750,3.063556
0.554250,3.463049
0.554750,3.339541
0.555250,3.310946
0.555750,3.066757
0.556250,3.044011
0.556750,2.908856
0.557250,3.235540
0.557750,2.978775
0.558250,3.205191
0.558750,3.767570
0.559250,3.076270
0.559750,3.038264
0.560250,3.251062
0.560750,2.873182
0.561250,3.389367
0.561750,3.257111
0.562250,3.278434
0.562750,3.167178
0.563250,2.964988
0.563750,2.667236
0.564250,2.598119
0.564750,2.301874
0.565250,3.054718
0.565750,2.357305
0.566250,2.949608
0.566750,3.700428
0.567250,3.043022
0.567750,3.141074
0.568250,3.305308
0.568750,3.812692
0.569250,3.759680
0.569750,2.839093
0.570250,3.074762
0.570750,3.090806
0.571250,2.723019
0.571750,3.153226
0.572250,3.200805
0.572750,3.243511
0.573250,2.418523
0.573750,2.747984
0.574250,2.735468
0.574750,2.144733
0.575250,3.052332
0.575750,2.398773
0.576250,1.476005
0.576750,2.099907
0.577250,2.033008
0.577750,1.809807
0.578250,1.998004
0.578750,2.480846
0.579250,2.171499
0.579750,2.055424
0.580250,1.521025
0.580750,1.973144
0.581250,0.845122
0.581750,1.727999
0.582250,1.481580
0.582750,1.597751
0.583250,1.572416
0.583750,0.530467
0.584250,0.670841
0.584750,1.613856
0.585250,1.444254
0.585750,1.743891
0.586250,1.431717
0.586750,0.784291
0.587250,1.384874
0.587750,1.896797
0.588250,1.448165
0.588750,1.224561
0.589250,0.212497
0.589750,1.751324
0.590250,1.131885
0.590750,0.422294
0.591250,1.512207
0.591750,1.272923
0.592250,1.208101
0.592750,0.979539
0.593250,1.043028
0.593750,0.824411
0.594250,0.930199
0.594750,1.904692
0.595250,1.748751
0.595750,1.449205
0.596250,1.649262
0.596750,1.040535
0.597250,1.701005
0.597750,2.153807
0.598250,1.525633
0.598750,1.350879
0.599250,0.447543
0.599750,1.340637
0.600250,1.916341
0.600750,1.373655
0.601250,2.064318
0.601750,1.326031
0.602250,2.209781
0.602750,1.383805
0.603250,1.612318
0.603750,1.574015
0.604250,1.633068
0.604750,1.725847
0.605250,0.958790
0.605750,1.408570
0.606250,1.009977
0.606750,1.854079
0.607250,1.906274
0.607750,1.969333
0.608250,0.569278
0.608750,0.930962
0.609250,1.616773
0.609750,2.127386
0.610250,1.871981
0.610750,1.487613
0.611250,1.855983
0.611750,1.701279
0.612250,1.416988
0.612750,1.501973
0.613250,0.817955
0.613750,1.800274
0.614250,1.557023
0.614750,1.957061
0.615250,2.148092
0.615750,1.271024
0.616250,1.693030
0.616750,0.699065
0.617250,1.804295
0.617750,1.429200
0.618250,1.570937
0.618750,1.318364
0.619250,1.091483
0.619750,1.359960
0.620250,1.422346
0.620750,1.397373
0.621250,1.716262
0.621750,1.816687
0.622250,2.329583
0.622750,2.495245
0.623250,2.268836
0.623750,2.221834
0.624250,2.925496
0.624750,1.819614
0.625250,2.388668
0.625750,2.623092
0.626250,2.412254
0.626750,2.670790
0.627250,2.889268
0.627750,2.264330
0.628250,2.147337
0.628750,2.767749
0.629250,2.656463
0.629750,3.020875
0.630250,2.732665
0.630750,2.238076
0.631250,2.915557
0.631750,2.333644
0.632250,2.201652
0.632750,2.331536
0.633250,3.534423
0.633750,1.906745
0.634250,2.147066
0.634750,1.671872
0.635250,2.647344
0.635750,2.127774
0.636250,2.729339
0.636750,2.646874
0.637250,2.562486
0.637750,2.562492
0.638250,1.739989
0.638750,2.326450
0.639250,1.809034
0.639750,2.145961
0.640250,2.756986
0.640750,1.762316
0.641250,1.615552
0.641750,0.982703
0.642250,0.917573
0.642750,1.321222
0.643250,1.900491
0.643750,1.956983
0.644250,1.632014
0.644750,1.360615
0.645250,1.630497
0.645750,1.929821
0.646250,1.941993
0.646750,2.009910
0.647250,1.347428
0.647750,1.427918
0.648250,1.980722
0.648750,1.609725
0.649250,0.238235
0.649750,1.477792
0.650250,1.047722
0.650750,1.409039
0.651250,1.013008
0.651750,0.920733
0.652250,1.467151
0.652750,1.857368
0.653250,1.368798
0.653750,1.958339
0.654250,2.023024
0.654750,1.368887
0.655250,1.250298
0.655750,1.824350
0.656250,1.932847
0.656750,2.232698
0.657250,1.462454
0.657750,1.528688
0.658250,1.371115
0.658750,1.242362
0.659250,0.404751
0.659750,0.563123
0.660250,0.999088
0.660750,0.408608
0.661250,0.630457
0.661750,1.251636
0.662250,0.866534
0.662750,0.462238
0.663250,1.132379
0.663750,1.220424
0.664250,0.229196
0.664750,1.137065
0.665250,0.375070
0.665750,0.989786
0.666250,0.258019
0.666750,-0.024810
0.667250,0.726431
0.667750,-0.048144
0.668250,-1.006021
0.668750,-0.178135
0.669250,0.137115
0.669750,-0.262109
0.670250,0.022745
0.670750,-0.973745
0.671250,-0.633809
0.671750,-1.080369
0.672250,-0.670518
0.672750,-0.294538
0.673250,-1.125577
0.673750,-0.321661
0.674250,-0.373992
0.674750,-0.511204
0.675250,-0.514386
0.675750,-1.622328
0.676250,-0.483659
0.676750,-0.873905
0.677250,-0.303248
0.677750,-0.765751
0.678250,-0.841965
0.678750,-0.352581
0.679250,-0.906668
0.679750,-0.800850
0.680250,-0.268287
0.680750,-1.010343
0.681250,0.003793
0.681750,-0.649756
0.682250,-1.301112
0.682750,-0.587874
0.683250,-0.234327
0.683750,0.321337
0.684250,-0.270413
0.684750,-0.086002
0.685250,-0.946120
0.685750,-0.495994
0.686250,-0.305418
0.686750,-0.369572
0.687250,-0.507411
0.687750,-0.131826
0.688250,-0.405932
0.688750,0.096468
0.689250,-0.647465
0.689750,-0.556410
0.690250,-0.256614
0.690750,-0.486143
0.691250,0.028503
0.691750,-0.025666
0.692250,-0.983105
0.692750,-0.857873
0.693250,-0.075667
0.693750,-0.037904
0.694250,0.083938
0.694750,-0.268920
0.695250,-1.228964
0.695750,-0.325771
0.696250,-0.688409
0.696750,-0.397704
0.697250,0.242341
0.697750,-0.725966
0.698250,-0.298364
0.698750,-0.626739
0.699250,-0.846943
0.699750,-0.519953
0.700250,-0.060114
0.700750,-0.341257
0.701250,-0.403600
0.701750,-0.736509
0.702250,-1.199763
0.702750,-0.680246
0.703250,-1.599817
0.703750,-1.517090
0.704250,-0.617385
0.704750,-0.108361
0.705250,-1.707057
0.705750,-1.623058
0.706250,-0.949261
0.706750,-1.392018
0.707250,-0.735784
0.707750,-1.449615
0.708250,-0.874842
0.708750,-0.641452
0.709250,-0.500149
0.709750,-0.301166
0.710250,-0.512000
0.710750,-1.158208
0.711250,-0.602568
0.711750,-0.472260
0.712250,-0.766345
0.712750,-1.015407
0.713250,-1.146542
0.713750,-0.474153
0.714250,-0.284355
0.714750,-0.872678
0.715250,-1.223714
0.715750,-0.323415
0.716250,-0.564838
0.716750,-1.203753
0.717250,0.608933
0.717750,-0.436587
0.718250,1.069996
0.718750,0.327747
0.719250,0.510589
0.719750,-0.285460
0.720250,0.621101
0.720750,0.086822
0.721250,0.259371
0.721750,0.351440
0.722250,0.275971
0.722750,-0.223235
0.723250,-0.061353
0.723750,0.106785
0.724250,-0.460380
0.724750,-0.852909
0.725250,-0.241260
0.725750,0.354722
0.726250,-0.467158
0.726750,-0.277962
0.727250,-0.405474
0.727750,-0.350539
0.728250,0.167391
0.728750,-0.306982
0.729250,-0.288680
0.729750,0.727295
0.730250,-1.065616
0.730750,-1.007228
0.731250,-1.315462
0.731750,-0.485580
0.732250,-0.632874
0.732750,-0.361887
0.733250,-0.113264
0.733750,-1.380966
0.734250,-1.192900
0.734750,-1.634312
0.735250,-0.668800
0.735750,-0.954568
0.736250,-0.472461
0.736750,-1.318832
0.737250,-0.718868
0.737750,-0.130410
0.738250,-0.921794
0.738750,-1.183335
0.739250,-1.521430
0.739750,-1.282027
0.740250,-0.983989
0.740750,-0.998742
0.741250,-1.399404
0.741750,-1.147405
0.742250,-1.269960
0.742750,-0.391609
0.743250,-1.440235
0.743750,-0.872294
0.744250,-1.905942
0.744750,-1.472847
0.745250,-0.770229
0.745750,-1.067019
0.746250,-1.393685
0.746750,-1.189999
0.747250,-1.701256
0.747750,-1.566344
0.748250,-1.596797
0.748750,-0.423809
0.749250,-0.967123
0.749750,-1.198521
0.750250,-1.364715
0.750750,-1.346388
0.751250,-1.504446
0.751750,-1.205839
0.752250,-1.934206
0.752750,-2.269686
0.753250,-1.534985
0.753750,-1.011768
0.754250,-1.699425
0.754750,-1.848022
0.755250,-1.733572
0.755750,-2.208715
0.756250,-2.535478
0.756750,-1.679960
0.757250,-1.721987
0.757750,-2.436726
0.758250,-2.570372
0.758750,-2.363509
0.759250,-2.418135
0.759750,-2.221526
0.760250,-2.223801
0.760750,-2.347526
0.761250,-2.355153
0.761750,-2.050608
0.762250,-1.631404
0.762750,-2.945229
0.763250,-2.915871
0.763750,-2.582165
0.764250,-3.239707
0.764750,-2.687224
0.765250,-3.367812
0.765750,-3.188618
0.766250,-3.434716
0.766750,-3.308017
0.767250,-3.249044
0.767750,-3.123322
0.768250,-3.828424
0.768750,-3.222108
0.769250,-4.052404
0.769750,-3.425867
0.770250,-3.323797
0.770750,-3.408014
0.771250,-3.043556
0.771750,-3.001100
0.772250,-3.261813
0.772750,-3.236931
0.773250,-3.600472
0.773750,-3.060714
0.774250,-2.697795
0.774750,-3.110790
0.775250,-2.935131
0.775750,-3.725750
0.776250,-4.175765
0.776750,-3.440008
0.777250,-3.905167
0.777750,-3.255544
0.778250,-3.176110
0.778750,-3.881698
0.779250,-3.281586
0.779750,-2.991220
0.780250,-2.934426
0.780750,-3.858748
0.781250,-3.366744
0.781750,-3.082305
0.782250,-2.487335
0.782750,-1.997739
0.783250,-2.980032
0.783750,-2.151779
0.784250,-2.463363
0.784750,-3.029085
0.785250,-1.903660
0.785750,-2.757579
0.786250,-2.256477
0.786750,-2.690087
0.787250,-3.088308
0.787750,-3.288429
0.788250,-3.537166
0.788750,-2.784841
0.789250,-3.113354
0.789750,-3.381568
0.790250,-2.501555
0.790750,-2.944292
0.791250,-3.123273
0.791750,-3.494822
0.792250,-3.749516
0.792750,-2.814262
0.793250,-2.323642
0.793750,-3.293069
0.794250,-2.774656
0.794750,-2.539925
0.795250,-3.363170
0.795750,-3.226022
0.796250,-2.809878
0.796750,-2.929785
0.797250,-3.162018
0.797750,-2.902184
0.798250,-2.832244
0.798750,-3.979487
0.799250,-3.616682
0.799750,-3.527068
0.800250,-3.357453
0.800750,-2.952029
0.801250,-3.451876
0.801750,-3.488655
0.802250,-2.993800
0.802750,-3.494802
0.803250,-2.890518
0.803750,-3.584894
0.804250,-3.142205
0.804750,-3.536673
0.805250,-2.626215
0.805750,-3.115739
0.806250,-3.382292
0.806750,-2.196683
0.807250,-3.336768
0.807750,-2.267431
0.808250,-3.035488
0.808750,-2.733363
0.809250,-2.464722
0.809750,-3.210472
0.810250,-2.168406
0.810750,-2.589331
0.811250,-0.967956
0.811750,-2.799945
0.812250,-2.166123
0.812750,-2.241347
0.813250,-1.806091
0.813750,-2.054389
0.814250,-2.983722
0.814750,-2.484910
0.815250,-2.542562
0.815750,-2.494615
0.816250,-2.229930
0.816750,-1.594103
0.817250,-1.727356
0.817750,-2.203345
0.818250,-1.837117
0.818750,-2.093436
0.819250,-1.780068
0.819750,-2.292176
0.820250,-1.143927
0.820750,-1.080501
0.821250,-2.163748
0.821750,-2.042623
0.822250,-2.088874
0.822750,-1.707149
0.823250,-1.306154
0.823750,-1.599607
0.824250,-2.042969
0.824750,-2.068359
0.825250,-2.130517
0.825750,-2.487244
0.826250,-1.320801
0.826750,-1.732561
0.827250,-2.005043
0.827750,-2.632276
0.828250,-2.173898
0.828750,-1.494368
0.829250,-2.226089
0.829750,-2.597947
0.830250,-2.361763
0.830750,-2.848108
0.831250,-2.930687
0.831750,-3.085534
0.832250,-3.497768
0.832750,-2.260162
0.833250,-2.486335
0.833750,-2.721221
0.834250,-2.571002
0.834750,-2.213645
0.835250,-1.485597
0.835750,-3.218823
0.836250,-2.257231
0.836750,-2.940755
0.837250,-1.659342
0.837750,-2.031796
0.838250,-2.700269
0.838750,-2.287998
0.839250,-3.370910
0.839750,-2.315201
0.840250,-2.660904
0.840750,-3.058675
0.841250,-3.254840
0.841750,-3.156792
0.842250,-3.302396
0.842750,-2.411655
0.843250,-3.283120
0.843750,-2.614712
0.844250,-2.294371
0.844750,-2.617160
0.845250,-2.059212
0.845750,-1.740949
0.846250,-2.266645
0.846750,-2.760756
0.847250,-2.566536
0.847750,-3.197368
0.848250,-3.101094
0.848750,-3.044859
0.849250,-2.539741
0.849750,-1.928598
0.850250,-1.575724
0.850750,-2.507087
0.851250,-2.784969
0.851750,-3.283923
0.852250,-2.541723
0.852750,-2.085039
0.853250,-2.021382
0.853750,-2.833191
0.854250,-2.427662
0.854750,-3.091199
0.855250,-3.554471
0.855750,-3.868641
0.856250,-3.353260
0.856750,-2.817827
0.857250,-3.412910
0.857750,-3.622829
0.858250,-3.781428
0.858750,-2.992207
0.859250,-2.810630
0.859750,-3.497157
0.860250,-2.561827
0.860750,-4.144869
0.861250,-3.189706
0.861750,-3.406904
0.862250,-3.970477
0.862750,-3.315800
0.863250,-4.360451
0.863750,-3.635932
0.864250,-3.594889
0.864750,-3.823595
0.865250,-4.208144
0.865750,-3.198290
0.866250,-3.757301
0.866750,-4.736942
0.867250,-3.861684
0.867750,-4.264820
0.868250,-4.183279
0.868750,-4.501618
0.869250,-4.673135
0.869750,-4.769502
0.870250,-4.129488
0.870750,-4.096292
0.871250,-4.034721
0.871750,-3.378016
0.872250,-4.419755
0.872750,-3.539097
0.873250,-3.347149
0.873750,-3.922069
0.874250,-3.674877
0.874750,-4.141445
0.875250,-4.326719
0.875750,-3.909573
0.876250,-3.538165
0.876750,-2.609288
0.877250,-3.565291
0.877750,-3.975697
0.878250,-4.451225
0.878750,-3.606999
0.879250,-4.039651
0.879750,-3.948125
0.880250,-3.896856
0.880750,-4.169046
0.881250,-3.977360
0.881750,-3.314038
0.882250,-3.816838
0.882750,-3.003044
0.883250,-3.264667
0.883750,-3.162783
0.884250,-3.873669
0.884750,-2.920223
0.885250,-3.830833
0.885750,-3.650439
0.886250,-3.963882
0.886750,-2.828451
0.887250,-2.585426
0.887750,-3.370861
0.888250,-3.588947
0.888750,-3.247472
0.889250,-4.106075
0.889750,-3.322019
0.890250,-4.285512
0.890750,-3.138154
0.891250,-2.984521
0.891750,-2.858676
0.892250,-3.773012
0.892750,-3.760780
0.893250,-2.350291
0.893750,-3.411071
0.894250,-2.545079
0.894750,-2.775764
0.895250,-2.468858
0.895750,-2.426089
0.896250,-2.668531
0.896750,-3.412562
0.897250,-2.814418
0.897750,-2.713248
0.898250,-2.990516
0.898750,-2.896044
0.899250,-3.049066
0.899750,-3.828002
0.900250,-3.732274
0.900750,-4.401875
0.901250,-2.756622
0.901750,-3.945388
0.902250,-4.185946
0.902750,-3.448186
0.903250,-3.344605
0.903750,-2.944930
0.904250,-3.156234
0.904750,-3.140018
0.905250,-3.916953
0.905750,-2.192851
0.906250,-3.110723
0.906750,-2.956993
0.907250,-2.938721
0.907750,-2.942047
0.908250,-2.238514
0.908750,-3.413880
0.909250,-3.165924
0.909750,-2.885727
0.910250,-2.607574
0.910750,-2.296245
0.911250,-2.254012
0.911750,-1.959115
0.912250,-2.634751
0.912750,-2.574021
0.913250,-2.563195
0.913750,-2.165446
0.914250,-1.904517
0.914750,-1.536463
0.915250,-2.158573
0.915750,-1.882368
0.916250,-1.851895
0.916750,-1.919997
0.917250,-1.889381
0.917750,-0.810987
0.918250,-1.846419
0.918750,-1.415220
0.919250,-1.044073
0.919750,-1.868806
0.920250,-1.519690
0.920750,-2.582574
0.921250,-1.922417
0.921750,-0.900535
0.922250,-0.948554
0.922750,-1.112812
0.923250,-1.776594
0.923750,-1.068550
0.924250,-0.938366
0.924750,-2.019063
0.925250,-1.171575
0.925750,-1.468334
0.926250,-0.749605
0.926750,-0.939460
0.927250,-2.565952
0.927750,-1.605063
0.928250,-0.992968
0.928750,-1.402951
0.929250,-1.719855
0.929750,-1.593090
0.930250,-2.040106
0.930750,-1.221814
0.931250,-1.213201
0.931750,-0.690783
0.932250,-2.015056
0.932750,-2.175630
0.933250,-2.617455
0.933750,-2.226050
0.934250,-2.235245
0.934750,-1.972619
0.935250,-2.259252
0.935750,-2.301273
0.936250,-2.501287
0.936750,-2.127642
0.937250,-2.159218
0.937750,-2.028584
0.938250,-1.782708
0.938750,-2.205386
0.939250,-2.218738
0.939750,-2.096711
0.940250,-1.644192
0.940750,-2.654247
0.941250,-1.550110
0.941750,-2.148933
0.942250,-1.102183
0.942750,-1.285180
0.943250,-1.563531
0.943750,-2.557562
0.944250,-1.270299
0.944750,-1.978950
0.945250,-1.949177
0.945750,-2.402527
0.946250,-1.852924
0.946750,-1.621925
0.947250,-2.346701
0.947750,-2.217110
0.948250,-2.449131
0.948750,-2.032979
0.949250,-2.253700
0.949750,-2.145633
0.950250,-1.623907
0.950750,-1.414606
0.951250,-1.350323
0.951750,-1.931184
0.952250,-1.750397
0.952750,-2.479038
0.953250,-1.065008
0.953750,-1.992109
0.954250,-1.579026
0.954750,-1.812207
0.955250,-1.718728
0.955750,-2.280690
0.956250,-2.480419
0.956750,-2.538615
0.957250,-1.463714
0.957750,-1.616977
0.958250,-1.574316
0.958750,-2.685319
0.959250,-1.635176
0.959750,-1.986866
0.960250,-1.965450
0.960750,-2.503045
0.961250,-1.644374
0.961750,-2.212741
0.962250,-2.175125
0.962750,-1.449802
0.963250,-3.218547
0.963750,-1.943129
0.964250,-2.283190
0.964750,-2.061361
0.965250,-2.945388
0.965750,-2.400816
0.966250,-1.208358
0.966750,-2.034175
0.967250,-2.262215
0.967750,-2.365012
0.968250,-3.394188
0.968750,-2.482460
0.969250,-2.257438
0.969750,-2.740436
0.970250,-3.440928
0.970750,-2.845182
0.971250,-3.291232
0.971750,-3.726459
0.972250,-3.688224
0.972750,-3.392350
0.973250,-3.690357
0.973750,-4.047625
0.974250,-4.204981
0.974750,-2.704125
0.975250,-3.180286
0.975750,-3.905488
0.976250,-3.918190
0.976750,-3.403664
0.977250,-3.423296
0.977750,-3.516353
0.978250,-2.650684
0.978750,-2.991216
0.979250,-3.187349
0.979750,-3.160932
0.980250,-4.108095
0.980750,-4.277117
0.981250,-3.360031
0.981750,-2.348840
0.982250,-3.331885
0.982750,-2.469392
0.983250,-3.547891
0.983750,-2.919486
0.984250,-2.608071
0.984750,-2.724171
0.985250,-2.880344
0.985750,-3.258301
0.986250,-2.407901
0.986750,-2.304921
0.987250,-2.662886
0.987750,-2.311973
0.988250,-2.357607
0.988750,-2.653165
0.989250,-2.803430
0.989750,-2.166670
0.990250,-1.927403
0.990750,-2.519156
0.991250,-2.133581
0.991750,-2.330753
0.992250,-2.386056
0.992750,-2.953102
0.993250,-3.162535
0.993750,-2.685813
0.994250,-2.879938
0.994750,-2.285263
0.995250,-3.373372
0.995750,-2.556769
0.996250,-2.658413
0.996750,-2.563163
0.997250,-2.127527
0.997750,-2.750988
0.998250,-3.320242
0.998750,-1.899051
0.999250,-1.427444
0.999750,-2.076564
