0.000250,0.118045
0.000750,0.095615
0.001250,0.090788
0.001750,-0.086592
0.002250,-0.081356
0.002750,0.078738
0.003250,0.145550
0.003750,0.158189
0.004250,0.351336
0.004750,0.603358
0.005250,0.750230
0.005750,0.722139
0.006250,0.668195
0.006750,0.665547
0.007250,0.742579
0.007750,0.794915
0.008250,0.820495
0.008750,0.716342
0.009250,0.552111
0.009750,0.503268
0.010250,0.540694
0.010750,0.639599
0.011250,0.816759
0.011750,0.903393
0.012250,0.921070
0.012750,0.971857
0.013250,0.987924
0.013750,1.004884
0.014250,1.135373
0.014750,1.344660
0.015250,1.489921
0.015750,1.704492
0.016250,1.739461
0.016750,1.805514
0.017250,1.829096
0.017750,1.722030
0.018250,1.598150
0.018750,1.645670
0.019250,1.615010
0.019750,1.640093
0.020250,1.695284
0.020750,1.757693
0.021250,1.753441
0.021750,1.613433
0.022250,1.569427
0.022750,1.453258
0.023250,1.295971
0.023750,1.210474
0.024250,1.214127
0.024750,1.251903
0.025250,1.248093
0.025750,1.319230
0.026250,1.522900
0.026750,1.550984
0.027250,1.556312
0.027750,1.572933
0.028250,1.566635
0.028750,1.532435
0.029250,1.541670
0.029750,1.548322
0.030250,1.527337
0.030750,1.681151
0.031250,1.817440
0.031750,1.855347
0.032250,1.930542
0.032750,2.157945
0.033250,2.146174
0.033750,2.131551
0.034250,2.214071
0.034750,2.185896
0.035250,1.989907
0.035750,2.027478
0.036250,1.857129
0.036750,1.797352
0.037250,1.840086
0.037750,1.720738
0.038250,1.788640
0.038750,1.813831
0.039250,1.794309
0.039750,1.846863
0.040250,1.701657
0.040750,1.768033
0.041250,1.633552
0.041750,1.459884
0.042250,1.426975
0.042750,1.252702
0.043250,1.095155
0.043750,0.946359
0.044250,0.902703
0.044750,0.986622
0.045250,0.943819
0.045750,1.048336
0.046250,0.886806
0.046750,1.038098
0.047250,1.196541
0.047750,1.194532
0.048250,1.299707
0.048750,1.159207
0.049250,1.286819
0.049750,1.134489
0.050250,1.244764
0.050750,1.156003
0.051250,1.153095
0.051750,1.104730
0.052250,1.039124
0.052750,1.240812
0.053250,1.250932
0.053750,1.399568
0.054250,1.340524
0.054750,1.544611
0.055250,1.576037
0.055750,1.779879
0.056250,1.841428
0.056750,1.876012
0.057250,1.731474
0.057750,1.827778
0.058250,1.823268
0.058750,1.817077
0.059250,1.608011
0.059750,1.674057
0.060250,1.417721
0.060750,1.430325
0.061250,1.416963
0.061750,1.372843
0.062250,1.332312
0.062750,1.479895
0.063250,1.304628
0.063750,1.341539
0.064250,1.358897
0.064750,1.464759
0.065250,1.448703
0.065750,1.310452
0.066250,1.305356
0.066750,1.089838
0.067250,1.068243
0.067750,0.912964
0.068250,0.913837
0.068750,0.803926
0.069250,0.676436
0.069750,0.444214
0.070250,0.456041
0.070750,0.431264
0.071250,0.512550
0.071750,0.490646
0.072250,0.463200
0.072750,0.364019
0.073250,0.430868
0.073750,0.620127
0.074250,0.544339
0.074750,0.769956
0.075250,0.675855
0.075750,0.742936
0.076250,0.708516
0.076750,0.653354
0.077250,0.689684
0.077750,0.625383
0.078250,0.722067
0.078750,0.598462
0.079250,0.649793
0.079750,0.464130
0.080250,0.581438
0.080750,0.543440
0.081250,0.568850
0.081750,0.809614
0.082250,0.669010
0.082750,0.813482
0.083250,0.837895
0.083750,1.001939
0.084250,1.000562
0.084750,1.111576
0.085250,1.304588
0.085750,1.163095
0.086250,1.303563
0.086750,1.242786
0.087250,1.180442
0.087750,1.268056
0.088250,1.175807
0.088750,1.202998
0.089250,1.118318
0.089750,1.034257
0.090250,0.966482
0.090750,0.616125
0.091250,0.787749
0.091750,0.664293
0.092250,0.795939
0.092750,0.738747
0.093250,0.589363
0.093750,0.707674
0.094250,0.564232
0.094750,0.522028
0.095250,0.670213
0.095750,0.496979
0.096250,0.691748
0.096750,0.623017
0.097250,0.583181
0.097750,0.480215
0.098250,0.356684
0.098750,0.362518
0.099250,0.205545
0.099750,0.173874
0.100250,0.171637
0.100750,-0.119531
0.101250,-0.224566
0.101750,-0.263787
0.102250,-0.459229
0.102750,-0.506395
0.103250,-0.586854
0.103750,-0.687191
0.104250,-0.584594
0.104750,-0.655733
0.105250,-0.553375
0.105750,-0.443197
0.106250,-0.645619
0.106750,-0.489301
0.107250,-0.489310
0.107750,-0.461591
0.108250,-0.277224
0.108750,-0.361696
0.109250,-0.385718
0.109750,-0.366058
0.110250,-0.569498
0.110750,-0.369608
0.111250,-0.345920
0.111750,-0.518496
0.112250,-0.445749
0.112750,-0.552763
0.113250,-0.677506
0.113750,-0.433460
0.114250,-0.682188
0.114750,-0.623726
0.115250,-0.552861
0.115750,-0.703274
0.116250,-0.552492
0.116750,-0.478538
0.117250,-0.531101
0.117750,-0.371889
0.118250,-0.407107
0.118750,-0.348961
0.119250,-0.139050
0.119750,-0.187987
0.120250,-0.165635
0.120750,0.095075
0.121250,-0.115244
0.121750,0.114079
0.122250,0.039495
0.122750,0.070276
0.123250,-0.018847
0.123750,0.058259
0.124250,-0.212047
0.124750,-0.105375
0.125250,-0.124522
0.125750,-0.335546
0.126250,-0.358845
0.126750,-0.339053
0.127250,-0.654950
0.127750,-0.605945
0.128250,-0.604886
0.128750,-0.797281
0.129250,-0.557531
0.129750,-0.746098
0.130250,-0.783929
0.130750,-0.749054
0.131250,-0.817428
0.131750,-0.940903
0.132250,-0.781843
0.132750,-0.692638
0.133250,-0.898500
0.133750,-0.661649
0.134250,-0.783629
0.134750,-1.045648
0.135250,-0.905734
0.135750,-0.868488
0.136250,-1.156342
0.136750,-1.209552
0.137250,-1.270213
0.137750,-1.393640
0.138250,-1.312402
0.138750,-1.470707
0.139250,-1.670400
0.139750,-1.771258
0.140250,-1.712759
0.140750,-2.095407
0.141250,-2.117230
0.141750,-1.995764
0.142250,-2.207126
0.142750,-2.095417
0.143250,-2.074830
0.143750,-2.180815
0.144250,-2.174724
0.144750,-2.082389
0.145250,-2.213505
0.145750,-2.257429
0.146250,-2.012145
0.146750,-2.050012
0.147250,-1.895811
0.147750,-1.769078
0.148250,-1.915300
0.148750,-1.974910
0.149250,-1.786488
0.149750,-1.839077
0.150250,-2.050132
0.150750,-1.928336
0.151250,-1.974611
0.151750,-1.973708
0.152250,-1.905110
0.152750,-1.724954
0.153250,-1.988038
0.153750,-2.066360
0.154250,-2.048249
0.154750,-2.243197
0.155250,-2.186478
0.155750,-2.013833
0.156250,-2.011259
0.156750,-2.084847
0.157250,-1.995440
0.157750,-1.820936
0.158250,-1.959164
0.158750,-1.754879
0.159250,-1.628173
0.159750,-1.803157
0.160250,-1.721052
0.160750,-1.318851
0.161250,-1.362759
0.161750,-1.526086
0.162250,-1.181673
0.162750,-1.212934
0.163250,-1.125289
0.163750,-1.128660
0.164250,-1.035349
0.164750,-1.207809
0.165250,-1.158352
0.165750,-1.168427
0.166250,-1.299740
0.166750,-1.263527
0.167250,-1.129114
0.167750,-1.244732
0.168250,-1.513717
0.168750,-1.327803
0.169250,-1.290388
0.169750,-1.635425
0.170250,-1.638767
0.170750,-1.571087
0.171250,-1.692458
0.171750,-1.742121
0.172250,-1.700882
0.172750,-1.604390
0.173250,-1.625905
0.173750,-1.679115
0.174250,-1.639204
0.174750,-1.683191
0.175250,-1.773480
0.175750,-1.594786
0.176250,-1.677816
0.176750,-1.731007
0.177250,-1.601673
0.177750,-1.418580
0.178250,-1.604857
0.178750,-1.721314
0.179250,-1.557907
0.179750,-1.655478
0.180250,-1.877097
0.180750,-1.821200
0.181250,-1.681220
0.181750,-1.868644
0.182250,-2.042976
0.182750,-1.980265
0.183250,-1.991931
0.183750,-2.326864
0.184250,-2.329100
0.184750,-2.358335
0.185250,-2.461522
0.185750,-2.602534
0.186250,-2.553772
0.186750,-2.480175
0.187250,-2.678596
0.187750,-2.683622
0.188250,-2.412012
0.188750,-2.563814
0.189250,-2.561518
0.189750,-2.377029
0.190250,-2.464396
0.190750,-2.598118
0.191250,-2.451694
0.191750,-2.249488
0.192250,-2.292069
0.192750,-2.441467
0.193250,-2.158948
0.193750,-1.993485
0.194250,-1.953388
0.194750,-2.054957
0.195250,-1.866255
0.195750,-1.936336
0.196250,-2.054145
0.196750,-2.000412
0.197250,-1.961856
0.197750,-1.885160
0.198250,-2.111418
0.198750,-1.963838
0.199250,-1.896554
0.199750,-1.877249
0.200250,-1.868789
0.200750,-1.850555
0.201250,-1.900324
0.201750,-2.073691
0.202250,-2.100416
0.202750,-1.839816
0.203250,-1.935807
0.203750,-1.969530
0.204250,-1.770782
0.204750,-1.588868
0.205250,-1.670125
0.205750,-1.591698
0.206250,-1.394307
0.206750,-1.255349
0.207250,-1.446489
0.207750,-1.414150
0.208250,-1.102481
0.208750,-1.183061
0.209250,-1.210457
0.209750,-0.965046
0.210250,-0.655961
0.210750,-0.745258
0.211250,-0.757827
0.211750,-0.594064
0.212250,-0.576923
0.212750,-0.690659
0.213250,-0.778005
0.213750,-0.741589
0.214250,-0.534113
0.214750,-0.637849
0.215250,-0.713045
0.215750,-0.594032
0.216250,-0.579017
0.216750,-0.863373
0.217250,-0.920505
0.217750,-0.792102
0.218250,-0.807807
0.218750,-1.104155
0.219250,-1.205922
0.219750,-0.907155
0.220250,-1.027934
0.220750,-1.189589
0.221250,-1.042901
0.221750,-0.940961
0.222250,-0.982436
0.222750,-1.102071
0.223250,-1.039553
0.223750,-0.836308
0.224250,-1.038851
0.224750,-1.092484
0.225250,-1.065788
0.225750,-0.937654
0.226250,-0.986638
0.226750,-0.897062
0.227250,-0.687031
0.227750,-0.699552
0.228250,-0.849389
0.228750,-0.983815
0.229250,-0.861446
0.229750,-0.975923
0.230250,-1.058763
0.230750,-1.236384
0.231250,-1.052334
0.231750,-1.072199
0.232250,-1.169374
0.232750,-1.279638
0.233250,-1.182347
0.233750,-1.165672
0.234250,-1.479926
0.234750,-1.620708
0.235250,-1.432249
0.235750,-1.771100
0.236250,-1.809201
0.236750,-1.862832
0.237250,-1.885544
0.237750,-1.796974
0.238250,-1.843632
0.238750,-1.844287
0.239250,-1.876318
0.239750,-1.783929
0.240250,-1.720843
0.240750,-1.781570
0.241250,-1.762715
0.241750,-1.663166
0.242250,-1.696186
0.242750,-1.971894
0.243250,-1.830877
0.243750,-1.591042
0.244250,-1.614326
0.244750,-1.441577
0.245250,-1.189687
0.245750,-1.150589
0.246250,-1.128668
0.246750,-1.303789
0.247250,-1.101221
0.247750,-1.118555
0.248250,-1.337921
0.248750,-1.328248
0.249250,-1.217434
0.249750,-1.052739
0.250250,-1.022933
0.250750,-1.291316
0.251250,-1.228485
0.251750,-1.000150
0.252250,-0.984046
0.252750,-1.185573
0.253250,-1.054218
0.253750,-1.091421
0.254250,-0.986285
0.254750,-1.347186
0.255250,-1.273504
0.255750,-1.030929
0.256250,-1.210977
0.256750,-1.234474
0.257250,-0.890859
0.257750,-0.696288
0.258250,-0.779051
0.258750,-0.907754
0.259250,-0.899608
0.259750,-0.591817
0.260250,-0.554344
0.260750,-0.505642
0.261250,-0.378592
0.261750,-0.319930
0.262250,-0.115659
0.262750,-0.267882
0.263250,-0.227394
0.263750,-0.056468
0.264250,0.179358
0.264750,0.196034
0.265250,0.074347
0.265750,0.117850
0.266250,0.301263
0.266750,0.331764
0.267250,0.190542
0.267750,0.166456
0.268250,0.344188
0.268750,0.421518
0.269250,0.301219
0.269750,0.219963
0.270250,0.210983
0.270750,0.329633
0.271250,0.125738
0.271750,0.116979
0.272250,-0.068637
0.272750,0.120952
0.273250,-0.104608
0.273750,-0.159187
0.274250,-0.002119
0.274750,-0.001302
0.275250,0.040887
0.275750,-0.084512
0.276250,-0.232038
0.276750,-0.197103
0.277250,0.033439
0.277750,-0.077123
0.278250,-0.265196
0.278750,-0.002535
0.279250,-0.028845
0.279750,0.035872
0.280250,-0.058487
0.280750,-0.081945
0.281250,0.038944
0.281750,0.030824
0.282250,0.009103
0.282750,-0.070340
0.283250,0.233846
0.283750,0.330082
0.284250,0.199206
0.284750,-0.079393
0.285250,0.150788
0.285750,0.343991
0.286250,0.154073
0.286750,-0.059393
0.287250,0.038066
0.287750,0.004300
0.288250,0.041881
0.288750,-0.167222
0.289250,-0.411031
0.289750,-0.449386
0.290250,-0.392786
0.290750,-0.511162
0.291250,-0.524506
0.291750,-0.488549
0.292250,-0.424961
0.292750,-0.557561
0.293250,-0.761559
0.293750,-0.927701
0.294250,-0.949504
0.294750,-0.723501
0.295250,-0.599199
0.295750,-0.784030
0.296250,-0.859312
0.296750,-0.821687
0.297250,-0.750247
0.297750,-0.788217
0.298250,-0.783173
0.298750,-0.657973
0.299250,-0.493739
0.299750,-0.637477
0.300250,-0.915527
0.300750,-0.805224
0.301250,-0.411049
0.301750,-0.295523
0.302250,-0.403930
0.302750,-0.353476
0.303250,-0.319255
0.303750,-0.036568
0.304250,-0.091072
0.304750,-0.167126
0.305250,-0.157692
0.305750,-0.048611
0.306250,0.040284
0.306750,0.031521
0.307250,-0.104139
0.307750,-0.000724
0.308250,0.152225
0.308750,0.044934
0.309250,0.008893
0.309750,0.080133
0.310250,0.046904
0.310750,0.173861
0.311250,0.156952
0.311750,-0.098771
0.312250,-0.055201
0.312750,0.185391
0.313250,0.129943
0.313750,-0.016715
0.314250,0.081209
0.314750,0.171954
0.315250,0.146577
0.315750,0.269825
0.316250,0.210117
0.316750,0.304926
0.317250,0.543916
0.317750,0.700781
0.318250,0.631925
0.318750,0.534383
0.319250,0.675557
0.319750,0.801435
0.320250,0.731062
0.320750,0.546250
0.321250,1.042498
0.321750,1.089454
0.322250,1.294952
0.322750,1.372444
0.323250,1.283703
0.323750,1.387017
0.324250,1.631197
0.324750,1.617296
0.325250,1.661850
0.325750,1.594999
0.326250,1.558002
0.326750,1.897937
0.327250,1.716778
0.327750,1.791287
0.328250,1.671976
0.328750,1.835001
0.329250,1.892450
0.329750,1.865766
0.330250,1.592313
0.330750,1.705764
0.331250,1.951288
0.331750,2.028609
0.332250,1.880006
0.332750,1.658711
0.333250,1.736828
0.333750,1.831316
0.334250,1.553363
0.334750,1.483587
0.335250,1.464292
0.335750,1.254214
0.336250,1.400874
0.336750,1.774336
0.337250,1.448031
0.337750,1.560509
0.338250,1.498763
0.338750,1.829914
0.339250,1.631475
0.339750,1.563097
0.340250,1.548004
0.340750,1.654071
0.341250,1.762033
0.341750,1.805067
0.342250,1.385818
0.342750,1.650430
0.343250,1.746138
0.343750,1.894736
0.344250,1.818551
0.344750,1.798015
0.345250,1.809146
0.345750,1.984930
0.346250,2.222464
0.346750,2.024093
0.347250,1.967952
0.347750,2.046533
0.348250,2.190929
0.348750,2.115116
0.349250,1.877230
0.349750,1.563082
0.350250,1.688192
0.350750,1.939488
0.351250,1.750055
0.351750,1.693096
0.352250,1.460952
0.352750,1.710488
0.353250,1.732055
0.353750,1.518087
0.354250,1.374069
0.354750,1.436813
0.355250,1.398852
0.355750,1.414195
0.356250,1.246146
0.356750,0.999662
0.357250,1.237154
0.357750,1.200992
0.358250,1.376928
0.358750,1.283935
0.359250,1.017480
0.359750,0.938966
0.360250,1.294344
0.360750,1.338151
0.361250,1.196345
0.361750,1.231917
0.362250,1.187833
0.362750,1.322655
0.363250,1.623645
0.363750,1.439213
0.364250,1.205806
0.364750,1.511613
0.365250,1.759195
0.365750,1.710016
0.366250,1.799975
0.366750,1.515959
0.367250,1.784020
0.367750,2.023606
0.368250,2.033205
0.368750,2.013596
0.369250,1.957308
0.369750,2.124558
0.370250,2.217594
0.370750,2.271466
0.371250,2.212034
0.371750,2.096857
0.372250,2.038938
0.372750,2.390360
0.373250,2.401712
0.373750,2.283559
0.374250,2.120054
0.374750,2.276620
0.375250,2.420176
0.375750,2.540631
0.376250,2.284447
0.376750,2.133157
0.377250,2.339133
0.377750,2.456381
0.378250,2.603117
0.378750,2.609574
0.379250,2.444067
0.379750,2.345543
0.380250,2.376688
0.380750,2.550745
0.381250,2.543531
0.381750,2.468691
0.382250,2.580360
0.382750,2.692790
0.383250,2.878454
0.383750,3.046274
0.384250,2.870521
0.384750,2.773288
0.385250,2.927915
0.385750,3.213887
0.386250,3.300715
0.386750,3.183129
0.387250,3.013242
0.387750,3.576426
0.388250,3.521102
0.388750,3.484374
0.389250,3.521244
0.389750,3.538840
0.390250,3.811966
0.390750,3.952890
0.391250,4.101632
0.391750,4.007421
0.392250,3.862670
0.392750,4.058967
0.393250,4.372914
0.393750,4.217654
0.394250,4.105784
0.394750,4.003878
0.395250,4.239497
0.395750,4.443054
0.396250,4.396669
0.396750,4.011647
0.397250,4.011348
0.397750,4.082025
0.398250,4.318133
0.398750,4.405143
0.399250,4.186886
0.399750,4.011933
0.400250,3.862199
0.400750,4.040130
0.401250,4.284819
0.401750,3.938490
0.402250,3.873621
0.402750,3.847298
0.403250,3.862875
0.403750,4.028842
0.404250,3.915293
0.404750,3.725491
0.405250,3.665656
0.405750,3.581894
0.406250,4.059889
0.406750,4.030153
0.407250,3.900348
0.407750,3.811742
0.408250,3.807561
0.408750,4.055322
0.409250,4.103332
0.409750,4.014257
0.410250,3.788794
0.410750,3.971613
0.411250,3.912957
0.411750,3.956660
0.412250,4.074452
0.412750,3.875278
0.413250,3.793438
0.413750,4.028029
0.414250,4.316368
0.414750,4.292684
0.415250,4.218777
0.415750,3.904296
0.416250,4.049759
0.416750,4.195967
0.417250,4.098537
0.417750,3.835890
0.418250,3.692018
0.418750,3.617660
0.419250,3.894867
0.419750,3.949940
0.420250,3.638331
0.420750,3.712171
0.421250,3.717462
0.421750,3.578864
0.422250,3.815807
0.422750,3.536977
0.423250,3.147870
0.423750,3.137574
0.424250,3.182328
0.424750,3.325979
0.425250,3.276228
0.425750,3.104658
0.426250,2.849569
0.426750,2.819177
0.427250,2.938294
0.427750,3.155159
0.428250,3.008339
0.428750,2.800379
0.429250,2.661423
0.429750,2.934987
0.430250,2.929273
0.430750,2.949477
0.431250,2.860829
0.431750,2.946689
0.432250,2.863678
0.432750,3.122157
0.433250,3.028413
0.433750,3.240309
0.434250,2.979797
0.434750,2.897839
0.435250,2.988248
0.435750,3.246954
0.436250,3.036653
0.436750,3.143419
0.437250,3.066656
0.437750,3.243015
0.438250,3.452648
0.438750,3.573182
0.439250,3.599526
0.439750,3.496488
0.440250,3.487878
0.440750,3.590887
0.441250,3.748155
0.441750,3.676175
0.442250,3.511956
0.442750,3.372505
0.443250,3.394532
0.443750,3.690994
0.444250,3.571292
0.444750,3.671320
0.445250,3.358585
0.445750,3.319186
0.446250,3.350535
0.446750,3.738296
0.447250,3.700496
0.447750,3.307083
0.448250,3.469663
0.448750,3.379226
0.449250,3.651233
0.449750,3.444885
0.450250,3.481914
0.450750,3.330384
0.451250,3.244534
0.451750,3.437539
0.452250,3.564757
0.452750,3.509569
0.453250,3.380108
0.453750,3.208873
0.454250,3.349335
0.454750,3.737302
0.455250,3.819818
0.455750,3.810647
0.456250,3.712960
0.456750,3.637895
0.457250,3.843423
0.457750,3.901108
0.458250,3.881711
0.458750,3.881542
0.459250,3.934063
0.459750,4.189536
0.460250,4.218289
0.460750,4.466445
0.461250,4.436803
0.461750,4.253962
0.462250,4.387118
0.462750,4.420968
0.463250,4.628707
0.463750,4.488002
0.464250,4.720805
0.464750,4.566541
0.465250,4.516515
0.465750,4.868492
0.466250,4.868165
0.466750,4.882761
0.467250,4.724380
0.467750,4.691824
0.468250,4.694217
0.468750,4.798278
0.469250,4.722006
0.469750,4.637467
0.470250,4.319899
0.470750,4.240046
0.471250,4.528862
0.471750,4.718915
0.472250,4.779243
0.472750,4.460223
0.473250,4.369210
0.473750,4.342152
0.474250,4.365319
0.474750,4.528153
0.475250,4.246816
0.475750,4.084226
0.476250,4.123882
0.476750,4.125052
0.477250,4.080196
0.477750,3.898748
0.478250,3.970103
0.478750,3.893716
0.479250,3.913916
0.479750,3.932792
0.480250,3.865435
0.480750,3.951004
0.481250,3.908247
0.481750,3.881426
0.482250,4.006818
0.482750,3.990065
0.483250,4.161240
0.483750,4.033213
0.484250,3.894913
0.484750,3.751222
0.485250,3.729191
0.485750,3.832092
0.486250,3.791703
0.486750,3.862401
0.487250,3.724164
0.487750,3.791761
0.488250,3.792463
0.488750,4.102515
0.489250,4.122727
0.489750,4.038226
0.490250,3.841324
0.490750,4.011756
0.491250,3.868325
0.491750,3.888714
0.492250,3.888486
0.492750,3.711045
0.493250,3.351748
0.493750,3.624481
0.494250,3.636755
0.494750,3.420278
0.495250,3.419739
0.495750,3.347315
0.496250,3.212204
0.496750,3.384183
0.497250,3.516538
0.497750,3.349180
0.498250,3.300806
0.498750,2.760561
0.499250,2.827540
0.499750,2.719377
0.500250,2.726592
0.500750,2.704620
0.501250,2.663248
0.501750,2.382921
0.502250,2.418810
0.502750,2.471865
0.503250,2.424827
0.503750,2.442251
0.504250,2.206459
0.504750,2.150778
0.505250,2.392474
0.505750,2.384518
0.506250,2.362985
0.506750,2.597104
0.507250,2.581362
0.507750,2.331112
0.508250,2.116624
0.508750,2.261135
0.509250,2.770927
0.509750,2.503907
0.510250,2.337650
0.510750,2.161033
0.511250,2.324398
0.511750,2.198888
0.512250,2.549348
0.512750,2.477931
0.513250,2.507064
0.513750,2.366863
0.514250,2.673544
0.514750,3.041083
0.515250,2.782532
0.515750,3.005625
0.516250,2.799879
0.516750,2.697291
0.517250,2.908689
0.517750,2.978414
0.518250,3.081758
0.518750,2.971979
0.519250,2.803469
0.519750,2.621602
0.520250,2.693154
0.520750,2.876960
0.521250,2.869068
0.521750,2.801308
0.522250,2.772905
0.522750,2.599085
0.523250,2.778023
0.523750,2.840508
0.524250,2.758402
0.524750,2.758770
0.525250,2.650642
0.525750,2.697064
0.526250,2.783207
0.526750,2.750303
0.527250,2.744457
0.527750,2.694259
0.528250,2.320661
0.528750,2.429119
0.529250,2.418600
0.529750,2.761006
0.530250,2.839078
0.530750,2.995955
0.531250,2.744073
0.531750,2.483681
0.532250,2.486258
0.532750,2.666020
0.533250,2.897472
0.533750,2.974768
0.534250,2.943111
0.534750,2.873642
0.535250,3.074566
0.535750,2.986941
0.536250,3.088939
0.536750,3.134760
0.537250,2.860033
0.537750,2.927655
0.538250,3.156638
0.538750,3.306620
0.539250,3.435727
0.539750,3.495430
0.540250,3.262461
0.540750,3.645155
0.541250,3.592111
0.541750,3.641311
0.542250,4.016993
0.542750,3.821847
0.543250,3.687995
0.543750,3.622930
0.544250,3.655636
0.544750,3.794520
0.545250,3.824170
0.545750,3.842890
0.546250,3.725212
0.546750,3.421132
0.547250,3.799362
0.547750,3.790055
0.548250,4.011797
0.548750,3.782257
0.549250,3.586070
0.549750,3.478001
0.550250,3.418904
0.550750,3.640412
0.551250,3.924834
0.551750,3.728108
0.552250,3.428882
0.552750,3.221217
0.553250,3.333135
0.553750,3.274165
0.554250,3.226596
0.554750,3.156685
0.555250,3.166962
0.555750,3.007914
0.556250,3.219906
0.556750,2.822618
0.557250,3.147750
0.557750,3.146543
0.558250,3.074413
0.558750,2.806617
0.559250,2.885073
0.559750,3.053885
0.560250,3.350983
0.560750,3.107571
0.561250,2.946570
0.561750,2.869629
0.562250,2.825897
0.562750,2.806892
0.563250,2.954666
0.563750,2.961492
0.564250,2.905621
0.564750,2.600241
0.565250,2.583804
0.565750,2.651588
0.566250,2.888859
0.566750,3.095837
0.567250,3.071312
0.567750,2.857921
0.568250,2.665013
0.568750,2.870442
0.569250,2.690292
0.569750,2.963467
0.570250,2.846128
0.570750,2.868085
0.571250,2.732789
0.571750,2.816774
0.572250,2.862047
0.572750,3.075880
0.573250,2.637237
0.573750,2.815396
0.574250,2.686835
0.574750,2.556500
0.575250,2.693271
0.575750,2.611380
0.576250,2.495513
0.576750,2.309638
0.577250,1.968594
0.577750,2.089341
0.578250,2.074465
0.578750,2.057029
0.579250,2.197433
0.579750,2.259350
0.580250,1.872286
0.580750,1.749454
0.581250,1.787091
0.581750,1.690781
0.582250,1.787732
0.582750,1.588588
0.583250,1.401882
0.583750,1.211717
0.584250,1.157281
0.584750,1.276624
0.585250,1.452228
0.585750,1.309823
0.586250,1.327668
0.586750,1.165656
0.587250,1.163718
0.587750,1.001863
0.588250,1.459578
0.588750,1.294469
0.589250,1.192481
0.589750,1.110558
0.590250,0.896692
0.590750,0.885884
0.591250,1.285325
0.591750,1.459643
0.592250,1.351422
0.592750,1.072330
0.593250,0.982767
0.593750,1.015632
0.594250,1.118988
0.594750,1.533146
0.595250,1.673802
0.595750,1.578535
0.596250,1.208936
0.596750,1.406571
0.597250,1.606584
0.597750,1.679736
0.598250,1.620052
0.598750,1.720520
0.599250,1.344578
0.599750,1.344034
0.600250,1.616369
0.600750,1.558254
0.601250,1.870898
0.601750,1.551632
0.602250,1.811792
0.602750,1.470585
0.603250,1.524006
0.603750,1.626727
0.604250,1.683376
0.604750,1.654795
0.605250,1.447077
0.605750,1.245065
0.606250,1.275649
0.606750,1.384295
0.607250,1.669452
0.607750,1.899377
0.608250,1.626604
0.608750,1.425873
0.609250,1.515091
0.609750,1.567233
0.610250,1.600653
0.610750,1.489051
0.611250,1.381085
0.611750,1.269857
0.612250,1.410497
0.612750,1.239225
0.613250,1.151258
0.613750,1.344908
0.614250,1.378045
0.614750,1.564728
0.615250,1.346963
0.615750,1.358814
0.616250,1.316562
0.616750,1.211196
0.617250,1.683686
0.617750,1.597533
0.618250,1.484756
0.618750,1.346435
0.619250,1.348836
0.619750,1.573916
0.620250,1.723529
0.620750,1.826468
0.621250,2.056019
0.621750,1.752278
0.622250,1.942868
0.622750,2.163588
0.623250,2.136198
0.623750,2.411324
0.624250,2.090836
0.624750,2.244092
0.625250,2.261484
0.625750,2.204347
0.626250,2.132513
0.626750,2.594363
0.627250,2.581332
0.627750,2.495260
0.628250,2.475043
0.628750,2.486731
0.629250,2.290103
0.629750,2.707268
0.630250,2.631628
0.630750,2.439406
0.631250,2.475762
0.631750,2.162844
0.632250,2.332760
0.632750,2.311149
0.633250,2.584443
0.633750,2.723240
0.634250,2.352864
0.634750,2.052234
0.635250,2.200567
0.635750,2.347917
0.636250,2.340335
0.636750,2.504374
0.637250,2.473831
0.637750,2.158172
0.638250,1.994591
0.638750,2.085100
0.639250,2.039464
0.639750,2.237018
0.640250,2.041152
0.640750,1.951373
0.641250,1.734703
0.641750,1.500845
0.642250,1.414454
0.642750,1.633184
0.643250,1.873099
0.643750,1.861868
0.644250,1.769270
0.644750,1.484810
0.645250,1.391641
0.645750,1.503795
0.646250,1.648834
0.646750,1.784412
0.647250,1.618805
0.647750,1.598856
0.648250,1.313869
0.648750,1.407673
0.649250,1.378334
0.649750,1.718912
0.650250,1.466664
0.650750,1.618396
0.651250,1.283150
0.651750,1.118947
0.652250,1.268693
0.652750,1.243473
0.653250,1.546483
0.653750,1.496847
0.654250,1.452659
0.654750,1.168427
0.655250,1.179700
0.655750,1.393583
0.656250,1.600794
0.656750,1.566514
0.657250,1.511406
0.657750,1.340557
0.658250,1.375204
0.658750,1.438187
0.659250,1.094808
0.659750,1.091918
0.660250,1.351400
0.660750,1.097792
0.661250,1.150505
0.661750,0.845693
0.662250,0.862775
0.662750,0.891478
0.663250,1.097181
0.663750,0.832015
0.664250,0.873720
0.664750,0.726027
0.665250,0.564444
0.665750,0.556074
0.666250,0.505251
0.666750,0.425301
0.667250,0.541403
0.667750,0.280840
0.668250,-0.221272
0.668750,-0.034227
0.669250,0.135441
0.669750,0.107300
0.670250,0.155593
0.670750,-0.111135
0.671250,-0.357664
0.671750,-0.416131
0.672250,-0.539469
0.672750,-0.534282
0.673250,-0.392935
0.673750,-0.313733
0.674250,-0.431896
0.674750,-0.541256
0.675250,-0.676806
0.675750,-0.576257
0.676250,-0.557449
0.676750,-0.478167
0.677250,-0.569861
0.677750,-0.450755
0.678250,-0.932776
0.678750,-0.708491
0.679250,-0.498681
0.679750,-0.566231
0.680250,-0.552210
0.680750,-0.742646
0.681250,-0.798529
0.681750,-1.032253
0.682250,-0.957087
0.682750,-0.825705
0.683250,-0.498999
0.683750,-0.208145
0.684250,-0.104340
0.684750,-0.602968
0.685250,-0.861617
0.685750,-0.448213
0.686250,-0.405350
0.686750,-0.326716
0.687250,-0.221645
0.687750,-0.198184
0.688250,-0.304174
0.688750,-0.621218
0.689250,-0.397404
0.689750,-0.371001
0.690250,0.050396
0.690750,0.067370
0.691250,-0.138880
0.691750,-0.269462
0.692250,-0.515586
0.692750,-0.500251
0.693250,-0.434609
0.693750,-0.163662
0.694250,-0.441340
0.694750,-0.424313
0.695250,-0.633980
0.695750,-0.637703
0.696250,-0.481253
0.696750,-0.400059
0.697250,-0.151138
0.697750,-0.413857
0.698250,-0.505862
0.698750,-0.610375
0.699250,-0.834204
0.699750,-0.537860
0.700250,-0.596581
0.700750,-0.430800
0.701250,-0.627337
0.701750,-0.807639
0.702250,-0.996187
0.702750,-1.011248
0.703250,-0.936637
0.703750,-0.949729
0.704250,-0.621756
0.704750,-0.700274
0.705250,-0.399501
0.705750,-0.840559
0.706250,-0.968197
0.706750,-1.021729
0.707250,-0.688920
0.707750,-0.489546
0.708250,-0.810278
0.708750,-0.429299
0.709250,-0.679778
0.709750,-0.641653
0.710250,-0.643325
0.710750,-0.446200
0.711250,-0.273258
0.711750,-0.306133
0.712250,-0.393004
0.712750,-0.636979
0.713250,-0.397254
0.713750,-0.220819
0.714250,-0.123913
0.714750,-0.216697
0.715250,-0.207923
0.715750,-0.094208
0.716250,-0.358356
0.716750,-0.352251
0.717250,-0.015327
0.717750,-0.053345
0.718250,0.311704
0.718750,0.377845
0.719250,0.146659
0.719750,0.061155
0.720250,0.141365
0.720750,0.166091
0.721250,0.402383
0.721750,0.454580
0.722250,0.160007
0.722750,0.091719
0.723250,0.016305
0.723750,0.155930
0.724250,-0.115722
0.724750,-0.179980
0.725250,0.133587
0.725750,0.088725
0.726250,-0.075894
0.726750,-0.199372
0.727250,-0.343245
0.727750,-0.187454
0.728250,-0.124444
0.728750,-0.245214
0.729250,-0.162244
0.729750,-0.125831
0.730250,-0.635768
0.730750,-0.322073
0.731250,-0.641291
0.731750,-0.457527
0.732250,-0.491640
0.732750,-0.711579
0.733250,-0.674975
0.733750,-1.187694
0.734250,-0.830720
0.734750,-1.075055
0.735250,-0.889644
0.735750,-0.852024
0.736250,-0.852427
0.736750,-0.864971
0.737250,-1.067963
0.737750,-0.971071
0.738250,-1.007388
0.738750,-1.086669
0.739250,-0.927919
0.739750,-1.070832
0.740250,-1.032170
0.740750,-1.200476
0.741250,-1.222213
0.741750,-0.936631
0.742250,-0.889029
0.742750,-0.853240
0.743250,-1.065404
0.743750,-1.003520
0.744250,-1.321387
0.744750,-1.140171
0.745250,-1.290975
0.745750,-1.234579
0.746250,-0.996869
0.746750,-1.289444
0.747250,-1.198320
0.747750,-1.351328
0.748250,-1.739014
0.748750,-1.293782
0.749250,-1.080753
0.749750,-0.932704
0.750250,-1.162783
0.750750,-1.296901
0.751250,-1.359138
0.751750,-1.288014
0.752250,-1.286425
0.752750,-1.365739
0.753250,-1.192682
0.753750,-1.416308
0.754250,-1.569865
0.754750,-1.506839
0.755250,-1.685792
0.755750,-1.818909
0.756250,-1.914501
0.756750,-1.552330
0.757250,-1.831630
0.757750,-1.909468
0.758250,-2.175739
0.758750,-2.321468
0.759250,-2.197119
0.759750,-2.169218
0.760250,-2.120025
0.760750,-2.118911
0.761250,-2.048084
0.761750,-2.264229
0.762250,-2.408261
0.762750,-2.262861
0.763250,-2.495330
0.763750,-2.693502
0.764250,-2.812372
0.764750,-2.792661
0.765250,-2.880783
0.765750,-3.152955
0.766250,-3.377564
0.766750,-3.069853
0.767250,-2.974487
0.767750,-3.191506
0.768250,-3.252604
0.768750,-3.216315
0.769250,-3.261405
0.769750,-3.242532
0.770250,-3.262714
0.770750,-3.114229
0.771250,-3.015015
0.771750,-3.075567
0.772250,-3.046157
0.772750,-3.404462
0.773250,-3.349343
0.773750,-3.190225
0.774250,-3.276081
0.774750,-3.136358
0.775250,-3.255513
0.775750,-3.190284
0.776250,-3.492951
0.776750,-3.313484
0.777250,-3.511809
0.777750,-3.346277
0.778250,-3.047616
0.778750,-3.176277
0.779250,-2.960718
0.779750,-3.126921
0.780250,-3.170596
0.780750,-3.174107
0.781250,-3.167513
0.781750,-2.787958
0.782250,-2.771570
0.782750,-2.600386
0.783250,-2.792443
0.783750,-2.848286
0.784250,-2.949920
0.784750,-2.800021
0.785250,-2.616260
0.785750,-2.490189
0.786250,-2.715211
0.786750,-2.776594
0.787250,-2.913648
0.787750,-2.939408
0.788250,-2.786540
0.788750,-2.903280
0.789250,-2.699165
0.789750,-2.778872
0.790250,-2.861339
0.790750,-3.150323
0.791250,-3.088622
0.791750,-3.284381
0.792250,-3.090758
0.792750,-2.871679
0.793250,-2.741145
0.793750,-2.794875
0.794250,-2.605044
0.794750,-3.192711
0.795250,-3.067852
0.795750,-3.051996
0.796250,-2.939674
0.796750,-2.869013
0.797250,-2.977576
0.797750,-2.928158
0.798250,-3.022987
0.798750,-3.118822
0.799250,-3.334804
0.799750,-3.288072
0.800250,-3.346911
0.800750,-3.042903
0.801250,-3.208181
0.801750,-3.075994
0.802250,-2.951292
0.802750,-3.126690
0.803250,-3.054921
0.803750,-2.934555
0.804250,-2.902332
0.804750,-2.911392
0.805250,-2.567265
0.805750,-2.941476
0.806250,-3.079214
0.806750,-2.722415
0.807250,-2.565994
0.807750,-2.270659
0.808250,-2.721114
0.808750,-2.558472
0.809250,-2.598717
0.809750,-2.569965
0.810250,-2.258202
0.810750,-2.400014
0.811250,-1.991065
0.811750,-1.930165
0.812250,-2.221361
0.812750,-2.086804
0.813250,-2.211422
0.813750,-2.258291
0.814250,-2.191993
0.814750,-1.997047
0.815250,-1.682435
0.815750,-1.746738
0.816250,-1.524167
0.816750,-1.975710
0.817250,-1.703298
0.817750,-1.630837
0.818250,-1.897296
0.818750,-1.672697
0.819250,-1.496657
0.819750,-1.613141
0.820250,-1.576894
0.820750,-1.635961
0.821250,-1.903970
0.821750,-1.788815
0.822250,-1.560221
0.822750,-1.434570
0.823250,-1.682715
0.823750,-1.643373
0.824250,-1.808383
0.824750,-1.798561
0.825250,-2.046664
0.825750,-1.973084
0.826250,-1.683396
0.826750,-1.708990
0.827250,-1.846246
0.827750,-2.055504
0.828250,-2.248946
0.828750,-2.154013
0.829250,-2.234796
0.829750,-2.243337
0.830250,-2.130492
0.830750,-2.358509
0.831250,-2.109831
0.831750,-2.470034
0.832250,-2.832936
0.832750,-2.749444
0.833250,-2.387106
0.833750,-2.287458
0.834250,-2.318557
0.834750,-2.309291
0.835250,-2.256500
0.835750,-2.612669
0.836250,-2.597655
0.836750,-2.504586
0.837250,-2.421325
0.837750,-2.375708
0.838250,-2.173592
0.838750,-2.540760
0.839250,-2.689165
0.839750,-2.546193
0.840250,-2.660205
0.840750,-2.469791
0.841250,-2.468916
0.841750,-2.560242
0.842250,-2.443450
0.842750,-2.424813
0.843250,-2.854359
0.843750,-2.733384
0.844250,-2.719520
0.844750,-2.726231
0.845250,-2.252277
0.845750,-2.303229
0.846250,-2.350544
0.846750,-2.461170
0.847250,-2.591639
0.847750,-2.706114
0.848250,-2.812789
0.848750,-2.503177
0.849250,-2.369785
0.849750,-2.253364
0.850250,-1.908097
0.850750,-2.633594
0.851250,-2.348621
0.851750,-2.533044
0.852250,-2.477730
0.852750,-2.027922
0.853250,-2.048844
0.853750,-2.505853
0.854250,-2.725806
0.854750,-2.761548
0.855250,-2.950957
0.855750,-2.815953
0.856250,-2.943439
0.856750,-2.917114
0.857250,-3.063361
0.857750,-3.120546
0.858250,-3.342453
0.858750,-3.316383
0.859250,-3.111653
0.859750,-2.962914
0.860250,-2.996060
0.860750,-3.280808
0.861250,-3.366597
0.861750,-3.189325
0.862250,-3.640395
0.862750,-3.497723
0.863250,-3.636249
0.863750,-3.637400
0.864250,-3.341935
0.864750,-3.485934
0.865250,-3.649560
0.865750,-3.634098
0.866250,-3.749684
0.866750,-4.010278
0.867250,-3.977294
0.867750,-3.925403
0.868250,-3.826021
0.868750,-3.820290
0.869250,-3.911692
0.869750,-4.187547
0.870250,-4.193926
0.870750,-4.303107
0.871250,-4.275938
0.871750,-3.640865
0.872250,-4.024433
0.872750,-3.904401
0.873250,-3.809586
0.873750,-3.995053
0.874250,-4.240498
0.874750,-4.099146
0.875250,-3.733307
0.875750,-3.684307
0.876250,-3.468112
0.876750,-3.646449
0.877250,-3.884990
0.877750,-3.852540
0.878250,-3.827244
0.878750,-3.764446
0.879250,-3.398479
0.879750,-3.587991
0.880250,-3.549636
0.880750,-3.683956
0.881250,-3.771788
0.881750,-3.634609
0.882250,-3.473587
0.882750,-3.510478
0.883250,-3.061536
0.883750,-3.247075
0.884250,-3.463944
0.884750,-3.379434
0.885250,-3.688931
0.885750,-3.428699
0.886250,-3.223653
0.886750,-3.036073
0.887250,-2.794186
0.887750,-3.106598
0.888250,-3.245779
0.888750,-3.229952
0.889250,-3.161838
0.889750,-3.225123
0.890250,-3.282589
0.890750,-3.113168
0.891250,-3.071726
0.891750,-3.104519
0.892250,-3.158227
0.892750,-3.229968
0.893250,-3.479124
0.893750,-3.291543
0.894250,-3.083648
0.894750,-2.877311
0.895250,-2.810136
0.895750,-2.812994
0.896250,-2.851692
0.896750,-3.037177
0.897250,-3.400697
0.897750,-3.236121
0.898250,-3.219890
0.898750,-3.072847
0.899250,-3.243318
0.899750,-3.222670
0.900250,-3.384245
0.900750,-3.619006
0.901250,-3.502781
0.901750,-3.293847
0.902250,-3.277301
0.902750,-2.789040
0.903250,-2.925530
0.903750,-3.416130
0.904250,-3.221156
0.904750,-3.349809
0.905250,-3.090994
0.905750,-2.953195
0.906250,-3.014303
0.906750,-2.680621
0.907250,-2.650426
0.907750,-2.732948
0.908250,-2.842914
0.908750,-2.818459
0.909250,-2.897663
0.909750,-2.757687
0.910250,-2.840613
0.910750,-2.521578
0.911250,-2.286740
0.911750,-2.284760
0.912250,-2.306162
0.912750,-2.654512
0.913250,-2.195359
0.913750,-2.242596
0.914250,-2.118273
0.914750,-2.031570
0.915250,-2.170610
0.915750,-2.059499
0.916250,-2.024434
0.916750,-2.015339
0.917250,-1.724656
0.917750,-1.880204
0.918250,-1.445630
0.918750,-1.288884
0.919250,-1.450948
0.919750,-1.737789
0.920250,-1.589655
0.920750,-1.682610
0.921250,-1.650845
0.921750,-1.258453
0.922250,-0.963908
0.922750,-0.861862
0.923250,-1.456098
0.923750,-1.449617
0.924250,-1.674548
0.924750,-1.672736
0.925250,-1.664370
0.925750,-1.505009
0.926250,-1.225098
0.926750,-1.269908
0.927250,-1.258114
0.927750,-1.297856
0.928250,-1.335199
0.928750,-1.345913
0.929250,-1.366272
0.929750,-1.562823
0.930250,-1.211923
0.930750,-1.215893
0.931250,-1.299281
0.931750,-1.155059
0.932250,-1.604753
0.932750,-1.585305
0.933250,-1.727902
0.933750,-1.812273
0.934250,-1.395595
0.934750,-1.621097
0.935250,-1.874311
0.935750,-1.935220
0.936250,-2.054251
0.936750,-2.211580
0.937250,-2.008007
0.937750,-2.117514
0.938250,-1.881573
0.938750,-1.946758
0.939250,-1.904747
0.939750,-2.169600
0.940250,-1.971939
0.940750,-2.099022
0.941250,-1.770429
0.941750,-1.940626
0.942250,-1.896757
0.942750,-1.740528
0.943250,-1.974737
0.943750,-1.749962
0.944250,-2.131801
0.944750,-2.133128
0.945250,-2.044116
0.945750,-2.188059
0.946250,-2.100111
0.946750,-1.933637
0.947250,-2.068509
0.947750,-1.900917
0.948250,-2.182978
0.948750,-2.079284
0.949250,-1.745073
0.949750,-1.858599
0.950250,-1.704371
0.950750,-1.803126
0.951250,-1.809759
0.951750,-1.959836
0.952250,-1.801305
0.952750,-1.784010
0.953250,-1.624896
0.953750,-1.635430
0.954250,-1.452017
0.954750,-1.551812
0.955250,-1.569532
0.955750,-1.576287
0.956250,-1.998777
0.956750,-2.049600
0.957250,-1.701885
0.957750,-1.686506
0.958250,-1.317449
0.958750,-1.804559
0.959250,-1.744317
0.959750,-1.821527
0.960250,-2.149545
0.960750,-2.218794
0.961250,-2.045466
0.961750,-2.163070
0.962250,-1.945239
0.962750,-1.943028
0.963250,-2.167458
0.963750,-2.193882
0.964250,-2.015822
0.964750,-2.271604
0.965250,-2.178699
0.965750,-2.200976
0.966250,-2.252455
0.966750,-2.168616
0.967250,-2.497601
0.967750,-2.394305
0.968250,-2.707045
0.968750,-2.631698
0.969250,-2.775197
0.969750,-2.536085
0.970250,-2.734776
0.970750,-2.619582
0.971250,-2.892936
0.971750,-3.088681
0.972250,-2.866530
0.972750,-3.354830
0.973250,-3.421000
0.973750,-3.323588
0.974250,-3.050980
0.974750,-2.980232
0.975250,-3.062773
0.975750,-3.149392
0.976250,-3.307509
0.976750,-3.483727
0.977250,-3.255433
0.977750,-3.276612
0.978250,-2.938335
0.978750,-3.068560
0.979250,-3.113524
0.979750,-3.030698
0.980250,-3.304597
0.980750,-3.307003
0.981250,-3.123323
0.981750,-2.976910
0.982250,-3.117242
0.982750,-2.743473
0.983250,-3.060649
0.983750,-3.124556
0.984250,-3.114124
0.984750,-3.182286
0.985250,-2.871927
0.985750,-2.950759
0.986250,-2.718185
0.986750,-2.502529
0.987250,-2.682497
0.987750,-2.706540
0.988250,-2.614757
0.988750,-2.768206
0.989250,-2.667725
0.989750,-2.402007
0.990250,-2.372490
0.990750,-2.163223
0.991250,-2.132429
0.991750,-2.144778
0.992250,-2.438999
0.992750,-2.489331
0.993250,-2.453052
0.993750,-2.381198
0.994250,-2.271918
0.994750,-1.979010
0.995250,-2.068683
0.995750,-2.095977
0.996250,-2.383854
0.996750,-2.425446
0.997250,-2.421359
0.997750,-2.555339
0.998250,-2.432860
0.998750,-1.980268
0.999250,-1.834526
0.999750,-2.199233
