0.000250,0.102585
0.000750,0.106362
0.001250,0.117307
0.001750,-0.009744
0.002250,0.023756
0.002750,0.132946
0.003250,0.187489
0.003750,0.198130
0.004250,0.285808
0.004750,0.494279
0.005250,0.665387
0.005750,0.585912
0.006250,0.531978
0.006750,0.471533
0.007250,0.614360
0.007750,0.563603
0.008250,0.612451
0.008750,0.592706
0.009250,0.449484
0.009750,0.376593
0.010250,0.344012
0.010750,0.442279
0.011250,0.629286
0.011750,0.633185
0.012250,0.727441
0.012750,0.621715
0.013250,0.654033
0.013750,0.729013
0.014250,0.721234
0.014750,0.923455
0.015250,1.043128
0.015750,1.230895
0.016250,1.180183
0.016750,1.183916
0.017250,1.204075
0.017750,1.164575
0.018250,1.019692
0.018750,1.079728
0.019250,1.129855
0.019750,1.162589
0.020250,1.183446
0.020750,1.220616
0.021250,1.167627
0.021750,1.092923
0.022250,1.019061
0.022750,0.887768
0.023250,0.943268
0.023750,0.889642
0.024250,0.783565
0.024750,0.777869
0.025250,0.856500
0.025750,0.832556
0.026250,1.099070
0.026750,1.105815
0.027250,1.056017
0.027750,1.137165
0.028250,1.097696
0.028750,1.090157
0.029250,1.102967
0.029750,1.038559
0.030250,1.103754
0.030750,1.101768
0.031250,1.272330
0.031750,1.349414
0.032250,1.390112
0.032750,1.556973
0.033250,1.584089
0.033750,1.657438
0.034250,1.691515
0.034750,1.631867
0.035250,1.422186
0.035750,1.422852
0.036250,1.398734
0.036750,1.283105
0.037250,1.386895
0.037750,1.298538
0.038250,1.330984
0.038750,1.478656
0.039250,1.387723
0.039750,1.434702
0.040250,1.273323
0.040750,1.437461
0.041250,1.329890
0.041750,1.165139
0.042250,1.080839
0.042750,1.026080
0.043250,0.948971
0.043750,0.880044
0.044250,0.718233
0.044750,0.662661
0.045250,0.871554
0.045750,0.948470
0.046250,0.869227
0.046750,0.890052
0.047250,1.034774
0.047750,1.005790
0.048250,1.156371
0.048750,1.005131
0.049250,1.216576
0.049750,0.856082
0.050250,0.996968
0.050750,0.951735
0.051250,1.028427
0.051750,0.983226
0.052250,0.802051
0.052750,1.015221
0.053250,1.074784
0.053750,1.153059
0.054250,1.129772
0.054750,1.155100
0.055250,1.163241
0.055750,1.408419
0.056250,1.506774
0.056750,1.546890
0.057250,1.419660
0.057750,1.583972
0.058250,1.520520
0.058750,1.421712
0.059250,1.014463
0.059750,1.138762
0.060250,1.153623
0.060750,1.009864
0.061250,1.112011
0.061750,0.883423
0.062250,0.848654
0.062750,1.038299
0.063250,1.087932
0.063750,1.073779
0.064250,1.174177
0.064750,1.185786
0.065250,1.061456
0.065750,0.898296
0.066250,1.045434
0.066750,0.815186
0.067250,0.808541
0.067750,0.747820
0.068250,0.610984
0.068750,0.600806
0.069250,0.451615
0.069750,0.144114
0.070250,0.024404
0.070750,0.201829
0.071250,0.198276
0.071750,0.285137
0.072250,0.166939
0.072750,0.174021
0.073250,0.276772
0.073750,0.424561
0.074250,0.287487
0.074750,0.521195
0.075250,0.398926
0.075750,0.492868
0.076250,0.451710
0.076750,0.388003
0.077250,0.387047
0.077750,0.173997
0.078250,0.321484
0.078750,0.210466
0.079250,0.256633
0.079750,0.136262
0.080250,0.196000
0.080750,0.221750
0.081250,0.167488
0.081750,0.386390
0.082250,0.177804
0.082750,0.214572
0.083250,0.434396
0.083750,0.536559
0.084250,0.540975
0.084750,0.515113
0.085250,0.702239
0.085750,0.412476
0.086250,0.800095
0.086750,0.651129
0.087250,0.693846
0.087750,0.678245
0.088250,0.438227
0.088750,0.514283
0.089250,0.435479
0.089750,0.472450
0.090250,0.489963
0.090750,0.069453
0.091250,0.256965
0.091750,0.251132
0.092250,0.178480
0.092750,0.196587
0.093250,0.009957
0.093750,0.121319
0.094250,-0.007768
0.094750,0.042579
0.095250,0.131615
0.095750,0.038459
0.096250,0.132493
0.096750,0.195488
0.097250,0.152962
0.097750,0.131063
0.098250,0.031965
0.098750,0.034164
0.099250,-0.337599
0.099750,-0.329748
0.100250,-0.175753
0.100750,-0.646823
0.101250,-0.627003
0.101750,-0.663002
0.102250,-0.664778
0.102750,-0.669995
0.103250,-0.767491
0.103750,-0.974799
0.104250,-0.932249
0.104750,-0.791382
0.105250,-0.914678
0.105750,-0.560982
0.106250,-0.921203
0.106750,-0.818421
0.107250,-0.708364
0.107750,-0.775140
0.108250,-0.682004
0.108750,-0.593164
0.109250,-0.800525
0.109750,-0.538736
0.110250,-0.645986
0.110750,-0.580764
0.111250,-0.508104
0.111750,-0.742661
0.112250,-0.756861
0.112750,-0.701460
0.113250,-1.085762
0.113750,-0.745130
0.114250,-0.858921
0.114750,-0.860538
0.115250,-0.977875
0.115750,-1.003388
0.116250,-1.005955
0.116750,-0.923402
0.117250,-0.833819
0.117750,-0.542073
0.118250,-0.732962
0.118750,-0.474441
0.119250,-0.435425
0.119750,-0.271082
0.120250,-0.288839
0.120750,-0.249097
0.121250,-0.650327
0.121750,-0.487547
0.122250,-0.556504
0.122750,-0.362589
0.123250,-0.472208
0.123750,-0.590091
0.124250,-0.674263
0.124750,-0.507864
0.125250,-0.472245
0.125750,-0.686349
0.126250,-0.699932
0.126750,-0.564648
0.127250,-0.734648
0.127750,-0.669516
0.128250,-0.716633
0.128750,-1.077069
0.129250,-0.823891
0.129750,-1.082722
0.130250,-1.102254
0.130750,-1.131447
0.131250,-1.112101
0.131750,-0.940585
0.132250,-0.864090
0.132750,-0.775559
0.133250,-0.972829
0.133750,-0.804964
0.134250,-1.048378
0.134750,-1.179912
0.135250,-1.002382
0.135750,-0.977794
0.136250,-1.056302
0.136750,-1.172920
0.137250,-1.357441
0.137750,-1.201354
0.138250,-1.384808
0.138750,-1.405215
0.139250,-1.366710
0.139750,-1.609869
0.140250,-1.547274
0.140750,-1.620187
0.141250,-1.827171
0.141750,-1.724671
0.142250,-1.873251
0.142750,-1.956795
0.143250,-2.004733
0.143750,-2.041738
0.144250,-1.919873
0.144750,-1.986771
0.145250,-2.124110
0.145750,-2.010022
0.146250,-1.965517
0.146750,-1.611265
0.147250,-1.594422
0.147750,-1.456190
0.148250,-1.784822
0.148750,-1.685446
0.149250,-1.576212
0.149750,-1.539218
0.150250,-1.753892
0.150750,-1.554459
0.151250,-1.486466
0.151750,-1.508902
0.152250,-1.356028
0.152750,-1.525159
0.153250,-1.809307
0.153750,-1.896271
0.154250,-2.047948
0.154750,-1.997183
0.155250,-2.035223
0.155750,-1.929592
0.156250,-1.959630
0.156750,-1.837064
0.157250,-1.735225
0.157750,-1.816800
0.158250,-1.743225
0.158750,-1.632750
0.159250,-1.653342
0.159750,-1.599756
0.160250,-1.444072
0.160750,-1.112321
0.161250,-1.204487
0.161750,-1.384587
0.162250,-1.201714
0.162750,-1.068407
0.163250,-1.149065
0.163750,-1.161208
0.164250,-1.269096
0.164750,-1.056226
0.165250,-1.193363
0.165750,-1.112695
0.166250,-1.236115
0.166750,-1.107245
0.167250,-0.859049
0.167750,-1.283150
0.168250,-1.723110
0.168750,-1.619742
0.169250,-1.421297
0.169750,-1.895512
0.170250,-1.737458
0.170750,-1.884622
0.171250,-1.784791
0.171750,-1.558263
0.172250,-1.636461
0.172750,-1.412552
0.173250,-1.566757
0.173750,-1.518037
0.174250,-1.621756
0.174750,-1.670485
0.175250,-1.764517
0.175750,-1.470055
0.176250,-1.728184
0.176750,-1.627135
0.177250,-1.617191
0.177750,-1.344432
0.178250,-1.728443
0.178750,-1.705886
0.179250,-1.352385
0.179750,-1.496593
0.180250,-1.766986
0.180750,-1.854403
0.181250,-1.352152
0.181750,-1.872864
0.182250,-1.983722
0.182750,-2.129634
0.183250,-2.214045
0.183750,-2.285584
0.184250,-2.629588
0.184750,-2.373342
0.185250,-2.177668
0.185750,-2.134383
0.186250,-2.203965
0.186750,-2.118870
0.187250,-2.382450
0.187750,-2.514546
0.188250,-2.284654
0.188750,-2.497996
0.189250,-2.477461
0.189750,-2.400206
0.190250,-2.448534
0.190750,-2.533496
0.191250,-2.203184
0.191750,-2.030436
0.192250,-2.226149
0.192750,-2.389771
0.193250,-2.076844
0.193750,-1.899438
0.194250,-2.215169
0.194750,-2.182595
0.195250,-1.790393
0.195750,-2.098401
0.196250,-2.079595
0.196750,-1.990155
0.197250,-2.138880
0.197750,-2.006711
0.198250,-2.245885
0.198750,-2.130969
0.199250,-1.888825
0.199750,-1.881857
0.200250,-1.771874
0.200750,-1.962341
0.201250,-1.859398
0.201750,-2.190043
0.202250,-2.009083
0.202750,-2.263924
0.203250,-2.159854
0.203750,-2.229534
0.204250,-2.149470
0.204750,-1.976037
0.205250,-2.199631
0.205750,-2.153788
0.206250,-1.934734
0.206750,-1.529037
0.207250,-1.806835
0.207750,-1.935946
0.208250,-1.599224
0.208750,-1.593733
0.209250,-1.453643
0.209750,-1.234871
0.210250,-0.953389
0.210750,-0.955521
0.211250,-1.231021
0.211750,-1.268830
0.212250,-1.093078
0.212750,-1.114620
0.213250,-1.381696
0.213750,-1.148466
0.214250,-1.264935
0.214750,-1.397222
0.215250,-1.227704
0.215750,-1.213341
0.216250,-1.266821
0.216750,-1.677761
0.217250,-1.437924
0.217750,-1.427234
0.218250,-1.548121
0.218750,-1.293364
0.219250,-1.567839
0.219750,-1.282986
0.220250,-1.521991
0.220750,-1.369105
0.221250,-1.395960
0.221750,-1.513215
0.222250,-1.793314
0.222750,-1.752630
0.223250,-1.462758
0.223750,-1.618561
0.224250,-1.644505
0.224750,-1.522058
0.225250,-1.878988
0.225750,-1.741443
0.226250,-1.585311
0.226750,-1.408492
0.227250,-1.131773
0.227750,-1.421371
0.228250,-1.414865
0.228750,-1.472923
0.229250,-1.273203
0.229750,-1.423071
0.230250,-1.671185
0.230750,-1.591784
0.231250,-1.446781
0.231750,-1.556755
0.232250,-1.585505
0.232750,-1.717720
0.233250,-1.768963
0.233750,-1.458889
0.234250,-1.781357
0.234750,-1.754264
0.235250,-1.624688
0.235750,-1.982296
0.236250,-1.859975
0.236750,-2.105659
0.237250,-1.899722
0.237750,-1.953870
0.238250,-2.177088
0.238750,-2.120702
0.239250,-2.331866
0.239750,-2.192016
0.240250,-2.138235
0.240750,-1.949464
0.241250,-2.271785
0.241750,-2.019465
0.242250,-1.694918
0.242750,-2.372573
0.243250,-2.040515
0.243750,-2.031962
0.244250,-1.915362
0.244750,-1.804364
0.245250,-1.372648
0.245750,-1.728813
0.246250,-1.709607
0.246750,-1.418317
0.247250,-1.623883
0.247750,-1.795837
0.248250,-1.734526
0.248750,-1.655188
0.249250,-1.624189
0.249750,-1.129867
0.250250,-1.451776
0.250750,-1.278860
0.251250,-1.405217
0.251750,-1.383857
0.252250,-1.315804
0.252750,-1.392975
0.253250,-1.511572
0.253750,-1.309868
0.254250,-1.364891
0.254750,-1.466631
0.255250,-1.756701
0.255750,-1.559173
0.256250,-1.682402
0.256750,-1.852092
0.257250,-1.295035
0.257750,-1.177515
0.258250,-1.371896
0.258750,-1.423622
0.259250,-1.275779
0.259750,-1.088272
0.260250,-1.100174
0.260750,-1.002741
0.261250,-0.825294
0.261750,-0.996910
0.262250,-0.642194
0.262750,-0.536789
0.263250,-0.920728
0.263750,-0.661882
0.264250,-0.413585
0.264750,-0.647790
0.265250,-0.814842
0.265750,-0.541620
0.266250,-0.411190
0.266750,-0.498808
0.267250,-0.419350
0.267750,-0.241265
0.268250,-0.307798
0.268750,-0.085816
0.269250,-0.193346
0.269750,-0.360124
0.270250,-0.420116
0.270750,-0.245474
0.271250,-0.683498
0.271750,-0.591161
0.272250,-0.512468
0.272750,-0.523580
0.273250,-0.602458
0.273750,-0.836571
0.274250,-0.416121
0.274750,-0.556881
0.275250,-0.508101
0.275750,-0.218526
0.276250,-0.519433
0.276750,-0.911903
0.277250,-0.685224
0.277750,-0.504840
0.278250,-0.980968
0.278750,-0.526269
0.279250,-0.560970
0.279750,-0.259737
0.280250,-0.678919
0.280750,-0.672936
0.281250,-0.237640
0.281750,-0.597788
0.282250,-0.265648
0.282750,-0.583667
0.283250,-0.533672
0.283750,-0.363507
0.284250,-0.548888
0.284750,-0.580442
0.285250,-0.562756
0.285750,-0.332939
0.286250,-0.293801
0.286750,-0.416342
0.287250,-0.278289
0.287750,-0.263142
0.288250,-0.415806
0.288750,-0.347471
0.289250,-0.734533
0.289750,-0.499068
0.290250,-0.558479
0.290750,-0.810594
0.291250,-0.700075
0.291750,-0.817650
0.292250,-0.530835
0.292750,-1.024634
0.293250,-1.038090
0.293750,-1.122902
0.294250,-0.868726
0.294750,-1.055303
0.295250,-0.875822
0.295750,-0.756137
0.296250,-1.000545
0.296750,-1.157346
0.297250,-1.162953
0.297750,-0.893209
0.298250,-0.972424
0.298750,-0.864786
0.299250,-0.920537
0.299750,-0.605956
0.300250,-1.056445
0.300750,-0.873182
0.301250,-0.304501
0.301750,-0.686131
0.302250,-0.749730
0.302750,-0.750401
0.303250,-0.626703
0.303750,-0.522498
0.304250,-0.612592
0.304750,-0.357215
0.305250,-0.246670
0.305750,-0.217710
0.306250,-0.095202
0.306750,-0.215768
0.307250,-0.058418
0.307750,-0.111361
0.308250,0.150247
0.308750,-0.212734
0.309250,-0.297062
0.309750,0.014369
0.310250,-0.090403
0.310750,-0.328417
0.311250,-0.381830
0.311750,-0.618026
0.312250,-0.676875
0.312750,-0.343919
0.313250,-0.069883
0.313750,-0.383263
0.314250,-0.395979
0.314750,-0.130535
0.315250,-0.185067
0.315750,-0.209148
0.316250,-0.126358
0.316750,-0.031026
0.317250,0.175319
0.317750,0.348358
0.318250,-0.084644
0.318750,-0.029393
0.319250,0.177873
0.319750,-0.111135
0.320250,-0.004975
0.320750,0.049578
0.321250,0.585185
0.321750,0.354406
0.322250,0.830336
0.322750,1.059270
0.323250,0.917537
0.323750,0.851076
0.324250,1.333004
0.324750,0.873720
0.325250,0.981441
0.325750,1.043028
0.326250,0.649996
0.326750,0.918431
0.327250,0.863980
0.327750,1.053759
0.328250,0.930230
0.328750,1.407363
0.329250,0.902807
0.329750,1.216456
0.330250,0.822532
0.330750,0.942183
0.331250,0.845329
0.331750,1.143713
0.332250,0.788641
0.332750,0.818816
0.333250,0.703017
0.333750,1.133953
0.334250,0.594204
0.334750,0.830629
0.335250,0.940379
0.335750,0.769187
0.336250,0.654094
0.336750,1.071662
0.337250,0.768156
0.337750,0.652577
0.338250,0.746435
0.338750,0.869316
0.339250,0.917292
0.339750,0.902449
0.340250,0.902057
0.340750,0.880144
0.341250,0.910195
0.341750,1.098090
0.342250,0.676365
0.342750,1.099436
0.343250,1.143953
0.343750,1.102630
0.344250,0.944557
0.344750,0.795498
0.345250,0.880707
0.345750,0.710529
0.346250,0.996558
0.346750,1.260466
0.347250,0.999691
0.347750,1.315680
0.348250,1.201533
0.348750,1.131460
0.349250,0.942231
0.349750,0.884133
0.350250,0.907381
0.350750,0.959595
0.351250,0.903106
0.351750,0.828031
0.352250,0.652680
0.352750,1.059903
0.353250,1.077898
0.353750,0.617301
0.354250,0.712794
0.354750,0.640289
0.355250,0.703286
0.355750,0.662217
0.356250,0.605109
0.356750,0.335392
0.357250,0.858896
0.357750,0.781377
0.358250,0.653093
0.358750,0.407948
0.359250,0.265571
0.359750,0.057038
0.360250,0.576604
0.360750,0.240854
0.361250,0.364082
0.361750,0.543351
0.362250,0.379031
0.362750,0.587518
0.363250,0.627232
0.363750,0.487665
0.364250,-0.032183
0.364750,0.909369
0.365250,0.524741
0.365750,0.829775
0.366250,1.030129
0.366750,0.797682
0.367250,0.609810
0.367750,1.073463
0.368250,1.078311
0.368750,1.164045
0.369250,1.177250
0.369750,1.083437
0.370250,1.199889
0.370750,1.487428
0.371250,1.319161
0.371750,1.337702
0.372250,1.132434
0.372750,1.293959
0.373250,1.448622
0.373750,1.151239
0.374250,1.133415
0.374750,0.949400
0.375250,1.192796
0.375750,1.364706
0.376250,0.986080
0.376750,0.931003
0.377250,0.910380
0.377750,0.978494
0.378250,1.356265
0.378750,1.098192
0.379250,1.066417
0.379750,1.312663
0.380250,0.986229
0.380750,1.061966
0.381250,1.007164
0.381750,1.022884
0.382250,1.159605
0.382750,1.394358
0.383250,1.635535
0.383750,1.668357
0.384250,1.219311
0.384750,1.335223
0.385250,1.467672
0.385750,1.816060
0.386250,1.839509
0.386750,1.783509
0.387250,1.721466
0.387750,2.213630
0.388250,2.185408
0.388750,1.799886
0.389250,1.916884
0.389750,2.270273
0.390250,2.213128
0.390750,2.023843
0.391250,2.140863
0.391750,2.282054
0.392250,2.205023
0.392750,2.297180
0.393250,2.642026
0.393750,2.357243
0.394250,2.345369
0.394750,2.313558
0.395250,2.321527
0.395750,2.408801
0.396250,2.424453
0.396750,2.543562
0.397250,2.152357
0.397750,2.533952
0.398250,2.361884
0.398750,2.674040
0.399250,2.292369
0.399750,2.060710
0.400250,1.883620
0.400750,2.487130
0.401250,2.342611
0.401750,2.167385
0.402250,1.862329
0.402750,2.347601
0.403250,2.183970
0.403750,2.097493
0.404250,2.264825
0.404750,1.912861
0.405250,1.864796
0.405750,1.706317
0.406250,2.003936
0.406750,2.168601
0.407250,2.283640
0.407750,1.977443
0.408250,2.075161
0.408750,2.061618
0.409250,2.118137
0.409750,2.157877
0.410250,1.813688
0.410750,1.976544
0.411250,1.711685
0.411750,1.805381
0.412250,2.007055
0.412750,2.075472
0.413250,1.924879
0.413750,2.261243
0.414250,2.952419
0.414750,2.405557
0.415250,2.796763
0.415750,2.608468
0.416250,2.834878
0.416750,2.754825
0.417250,2.804936
0.417750,2.361994
0.418250,2.231263
0.418750,1.919054
0.419250,2.470330
0.419750,2.441261
0.420250,1.728328
0.420750,2.156507
0.421250,1.951348
0.421750,1.966598
0.422250,1.996854
0.422750,1.879891
0.423250,1.547196
0.423750,1.436783
0.424250,1.655019
0.424750,1.597553
0.425250,1.729449
0.425750,1.905163
0.426250,1.027427
0.426750,1.382755
0.427250,1.364319
0.427750,1.490926
0.428250,1.532208
0.428750,1.010518
0.429250,1.248528
0.429750,0.972261
0.430250,1.530963
0.430750,1.467619
0.431250,1.883966
0.431750,1.528444
0.432250,1.579815
0.432750,1.577353
0.433250,1.893655
0.433750,2.035878
0.434250,1.784223
0.434750,1.784422
0.435250,1.411514
0.435750,1.779734
0.436250,1.728258
0.436750,1.775088
0.437250,1.410660
0.437750,1.970260
0.438250,2.049681
0.438750,1.876442
0.439250,2.480364
0.439750,2.056121
0.440250,2.189124
0.440750,1.942767
0.441250,2.302232
0.441750,2.439698
0.442250,1.874721
0.442750,1.719099
0.443250,2.037432
0.443750,2.239365
0.444250,1.987022
0.444750,2.280231
0.445250,1.893078
0.445750,1.869230
0.446250,1.658920
0.446750,1.883305
0.447250,2.134750
0.447750,1.761001
0.448250,1.925054
0.448750,2.068851
0.449250,1.990667
0.449750,1.986125
0.450250,1.923288
0.450750,1.965554
0.451250,2.034651
0.451750,2.128858
0.452250,2.107107
0.452750,1.976113
0.453250,2.490619
0.453750,1.534436
0.454250,1.955992
0.454750,2.394713
0.455250,1.958586
0.455750,2.118901
0.456250,2.020892
0.456750,2.468277
0.457250,2.330953
0.457750,2.326333
0.458250,2.130454
0.458750,2.396701
0.459250,2.202310
0.459750,2.655847
0.460250,2.696541
0.460750,2.925367
0.461250,2.605665
0.461750,2.673884
0.462250,2.734492
0.462750,2.511036
0.463250,2.766533
0.463750,2.637473
0.464250,2.750445
0.464750,3.020845
0.465250,2.896777
0.465750,3.450291
0.466250,3.332009
0.466750,3.476933
0.467250,3.101892
0.467750,3.313804
0.468250,3.310393
0.468750,3.380553
0.469250,3.267476
0.469750,3.026644
0.470250,2.692781
0.470750,2.585623
0.471250,2.950015
0.471750,3.111518
0.472250,3.149124
0.472750,2.639613
0.473250,2.705542
0.473750,2.803410
0.474250,2.922862
0.474750,2.930866
0.475250,2.823785
0.475750,2.883287
0.476250,2.739768
0.476750,2.745298
0.477250,2.751186
0.477750,2.628485
0.478250,2.152354
0.478750,2.254221
0.479250,2.342575
0.479750,2.497947
0.480250,2.240873
0.480750,1.891919
0.481250,2.094710
0.481750,2.278729
0.482250,2.505365
0.482750,2.328743
0.483250,2.733024
0.483750,2.608294
0.484250,3.093467
0.484750,2.594652
0.485250,2.441683
0.485750,2.606619
0.486250,2.354387
0.486750,2.531438
0.487250,2.773475
0.487750,2.485350
0.488250,2.383997
0.488750,2.940677
0.489250,2.939378
0.489750,2.614599
0.490250,2.530706
0.490750,2.661940
0.491250,2.728532
0.491750,2.624488
0.492250,3.132089
0.492750,2.468806
0.493250,2.145803
0.493750,2.340583
0.494250,2.649689
0.494750,2.465447
0.495250,2.497471
0.495750,2.596452
0.496250,2.477124
0.496750,2.620262
0.497250,2.377628
0.497750,1.983864
0.498250,2.161793
0.498750,1.948105
0.499250,1.199382
0.499750,1.892944
0.500250,1.188307
0.500750,1.657191
0.501250,1.668975
0.501750,1.796375
0.502250,1.539283
0.502750,1.781443
0.503250,1.780656
0.503750,2.047585
0.504250,1.502936
0.504750,1.461278
0.505250,1.603734
0.505750,1.488962
0.506250,1.429104
0.506750,1.396755
0.507250,1.346625
0.507750,1.307530
0.508250,1.147300
0.508750,1.422646
0.509250,1.953026
0.509750,1.521666
0.510250,1.808311
0.510750,1.508267
0.511250,1.517527
0.511750,1.309517
0.512250,1.710594
0.512750,1.770606
0.513250,1.573168
0.513750,1.669889
0.514250,1.845231
0.514750,2.079666
0.515250,1.978939
0.515750,2.073476
0.516250,1.690439
0.516750,1.756188
0.517250,1.924701
0.517750,1.970524
0.518250,2.364161
0.518750,1.925142
0.519250,2.203949
0.519750,2.216425
0.520250,1.992176
0.520750,2.165182
0.521250,2.400623
0.521750,2.140804
0.522250,2.403861
0.522750,2.053425
0.523250,2.024041
0.523750,1.996959
0.524250,2.010548
0.524750,2.116810
0.525250,1.909291
0.525750,1.640989
0.526250,1.641398
0.526750,1.650769
0.527250,1.901131
0.527750,1.766127
0.528250,1.083198
0.528750,1.302039
0.529250,1.481839
0.529750,1.627247
0.530250,1.673323
0.530750,1.813394
0.531250,1.668405
0.531750,1.286086
0.532250,1.251032
0.532750,1.354085
0.533250,1.731143
0.533750,1.775255
0.534250,1.908894
0.534750,1.930640
0.535250,2.267760
0.535750,2.273975
0.536250,1.936327
0.536750,2.502344
0.537250,2.135033
0.537750,2.329945
0.538250,2.287239
0.538750,2.287199
0.539250,2.928259
0.539750,2.422199
0.540250,2.246948
0.540750,2.961914
0.541250,2.394467
0.541750,2.715720
0.542250,2.927848
0.542750,2.683795
0.543250,2.664331
0.543750,2.728132
0.544250,2.441484
0.544750,2.497425
0.545250,2.668771
0.545750,2.317784
0.546250,2.427704
0.546750,2.265719
0.547250,2.847508
0.547750,2.707854
0.548250,2.967100
0.548750,3.058516
0.549250,2.550907
0.549750,2.191816
0.550250,2.099298
0.550750,2.167822
0.551250,2.815635
0.551750,2.860631
0.552250,2.067334
0.552750,2.278751
0.553250,2.016168
0.553750,2.133320
0.554250,2.019896
0.554750,2.143426
0.555250,1.749243
0.555750,1.857701
0.556250,2.396236
0.556750,2.052355
0.557250,2.153267
0.557750,1.895066
0.558250,2.134676
0.558750,1.993483
0.559250,1.999959
0.559750,1.821706
0.560250,1.940346
0.560750,2.119592
0.561250,1.834986
0.561750,1.840823
0.562250,1.697296
0.562750,1.871021
0.563250,1.821613
0.563750,1.543033
0.564250,1.796641
0.564750,1.447246
0.565250,1.735858
0.565750,1.646734
0.566250,2.168296
0.566750,2.023943
0.567250,2.513365
0.567750,2.205390
0.568250,1.721389
0.568750,2.159920
0.569250,2.049620
0.569750,2.150777
0.570250,1.836424
0.570750,1.997301
0.571250,1.560624
0.571750,1.980671
0.572250,1.835071
0.572750,1.771525
0.573250,1.454043
0.573750,2.038407
0.574250,1.769069
0.574750,1.581141
0.575250,2.141483
0.575750,1.516348
0.576250,1.140703
0.576750,1.375584
0.577250,1.094310
0.577750,1.228823
0.578250,0.847906
0.578750,1.193596
0.579250,0.738264
0.579750,1.262251
0.580250,0.953452
0.580750,1.231657
0.581250,0.901560
0.581750,0.970737
0.582250,1.351237
0.582750,0.880873
0.583250,0.740781
0.583750,0.162101
0.584250,0.786964
0.584750,0.601091
0.585250,0.833203
0.585750,0.838337
0.586250,0.423242
0.586750,0.381705
0.587250,0.556882
0.587750,0.677256
0.588250,0.823252
0.588750,0.411317
0.589250,0.036479
0.589750,0.229312
0.590250,0.367941
0.590750,-0.070232
0.591250,0.839753
0.591750,0.597775
0.592250,0.582150
0.592750,0.653349
0.593250,0.469226
0.593750,0.804474
0.594250,0.392498
0.594750,1.012130
0.595250,1.140709
0.595750,0.851180
0.596250,0.569650
0.596750,0.688563
0.597250,0.789846
0.597750,0.980496
0.598250,0.815061
0.598750,0.975997
0.599250,0.389246
0.599750,0.548547
0.600250,0.955830
0.600750,0.972591
0.601250,1.374568
0.601750,0.774036
0.602250,1.172609
0.602750,0.693664
0.603250,0.822240
0.603750,1.030565
0.604250,1.012778
0.604750,0.932625
0.605250,0.491052
0.605750,0.330757
0.606250,0.293503
0.606750,0.587763
0.607250,0.541690
0.607750,0.628004
0.608250,0.050129
0.608750,0.258395
0.609250,0.411584
0.609750,0.552718
0.610250,0.141711
0.610750,0.486040
0.611250,0.699318
0.611750,0.425150
0.612250,0.535584
0.612750,0.730910
0.613250,0.386906
0.613750,0.930701
0.614250,0.508181
0.614750,0.885819
0.615250,0.724337
0.615750,0.678393
0.616250,0.571558
0.616750,0.175253
0.617250,0.531621
0.617750,0.629180
0.618250,0.168582
0.618750,0.142588
0.619250,0.224734
0.619750,0.632539
0.620250,0.438754
0.620750,0.709336
0.621250,0.677406
0.621750,0.912547
0.622250,0.977849
0.622750,1.266650
0.623250,0.882523
0.623750,1.227737
0.624250,1.230232
0.624750,1.048276
0.625250,0.898508
0.625750,1.261992
0.626250,1.112775
0.626750,1.146635
0.627250,1.484667
0.627750,1.049749
0.628250,0.802386
0.628750,1.697983
0.629250,1.095491
0.629750,1.074918
0.630250,1.738981
0.630750,1.105011
0.631250,1.337135
0.631750,1.042396
0.632250,1.561118
0.632750,0.992832
0.633250,1.876644
0.633750,1.125994
0.634250,1.175302
0.634750,0.827960
0.635250,1.055769
0.635750,1.259843
0.636250,0.741737
0.636750,0.761108
0.637250,1.208568
0.637750,1.296437
0.638250,0.671764
0.638750,0.864114
0.639250,0.502573
0.639750,0.824004
0.640250,0.619510
0.640750,0.543905
0.641250,0.531914
0.641750,0.219228
0.642250,0.097104
0.642750,0.266042
0.643250,0.723474
0.643750,0.694988
0.644250,0.865772
0.644750,0.083182
0.645250,0.256752
0.645750,0.449151
0.646250,0.395817
0.646750,0.367362
0.647250,0.489664
0.647750,0.388008
0.648250,0.294288
0.648750,0.304743
0.649250,-0.045838
0.649750,0.353349
0.650250,0.142987
0.650750,-0.060289
0.651250,0.498155
0.651750,0.267974
0.652250,0.228266
0.652750,0.183726
0.653250,0.270570
0.653750,0.607028
0.654250,0.550819
0.654750,0.296307
0.655250,0.239472
0.655750,0.851939
0.656250,0.859723
0.656750,0.503226
0.657250,0.842610
0.657750,0.184829
0.658250,0.342240
0.658750,0.815621
0.659250,0.253892
0.659750,0.019978
0.660250,-0.020821
0.660750,-0.057233
0.661250,0.003355
0.661750,0.110032
0.662250,-0.084112
0.662750,0.170645
0.663250,0.392238
0.663750,0.025808
0.664250,-0.039077
0.664750,0.261512
0.665250,-0.086020
0.665750,-0.645294
0.666250,-0.638003
0.666750,-0.665052
0.667250,-0.811875
0.667750,-0.877881
0.668250,-1.104372
0.668750,-0.734914
0.669250,-0.850526
0.669750,-0.868693
0.670250,-0.830098
0.670750,-0.960614
0.671250,-0.624717
0.671750,-1.044320
0.672250,-1.215618
0.672750,-1.302326
0.673250,-1.199361
0.673750,-0.956445
0.674250,-0.981744
0.674750,-1.117033
0.675250,-1.247242
0.675750,-1.458586
0.676250,-1.444206
0.676750,-1.063105
0.677250,-1.116893
0.677750,-1.095371
0.678250,-1.605117
0.678750,-1.109489
0.679250,-1.118262
0.679750,-1.078098
0.680250,-1.083370
0.680750,-0.877738
0.681250,-1.027954
0.681750,-1.261515
0.682250,-1.210985
0.682750,-1.283857
0.683250,-0.718509
0.683750,-0.742824
0.684250,-0.627437
0.684750,-0.627526
0.685250,-1.711573
0.685750,-0.811118
0.686250,-1.057865
0.686750,-1.155447
0.687250,-0.504057
0.687750,-0.978491
0.688250,-0.997608
0.688750,-1.183868
0.689250,-0.927123
0.689750,-1.260197
0.690250,-0.985657
0.690750,-0.376612
0.691250,-0.555881
0.691750,-0.849415
0.692250,-0.946106
0.692750,-1.206123
0.693250,-0.500595
0.693750,-0.354669
0.694250,-0.881505
0.694750,-0.919748
0.695250,-1.412426
0.695750,-0.998612
0.696250,-1.232200
0.696750,-0.829867
0.697250,-0.654937
0.697750,-0.872644
0.698250,-1.537407
0.698750,-1.264496
0.699250,-1.537117
0.699750,-0.893574
0.700250,-1.043229
0.700750,-1.487801
0.701250,-0.884432
0.701750,-1.364261
0.702250,-1.223106
0.702750,-1.358082
0.703250,-1.634714
0.703750,-1.319263
0.704250,-1.285422
0.704750,-1.138264
0.705250,-1.270226
0.705750,-1.259312
0.706250,-1.641673
0.706750,-1.905043
0.707250,-1.131643
0.707750,-1.133980
0.708250,-1.364886
0.708750,-1.371725
0.709250,-1.553441
0.709750,-1.186077
0.710250,-1.012812
0.710750,-0.938126
0.711250,-0.725976
0.711750,-0.884977
0.712250,-1.237684
0.712750,-0.737129
0.713250,-1.168852
0.713750,-0.643189
0.714250,-0.567493
0.714750,-0.958589
0.715250,-0.482000
0.715750,-0.418106
0.716250,-0.698263
0.716750,-1.104457
0.717250,-0.133218
0.717750,-0.510123
0.718250,-0.037746
0.718750,-0.091680
0.719250,-0.350770
0.719750,-0.281798
0.720250,-0.245988
0.720750,-0.472755
0.721250,0.010637
0.721750,-0.388285
0.722250,-0.198740
0.722750,-0.588701
0.723250,-0.285008
0.723750,-0.585724
0.724250,-0.706204
0.724750,-0.864791
0.725250,-0.765872
0.725750,-0.413169
0.726250,-0.444905
0.726750,-0.668591
0.727250,-0.859682
0.727750,-1.075863
0.728250,-0.644457
0.728750,-0.765825
0.729250,-1.041906
0.729750,-0.624135
0.730250,-0.911336
0.730750,-1.250916
0.731250,-1.273199
0.731750,-1.473146
0.732250,-1.080309
0.732750,-1.088904
0.733250,-0.854160
0.733750,-1.357043
0.734250,-0.793595
0.734750,-1.389082
0.735250,-1.173553
0.735750,-1.279972
0.736250,-0.902113
0.736750,-1.237500
0.737250,-1.370002
0.737750,-1.114535
0.738250,-1.114328
0.738750,-1.585582
0.739250,-1.591398
0.739750,-1.746120
0.740250,-1.421552
0.740750,-1.861160
0.741250,-1.983272
0.741750,-1.225541
0.742250,-1.406853
0.742750,-0.943806
0.743250,-1.201322
0.743750,-1.116507
0.744250,-1.583496
0.744750,-1.011565
0.745250,-1.194856
0.745750,-1.220655
0.746250,-1.169113
0.746750,-1.091011
0.747250,-1.451531
0.747750,-1.401601
0.748250,-1.805946
0.748750,-1.351208
0.749250,-0.927973
0.749750,-1.056981
0.750250,-1.068227
0.750750,-0.960157
0.751250,-1.452693
0.751750,-1.302755
0.752250,-1.455117
0.752750,-1.477931
0.753250,-1.331811
0.753750,-1.038246
0.754250,-1.876937
0.754750,-1.288937
0.755250,-1.425864
0.755750,-1.710112
0.756250,-1.965115
0.756750,-1.278084
0.757250,-1.733273
0.757750,-1.803382
0.758250,-1.883960
0.758750,-1.846492
0.759250,-2.146314
0.759750,-2.110831
0.760250,-2.105539
0.760750,-2.096425
0.761250,-2.409331
0.761750,-2.342209
0.762250,-2.334846
0.762750,-2.305359
0.763250,-3.013783
0.763750,-2.672901
0.764250,-2.928279
0.764750,-2.621200
0.765250,-2.525110
0.765750,-2.810084
0.766250,-2.945884
0.766750,-2.759663
0.767250,-2.734112
0.767750,-2.498081
0.768250,-3.083859
0.768750,-2.642946
0.769250,-2.876543
0.769750,-2.763539
0.770250,-2.906949
0.770750,-2.857688
0.771250,-2.367192
0.771750,-2.402595
0.772250,-2.761844
0.772750,-2.727354
0.773250,-2.766279
0.773750,-2.833808
0.774250,-2.869705
0.774750,-2.371519
0.775250,-2.509417
0.775750,-3.195727
0.776250,-2.764777
0.776750,-2.524315
0.777250,-2.536805
0.777750,-2.964408
0.778250,-2.626203
0.778750,-2.728411
0.779250,-2.272239
0.779750,-2.335085
0.780250,-2.494688
0.780750,-2.995079
0.781250,-2.751028
0.781750,-2.531636
0.782250,-2.502157
0.782750,-1.930064
0.783250,-2.234109
0.783750,-2.277702
0.784250,-2.587674
0.784750,-2.308394
0.785250,-1.876310
0.785750,-2.223275
0.786250,-1.730912
0.786750,-2.382276
0.787250,-2.220837
0.787750,-2.417246
0.788250,-2.452074
0.788750,-2.348069
0.789250,-2.333003
0.789750,-2.149443
0.790250,-2.414111
0.790750,-2.569929
0.791250,-2.460829
0.791750,-2.654155
0.792250,-2.910038
0.792750,-2.612829
0.793250,-2.215900
0.793750,-2.472868
0.794250,-2.600678
0.794750,-2.995773
0.795250,-3.165030
0.795750,-3.081969
0.796250,-2.534650
0.796750,-2.551246
0.797250,-2.737914
0.797750,-2.586258
0.798250,-2.660929
0.798750,-2.897375
0.799250,-2.410719
0.799750,-2.718920
0.800250,-2.882473
0.800750,-2.522512
0.801250,-2.743176
0.801750,-2.819667
0.802250,-2.881448
0.802750,-2.853363
0.803250,-2.653703
0.803750,-3.260102
0.804250,-2.871968
0.804750,-2.930646
0.805250,-2.324709
0.805750,-2.636189
0.806250,-3.119209
0.806750,-1.980622
0.807250,-2.344891
0.807750,-2.090081
0.808250,-2.332372
0.808750,-2.040546
0.809250,-2.304100
0.809750,-2.171943
0.810250,-1.531795
0.810750,-1.995164
0.811250,-1.303881
0.811750,-1.986013
0.812250,-1.838614
0.812750,-1.957939
0.813250,-1.634929
0.813750,-2.030764
0.814250,-2.048433
0.814750,-2.438062
0.815250,-2.028629
0.815750,-1.730646
0.816250,-1.627496
0.816750,-1.718503
0.817250,-1.918473
0.817750,-1.790625
0.818250,-2.058445
0.818750,-1.507600
0.819250,-1.403769
0.819750,-1.608829
0.820250,-1.644410
0.820750,-1.682151
0.821250,-2.031620
0.821750,-1.683520
0.822250,-1.514828
0.822750,-1.553896
0.823250,-1.736886
0.823750,-1.640735
0.824250,-1.834690
0.824750,-1.843758
0.825250,-1.490967
0.825750,-2.057100
0.826250,-1.671538
0.826750,-1.833738
0.827250,-1.722769
0.827750,-1.897752
0.828250,-1.981720
0.828750,-1.899425
0.829250,-2.597405
0.829750,-1.943915
0.830250,-1.849979
0.830750,-2.285600
0.831250,-2.414890
0.831750,-2.619212
0.832250,-2.608344
0.832750,-2.605986
0.833250,-2.552011
0.833750,-2.367597
0.834250,-2.817509
0.834750,-2.095687
0.835250,-2.104329
0.835750,-2.740506
0.836250,-2.340445
0.836750,-2.327761
0.837250,-2.189333
0.837750,-2.646371
0.838250,-2.344720
0.838750,-2.484202
0.839250,-2.640446
0.839750,-2.599604
0.840250,-2.475712
0.840750,-2.739647
0.841250,-2.647683
0.841750,-2.580145
0.842250,-2.565751
0.842750,-1.993127
0.843250,-2.485402
0.843750,-2.479383
0.844250,-2.218533
0.844750,-2.186111
0.845250,-2.258275
0.845750,-1.813406
0.846250,-1.831745
0.846750,-2.346925
0.847250,-2.375009
0.847750,-2.311407
0.848250,-2.941822
0.848750,-2.731689
0.849250,-1.787653
0.849750,-2.064798
0.850250,-1.602669
0.850750,-2.212859
0.851250,-2.030013
0.851750,-2.335534
0.852250,-2.346878
0.852750,-1.852964
0.853250,-1.896628
0.853750,-2.238037
0.854250,-2.181762
0.854750,-2.438035
0.855250,-3.026822
0.855750,-2.549199
0.856250,-2.819109
0.856750,-3.088792
0.857250,-3.157416
0.857750,-3.471863
0.858250,-3.136953
0.858750,-3.130442
0.859250,-2.389562
0.859750,-2.704629
0.860250,-2.548944
0.860750,-3.279274
0.861250,-2.796398
0.861750,-3.049326
0.862250,-3.122168
0.862750,-2.870287
0.863250,-3.377153
0.863750,-3.377153
0.864250,-3.010980
0.864750,-2.792981
0.865250,-3.155132
0.865750,-2.778508
0.866250,-3.491899
0.866750,-3.657820
0.867250,-3.492178
0.867750,-3.683250
0.868250,-3.709222
0.868750,-3.478090
0.869250,-3.386928
0.869750,-3.471310
0.870250,-3.394079
0.870750,-4.182651
0.871250,-3.845564
0.871750,-3.627801
0.872250,-3.532903
0.872750,-3.612894
0.873250,-3.440302
0.873750,-3.862356
0.874250,-3.494454
0.874750,-4.024913
0.875250,-3.251851
0.875750,-3.678854
0.876250,-3.244652
0.876750,-3.256163
0.877250,-3.811128
0.877750,-3.678352
0.878250,-3.802093
0.878750,-3.741366
0.879250,-3.077575
0.879750,-3.170869
0.880250,-3.198567
0.880750,-2.987394
0.881250,-3.126464
0.881750,-3.295290
0.882250,-3.108818
0.882750,-2.987766
0.883250,-2.448895
0.883750,-2.720914
0.884250,-3.220843
0.884750,-2.860321
0.885250,-3.085838
0.885750,-2.916517
0.886250,-3.215591
0.886750,-2.705555
0.887250,-2.710435
0.887750,-2.555971
0.888250,-3.025104
0.888750,-2.795276
0.889250,-3.301746
0.889750,-2.988157
0.890250,-3.272057
0.890750,-2.986871
0.891250,-2.872980
0.891750,-3.103623
0.892250,-2.872450
0.892750,-3.444734
0.893250,-3.082144
0.893750,-3.157412
0.894250,-2.764353
0.894750,-2.714361
0.895250,-2.356441
0.895750,-2.861616
0.896250,-2.796043
0.896750,-3.249743
0.897250,-2.609208
0.897750,-2.781022
0.898250,-2.957428
0.898750,-2.758143
0.899250,-3.036524
0.899750,-3.137734
0.900250,-3.494863
0.900750,-3.437912
0.901250,-3.119355
0.901750,-3.442450
0.902250,-3.387286
0.902750,-2.820007
0.903250,-2.794377
0.903750,-3.539716
0.904250,-3.277910
0.904750,-3.241019
0.905250,-3.373789
0.905750,-2.974201
0.906250,-3.315728
0.906750,-2.646171
0.907250,-2.888247
0.907750,-2.994028
0.908250,-2.817958
0.908750,-2.845633
0.909250,-3.231806
0.909750,-2.870386
0.910250,-2.885147
0.910750,-2.586781
0.911250,-2.195629
0.911750,-2.159561
0.912250,-2.738287
0.912750,-2.454830
0.913250,-2.374324
0.913750,-2.132817
0.914250,-2.229252
0.914750,-1.999628
0.915250,-1.960550
0.915750,-2.742387
0.916250,-2.255846
0.916750,-2.114275
0.917250,-1.670042
0.917750,-1.999381
0.918250,-2.160109
0.918750,-1.722441
0.919250,-2.205121
0.919750,-2.042172
0.920250,-1.614171
0.920750,-2.091762
0.921250,-1.886451
0.921750,-1.713157
0.922250,-0.921268
0.922750,-1.040719
0.923250,-1.878021
0.923750,-1.491840
0.924250,-1.866333
0.924750,-1.949080
0.925250,-1.929994
0.925750,-1.673803
0.926250,-1.641514
0.926750,-1.595747
0.927250,-1.649392
0.927750,-1.769495
0.928250,-1.825546
0.928750,-1.660440
0.929250,-1.862860
0.929750,-2.260129
0.930250,-1.639118
0.930750,-1.873680
0.931250,-2.610226
0.931750,-1.929033
0.932250,-2.165272
0.932750,-2.038675
0.933250,-2.327597
0.933750,-2.338983
0.934250,-2.015423
0.934750,-2.087491
0.935250,-2.119486
0.935750,-2.727736
0.936250,-2.685232
0.936750,-2.419523
0.937250,-2.329255
0.937750,-2.206813
0.938250,-1.841191
0.938750,-2.176545
0.939250,-2.699639
0.939750,-2.584359
0.940250,-1.898286
0.940750,-2.615625
0.941250,-2.469921
0.941750,-2.306620
0.942250,-2.119616
0.942750,-1.615876
0.943250,-2.056884
0.943750,-1.585902
0.944250,-2.127090
0.944750,-2.268279
0.945250,-2.242311
0.945750,-2.599260
0.946250,-2.326604
0.946750,-2.269462
0.947250,-2.566654
0.947750,-2.081353
0.948250,-1.973907
0.948750,-2.256077
0.949250,-2.115573
0.949750,-2.225815
0.950250,-2.094114
0.950750,-2.064478
0.951250,-1.740871
0.951750,-2.452071
0.952250,-1.960159
0.952750,-2.048801
0.953250,-2.025682
0.953750,-2.370640
0.954250,-2.075401
0.954750,-2.347835
0.955250,-2.031794
0.955750,-1.878215
0.956250,-2.616198
0.956750,-2.467942
0.957250,-1.693540
0.957750,-1.897037
0.958250,-1.454662
0.958750,-2.254089
0.959250,-1.597329
0.959750,-2.270580
0.960250,-2.362667
0.960750,-2.433100
0.961250,-2.054561
0.961750,-2.384092
0.962250,-2.205646
0.962750,-2.141157
0.963250,-2.660367
0.963750,-1.780996
0.964250,-2.445819
0.964750,-2.412753
0.965250,-2.319470
0.965750,-1.720980
0.966250,-2.201003
0.966750,-2.392573
0.967250,-2.636921
0.967750,-2.644922
0.968250,-2.125938
0.968750,-3.215492
0.969250,-2.445541
0.969750,-2.406701
0.970250,-2.873702
0.970750,-3.230480
0.971250,-3.270048
0.971750,-3.269258
0.972250,-2.852378
0.972750,-3.255641
0.973250,-3.707929
0.973750,-3.597992
0.974250,-3.269045
0.974750,-2.641679
0.975250,-2.621030
0.975750,-3.260433
0.976250,-3.316028
0.976750,-3.324709
0.977250,-2.580008
0.977750,-3.040256
0.978250,-3.173206
0.978750,-3.174161
0.979250,-3.299338
0.979750,-2.858638
0.980250,-3.952842
0.980750,-3.124293
0.981250,-3.245965
0.981750,-2.507443
0.982250,-2.836685
0.982750,-2.324166
0.983250,-3.360005
0.983750,-2.794144
0.984250,-2.936659
0.984750,-2.539507
0.985250,-2.875462
0.985750,-2.596052
0.986250,-2.362415
0.986750,-2.333279
0.987250,-2.555501
0.987750,-3.030660
0.988250,-2.098082
0.988750,-2.906227
0.989250,-2.487669
0.989750,-2.261244
0.990250,-2.257084
0.990750,-2.354211
0.991250,-1.501775
0.991750,-2.286279
0.992250,-2.629271
0.992750,-3.130490
0.993250,-2.622375
0.993750,-2.242809
0.994250,-2.669204
0.994750,-2.139531
0.995250,-2.688414
0.995750,-1.854411
0.996250,-2.475822
0.996750,-1.912854
0.997250,-2.175021
0.997750,-2.493698
0.998250,-2.551258
0.998750,-1.669506
0.999250,-1.695413
0.999750,-1.505810
