0.000250,0.076981
0.000750,0.121223
0.001250,-0.094890
0.001750,-0.134118
0.002250,-0.156382
0.002750,0.005044
0.003250,0.116182
0.003750,0.099476
0.004250,0.322673
0.004750,0.536209
0.005250,0.964059
0.005750,0.671056
0.006250,0.745509
0.006750,0.567447
0.007250,0.627244
0.007750,0.478189
0.008250,0.599858
0.008750,0.738048
0.009250,0.399106
0.009750,0.394464
0.010250,0.333260
0.010750,0.356945
0.011250,1.272503
0.011750,0.760718
0.012250,0.677368
0.012750,0.844303
0.013250,0.884009
0.013750,0.930703
0.014250,0.971060
0.014750,1.198477
0.015250,1.369630
0.015750,1.974627
0.016250,1.247740
0.016750,1.570161
0.017250,1.602387
0.017750,1.431813
0.018250,0.992334
0.018750,1.066020
0.019250,1.555392
0.019750,1.759757
0.020250,1.227075
0.020750,1.739829
0.021250,1.671537
0.021750,1.951421
0.022250,1.055878
0.022750,0.853005
0.023250,1.440910
0.023750,0.718986
0.024250,0.973240
0.024750,0.989226
0.025250,0.968383
0.025750,1.375172
0.026250,1.427041
0.026750,1.211461
0.027250,1.616490
0.027750,1.542406
0.028250,1.795801
0.028750,0.670262
0.029250,1.186506
0.029750,1.372665
0.030250,1.649907
0.030750,1.892366
0.031250,1.644562
0.031750,2.184080
0.032250,1.756805
0.032750,1.973911
0.033250,2.137834
0.033750,1.797885
0.034250,1.748830
0.034750,1.928961
0.035250,2.222466
0.035750,2.056007
0.036250,1.466376
0.036750,1.682630
0.037250,2.073100
0.037750,1.982533
0.038250,1.262034
0.038750,1.798027
0.039250,1.053100
0.039750,1.256738
0.040250,2.093165
0.040750,2.189817
0.041250,1.808081
0.041750,0.967910
0.042250,1.344199
0.042750,1.259301
0.043250,0.932277
0.043750,0.591929
0.044250,-0.164553
0.044750,0.036241
0.045250,0.716567
0.045750,0.880143
0.046250,1.404826
0.046750,0.933430
0.047250,1.272979
0.047750,0.484337
0.048250,1.549673
0.048750,0.991414
0.049250,1.203048
0.049750,0.304150
0.050250,0.337746
0.050750,0.446363
0.051250,0.834053
0.051750,1.536049
0.052250,-0.154416
0.052750,0.894463
0.053250,0.719752
0.053750,1.539626
0.054250,1.701638
0.054750,1.536721
0.055250,0.754703
0.055750,2.049949
0.056250,2.330663
0.056750,1.997321
0.057250,1.390248
0.057750,1.385278
0.058250,1.866455
0.058750,2.490196
0.059250,1.405818
0.059750,2.212725
0.060250,1.501640
0.060750,0.931923
0.061250,0.895257
0.061750,1.157054
0.062250,1.302525
0.062750,1.302740
0.063250,0.926538
0.063750,1.413643
0.064250,2.216581
0.064750,1.890185
0.065250,0.357170
0.065750,0.901546
0.066250,1.246507
0.066750,0.564026
0.067250,0.949247
0.067750,0.252795
0.068250,1.337967
0.068750,1.057526
0.069250,0.146334
0.069750,0.706541
0.070250,-0.498619
0.070750,0.380860
0.071250,-0.278105
0.071750,0.168528
0.072250,0.568595
0.072750,0.309625
0.073250,-0.108358
0.073750,0.985809
0.074250,-0.069472
0.074750,-0.222096
0.075250,1.106429
0.075750,-0.012514
0.076250,0.639942
0.076750,1.212212
0.077250,0.935433
0.077750,0.007149
0.078250,1.232805
0.078750,0.251190
0.079250,-0.144301
0.079750,0.202611
0.080250,0.045158
0.080750,0.847300
0.081250,1.235345
0.081750,1.127461
0.082250,0.548099
0.082750,1.549240
0.083250,0.600807
0.083750,1.128428
0.084250,0.321260
0.084750,1.639774
0.085250,1.345087
0.085750,0.573589
0.086250,1.734788
0.086750,0.431629
0.087250,2.279387
0.087750,1.869333
0.088250,0.454845
0.088750,1.336557
0.089250,0.921904
0.089750,1.384364
0.090250,1.012747
0.090750,0.929168
0.091250,0.435853
0.091750,0.451516
0.092250,-0.311679
0.092750,0.997400
0.093250,0.630477
0.093750,-0.094705
0.094250,-0.170882
0.094750,-0.250983
0.095250,0.705069
0.095750,0.564788
0.096250,1.378509
0.096750,0.708525
0.097250,0.291586
0.097750,0.049342
0.098250,-0.104605
0.098750,-0.345492
0.099250,0.476737
0.099750,0.239212
0.100250,0.459494
0.100750,-0.273612
0.101250,-2.327518
0.101750,-0.326119
0.102250,-0.222474
0.102750,-0.158903
0.103250,-0.521363
0.103750,-1.355240
0.104250,-1.970409
0.104750,-1.046418
0.105250,-0.904767
0.105750,0.119600
0.106250,-1.087746
0.106750,-0.392340
0.107250,-0.361247
0.107750,-0.833933
0.108250,-0.400852
0.108750,-1.403832
0.109250,-2.313753
0.109750,-1.147614
0.110250,-0.778753
0.110750,0.355720
0.111250,-1.274977
0.111750,-0.555407
0.112250,-2.441638
0.112750,-1.557704
0.113250,-2.258188
0.113750,-1.241883
0.114250,-0.515557
0.114750,-1.409011
0.115250,-0.776711
0.115750,-1.316240
0.116250,-1.043259
0.116750,-1.103228
0.117250,-0.593703
0.117750,-2.207574
0.118250,-0.947171
0.118750,0.041699
0.119250,0.444477
0.119750,-0.767950
0.120250,0.426677
0.120750,0.145201
0.121250,-0.204351
0.121750,-1.645297
0.122250,-0.995995
0.122750,0.220775
0.123250,-0.332347
0.123750,-0.484803
0.124250,0.152145
0.124750,-0.716746
0.125250,0.218173
0.125750,-0.091305
0.126250,-1.357913
0.126750,0.147923
0.127250,-0.322296
0.127750,-1.057925
0.128250,-0.511313
0.128750,-0.145408
0.129250,-1.701051
0.129750,-1.010534
0.130250,-0.807882
0.130750,-1.623564
0.131250,-1.930340
0.131750,-1.358202
0.132250,-1.731898
0.132750,-0.929475
0.133250,-1.955078
0.133750,-0.144401
0.134250,-1.036698
0.134750,-0.960485
0.135250,-2.368322
0.135750,-0.608195
0.136250,-2.133499
0.136750,-1.446469
0.137250,-1.765112
0.137750,-1.879045
0.138250,-2.207168
0.138750,-2.096065
0.139250,-2.377499
0.139750,-0.178322
0.140250,-1.550211
0.140750,-1.891679
0.141250,-1.847142
0.141750,-3.025066
0.142250,-2.345852
0.142750,-1.153391
0.143250,-3.915158
0.143750,-2.743671
0.144250,-2.680289
0.144750,-3.686025
0.145250,-2.193420
0.145750,-3.403049
0.146250,-2.841440
0.146750,-2.216078
0.147250,-1.795327
0.147750,-2.620100
0.148250,-2.864384
0.148750,-2.366780
0.149250,-0.198236
0.149750,-2.316090
0.150250,-2.913763
0.150750,-0.844085
0.151250,-2.396011
0.151750,-2.037285
0.152250,-1.688044
0.152750,-3.160010
0.153250,-1.299227
0.153750,-2.674468
0.154250,-2.206570
0.154750,-3.935218
0.155250,-3.851647
0.155750,-1.426626
0.156250,-2.999037
0.156750,-1.650932
0.157250,-1.621529
0.157750,-2.394629
0.158250,-2.167741
0.158750,-1.954859
0.159250,-2.995096
0.159750,-1.311711
0.160250,-2.753701
0.160750,-2.962064
0.161250,-0.999851
0.161750,-2.026255
0.162250,-0.821464
0.162750,-1.904607
0.163250,-1.722639
0.163750,-1.027380
0.164250,-2.528642
0.164750,-2.650379
0.165250,-3.263500
0.165750,-3.102561
0.166250,-2.998925
0.166750,-0.169535
0.167250,-1.837960
0.167750,-1.137924
0.168250,-2.783656
0.168750,-2.658531
0.169250,-2.321118
0.169750,-3.065099
0.170250,-0.080674
0.170750,-1.530054
0.171250,-1.577168
0.171750,-0.759690
0.172250,-1.700324
0.172750,-2.153872
0.173250,-0.965499
0.173750,-1.961353
0.174250,-1.994204
0.174750,-2.437115
0.175250,-2.285188
0.175750,-1.343972
0.176250,-2.556447
0.176750,-2.809902
0.177250,-0.898343
0.177750,-2.352362
0.178250,-1.886171
0.178750,-1.528390
0.179250,-1.409595
0.179750,-1.392704
0.180250,-1.771946
0.180750,-1.415298
0.181250,-1.855332
0.181750,-1.064184
0.182250,-1.851973
0.182750,-3.165637
0.183250,-2.951246
0.183750,-2.832341
0.184250,-3.104426
0.184750,-1.625656
0.185250,-2.497603
0.185750,-1.755787
0.186250,-4.574821
0.186750,-2.903796
0.187250,-2.168635
0.187750,-4.743388
0.188250,-2.899005
0.188750,-3.893730
0.189250,-2.336285
0.189750,-3.885572
0.190250,-4.799897
0.190750,-3.270224
0.191250,-2.696021
0.191750,-0.726350
0.192250,-3.546139
0.192750,-2.499997
0.193250,-2.307075
0.193750,-3.081767
0.194250,-4.042722
0.194750,-4.183484
0.195250,-1.339562
0.195750,-2.216753
0.196250,-2.213363
0.196750,-1.205179
0.197250,-2.680375
0.197750,-3.728694
0.198250,-2.463998
0.198750,-2.832576
0.199250,-1.651394
0.199750,-1.771089
0.200250,-2.703447
0.200750,-0.980146
0.201250,-3.631039
0.201750,-2.509452
0.202250,-3.540486
0.202750,-2.264464
0.203250,-2.756201
0.203750,-2.541775
0.204250,-3.301743
0.204750,-1.694419
0.205250,-4.056642
0.205750,-2.378650
0.206250,-1.110981
0.206750,-1.679235
0.207250,-0.997135
0.207750,-1.718879
0.208250,-2.414248
0.208750,-1.306662
0.209250,-0.395668
0.209750,-0.072176
0.210250,-1.746703
0.210750,-1.875240
0.211250,-0.797833
0.211750,-0.066929
0.212250,-2.262960
0.212750,-0.901716
0.213250,-1.357427
0.213750,0.490495
0.214250,-0.625943
0.214750,-1.599011
0.215250,-1.086844
0.215750,-2.446894
0.216250,0.585648
0.216750,-0.234485
0.217250,-2.040543
0.217750,0.057756
0.218250,-1.297203
0.218750,-1.438956
0.219250,-0.305398
0.219750,-2.049721
0.220250,-1.720934
0.220750,-3.248431
0.221250,0.763351
0.221750,-0.030421
0.222250,0.051816
0.222750,-1.882603
0.223250,-0.968239
0.223750,-1.194673
0.224250,-1.818357
0.224750,-3.196565
0.225250,-0.574232
0.225750,-1.665613
0.226250,-0.780315
0.226750,-0.840084
0.227250,-3.049873
0.227750,-1.125600
0.228250,-1.379199
0.228750,-1.539412
0.229250,-0.572050
0.229750,0.028961
0.230250,-1.128597
0.230750,-2.174378
0.231250,-0.407315
0.231750,-1.246096
0.232250,-1.270333
0.232750,-2.628754
0.233250,-1.480581
0.233750,-1.441125
0.234250,-0.730018
0.234750,-2.512260
0.235250,-0.234545
0.235750,-2.563717
0.236250,-2.592033
0.236750,-3.095217
0.237250,-1.108078
0.237750,-3.473398
0.238250,-3.463768
0.238750,-3.396786
0.239250,-3.308048
0.239750,-3.043189
0.240250,-2.336587
0.240750,-2.496756
0.241250,-1.599148
0.241750,-1.035012
0.242250,-2.637858
0.242750,-1.849210
0.243250,-2.727560
0.243750,-2.022316
0.244250,-1.485786
0.244750,-2.283875
0.245250,-2.715285
0.245750,-3.842528
0.246250,-3.261757
0.246750,-0.628954
0.247250,-2.241786
0.247750,-1.901087
0.248250,-2.171296
0.248750,-0.101533
0.249250,-0.338710
0.249750,-1.568527
0.250250,-1.725381
0.250750,0.082639
0.251250,-1.635597
0.251750,-3.000523
0.252250,-0.781864
0.252750,-1.393932
0.253250,-0.035321
0.253750,-3.940795
0.254250,-1.416433
0.254750,-1.558658
0.255250,-2.868287
0.255750,-3.186027
0.256250,-1.745833
0.256750,-2.569584
0.257250,0.032700
0.257750,-0.823602
0.258250,-0.067462
0.258750,-1.025360
0.259250,-0.696254
0.259750,-1.872264
0.260250,-1.357875
0.260750,-1.969223
0.261250,-0.755013
0.261750,-0.681486
0.262250,-0.817621
0.262750,-1.469534
0.263250,-1.327880
0.263750,-1.010434
0.264250,0.351025
0.264750,-2.001427
0.265250,-1.429048
0.265750,0.333755
0.266250,0.169831
0.266750,-0.408005
0.267250,-0.038177
0.267750,-0.196899
0.268250,0.274913
0.268750,-1.474226
0.269250,0.012967
0.269750,-0.916414
0.270250,0.328668
0.270750,0.278573
0.271250,0.334523
0.271750,-0.280582
0.272250,-2.000189
0.272750,0.065227
0.273250,-0.053646
0.273750,-0.572192
0.274250,0.635312
0.274750,0.262987
0.275250,-1.095675
0.275750,1.486163
0.276250,-0.202402
0.276750,-1.758860
0.277250,-2.327272
0.277750,0.032998
0.278250,-0.233055
0.278750,1.386026
0.279250,-1.831929
0.279750,-0.077152
0.280250,-1.100116
0.280750,0.461048
0.281250,1.490520
0.281750,0.066229
0.282250,1.709753
0.282750,-0.561147
0.283250,-0.764396
0.283750,0.030291
0.284250,0.421069
0.284750,-2.062728
0.285250,-1.460494
0.285750,1.308220
0.286250,1.056552
0.286750,-2.056466
0.287250,-0.798477
0.287750,-0.934447
0.288250,2.007981
0.288750,0.389982
0.289250,-1.389830
0.289750,-0.859952
0.290250,-0.667764
0.290750,-0.838940
0.291250,-0.788566
0.291750,-0.410342
0.292250,-0.081766
0.292750,-1.552413
0.293250,-2.320029
0.293750,0.365850
0.294250,-0.947713
0.294750,-2.448074
0.295250,-1.115427
0.295750,-0.238707
0.296250,-1.532049
0.296750,-3.506840
0.297250,-3.256196
0.297750,0.147268
0.298250,-0.975866
0.298750,-1.224387
0.299250,-2.597038
0.299750,-1.516205
0.300250,-0.517670
0.300750,-2.713499
0.301250,-0.622008
0.301750,-1.231087
0.302250,-0.524372
0.302750,-0.631174
0.303250,-1.052915
0.303750,-0.140719
0.304250,-0.347946
0.304750,-0.239868
0.305250,0.153193
0.305750,-0.518299
0.306250,-1.118076
0.306750,-0.942184
0.307250,1.084036
0.307750,2.686997
0.308250,0.396263
0.308750,-0.520966
0.309250,1.237637
0.309750,1.811834
0.310250,-2.188905
0.310750,-1.997600
0.311250,0.983385
0.311750,0.029636
0.312250,-1.008042
0.312750,-0.269151
0.313250,0.054929
0.313750,-0.383740
0.314250,0.739840
0.314750,-0.284627
0.315250,0.039897
0.315750,0.678038
0.316250,0.173349
0.316750,-1.229653
0.317250,2.154859
0.317750,1.408989
0.318250,-0.384973
0.318750,1.218553
0.319250,0.974568
0.319750,1.007869
0.320250,0.955109
0.320750,1.196599
0.321250,0.644127
0.321750,0.472322
0.322250,0.035021
0.322750,-0.049257
0.323250,3.299383
0.323750,1.304470
0.324250,2.383216
0.324750,0.198660
0.325250,2.308950
0.325750,2.329512
0.326250,0.669651
0.326750,2.177089
0.327250,1.308181
0.327750,0.148447
0.328250,2.106610
0.328750,0.828665
0.329250,1.756566
0.329750,0.997119
0.330250,1.237291
0.330750,-0.138606
0.331250,2.883144
0.331750,1.207636
0.332250,0.795059
0.332750,0.953910
0.333250,2.670526
0.333750,2.091456
0.334250,0.877163
0.334750,1.688942
0.335250,2.098747
0.335750,-0.453614
0.336250,1.732171
0.336750,1.822013
0.337250,-0.320611
0.337750,0.946787
0.338250,-1.041897
0.338750,-0.433284
0.339250,1.000209
0.339750,0.737118
0.340250,1.896276
0.340750,2.261973
0.341250,1.378527
0.341750,3.351977
0.342250,1.593348
0.342750,2.017022
0.343250,-1.116368
0.343750,1.127554
0.344250,0.160788
0.344750,1.879586
0.345250,1.238931
0.345750,1.164974
0.346250,0.639996
0.346750,2.969426
0.347250,1.413699
0.347750,2.223214
0.348250,1.451904
0.348750,0.185778
0.349250,2.139349
0.349750,1.895958
0.350250,3.367814
0.350750,-0.377157
0.351250,1.769772
0.351750,1.502476
0.352250,1.804444
0.352750,4.869059
0.353250,0.657184
0.353750,-1.150427
0.354250,1.158523
0.354750,0.996785
0.355250,-0.318137
0.355750,0.965639
0.356250,1.105368
0.356750,-1.566909
0.357250,2.338221
0.357750,3.449391
0.358250,1.166369
0.358750,1.376642
0.359250,-0.317716
0.359750,-0.539520
0.360250,3.008626
0.360750,1.961091
0.361250,0.115171
0.361750,-0.085153
0.362250,1.288136
0.362750,1.463266
0.363250,1.358929
0.363750,1.558447
0.364250,-1.176458
0.364750,0.632786
0.365250,0.369403
0.365750,1.746814
0.366250,1.875548
0.366750,4.276202
0.367250,1.569758
0.367750,0.169392
0.368250,1.766678
0.368750,2.486468
0.369250,2.565418
0.369750,1.143858
0.370250,1.182328
0.370750,2.172760
0.371250,2.354809
0.371750,2.530591
0.372250,0.788800
0.372750,0.075592
0.373250,1.800395
0.373750,2.458312
0.374250,2.485776
0.374750,3.827648
0.375250,1.002851
0.375750,2.301915
0.376250,1.320214
0.376750,1.120072
0.377250,3.838768
0.377750,0.831789
0.378250,2.828860
0.378750,2.922650
0.379250,0.248242
0.379750,0.602397
0.380250,-1.197699
0.380750,1.045702
0.381250,1.826346
0.381750,1.823847
0.382250,3.220479
0.382750,0.086229
0.383250,2.971077
0.383750,2.978144
0.384250,2.335187
0.384750,4.863079
0.385250,2.199911
0.385750,4.254036
0.386250,4.975051
0.386750,3.045363
0.387250,2.059037
0.387750,3.885038
0.388250,5.677103
0.388750,3.887751
0.389250,1.748529
0.389750,4.302799
0.390250,2.835341
0.390750,3.738416
0.391250,2.304125
0.391750,3.118163
0.392250,5.881541
0.392750,1.718250
0.393250,4.821829
0.393750,5.248598
0.394250,5.323231
0.394750,3.391859
0.395250,1.661297
0.395750,2.741262
0.396250,4.496602
0.396750,4.743347
0.397250,3.769239
0.397750,3.600929
0.398250,3.039309
0.398750,2.459511
0.399250,4.224388
0.399750,5.443829
0.400250,5.889981
0.400750,3.882710
0.401250,2.572565
0.401750,3.393651
0.402250,3.943327
0.402750,4.784605
0.403250,3.344310
0.403750,4.175315
0.404250,5.215675
0.404750,4.822732
0.405250,2.057278
0.405750,5.017061
0.406250,5.535399
0.406750,2.045194
0.407250,1.908406
0.407750,1.954028
0.408250,2.114971
0.408750,2.820250
0.409250,3.539574
0.409750,4.225314
0.410250,1.751366
0.410750,2.663769
0.411250,2.575441
0.411750,4.239011
0.412250,3.974139
0.412750,3.221981
0.413250,4.112546
0.413750,3.409740
0.414250,5.055936
0.414750,3.354386
0.415250,4.549944
0.415750,2.767228
0.416250,4.567263
0.416750,5.284074
0.417250,4.936748
0.417750,4.258774
0.418250,4.731548
0.418750,1.927912
0.419250,3.242952
0.419750,3.335069
0.420250,3.222521
0.420750,3.359558
0.421250,2.791961
0.421750,3.272465
0.422250,5.017903
0.422750,3.633600
0.423250,0.900354
0.423750,4.232836
0.424250,3.961612
0.424750,0.323074
0.425250,4.426935
0.425750,3.647767
0.426250,-1.243754
0.426750,3.232837
0.427250,2.428040
0.427750,4.522173
0.428250,2.145139
0.428750,1.201710
0.429250,0.967426
0.429750,1.699522
0.430250,2.253260
0.430750,4.444212
0.431250,3.777615
0.431750,2.042573
0.432250,1.846066
0.432750,3.308406
0.433250,2.024857
0.433750,3.599731
0.434250,4.277412
0.434750,0.588715
0.435250,0.626463
0.435750,5.072237
0.436250,2.849247
0.436750,0.818743
0.437250,1.370134
0.437750,2.976658
0.438250,5.241596
0.438750,5.590056
0.439250,5.332436
0.439750,1.335815
0.440250,5.194475
0.440750,2.386948
0.441250,3.385776
0.441750,4.998914
0.442250,3.552285
0.442750,2.364187
0.443250,2.039410
0.443750,3.157206
0.444250,3.871275
0.444750,2.868737
0.445250,1.219902
0.445750,1.843460
0.446250,3.520765
0.446750,0.786454
0.447250,3.593684
0.447750,4.484499
0.448250,3.527232
0.448750,5.307977
0.449250,4.087384
0.449750,-0.559259
0.450250,4.755683
0.450750,3.358961
0.451250,4.660446
0.451750,3.921121
0.452250,4.390843
0.452750,3.657861
0.453250,5.474669
0.453750,6.409065
0.454250,2.076653
0.454750,4.313764
0.455250,5.119736
0.455750,5.581934
0.456250,5.943824
0.456750,2.540629
0.457250,4.262988
0.457750,5.021927
0.458250,4.048866
0.458750,3.158299
0.459250,2.369828
0.459750,5.644131
0.460250,4.537765
0.460750,1.201867
0.461250,4.185135
0.461750,2.878343
0.462250,4.305723
0.462750,3.821489
0.463250,4.084900
0.463750,1.608156
0.464250,3.757456
0.464750,2.604982
0.465250,4.794906
0.465750,6.463492
0.466250,4.199339
0.466750,5.820359
0.467250,3.939064
0.467750,5.005320
0.468250,5.415256
0.468750,4.115504
0.469250,6.141829
0.469750,4.933182
0.470250,3.613003
0.470750,3.850865
0.471250,5.854156
0.471750,4.153340
0.472250,4.260410
0.472750,3.180174
0.473250,2.982642
0.473750,4.099308
0.474250,4.128230
0.474750,5.135550
0.475250,4.052414
0.475750,2.498628
0.476250,2.740396
0.476750,3.354584
0.477250,7.484909
0.477750,3.657987
0.478250,0.178656
0.478750,4.562024
0.479250,4.458640
0.479750,0.737068
0.480250,1.554860
0.480750,2.044860
0.481250,2.740909
0.481750,4.165694
0.482250,4.568698
0.482750,4.256250
0.483250,2.008563
0.483750,4.942461
0.484250,3.878771
0.484750,4.347639
0.485250,2.070352
0.485750,4.886770
0.486250,3.040624
0.486750,4.073816
0.487250,3.038094
0.487750,4.638312
0.488250,4.780232
0.488750,4.790824
0.489250,1.376008
0.489750,2.123729
0.490250,2.569465
0.490750,3.556103
0.491250,3.347649
0.491750,2.774329
0.492250,4.407878
0.492750,3.690756
0.493250,2.269761
0.493750,2.240164
0.494250,2.244916
0.494750,3.093652
0.495250,3.292286
0.495750,4.145582
0.496250,2.926776
0.496750,0.525399
0.497250,2.350000
0.497750,2.500914
0.498250,1.302841
0.498750,3.993243
0.499250,3.325293
0.499750,2.194222
0.500250,1.894020
0.500750,3.090639
0.501250,3.254715
0.501750,2.800582
0.502250,-0.026918
0.502750,3.661714
0.503250,2.875229
0.503750,2.166956
0.504250,1.939868
0.504750,2.686119
0.505250,0.300096
0.505750,3.792498
0.506250,-0.649528
0.506750,1.789602
0.507250,2.527988
0.507750,3.993301
0.508250,2.581524
0.508750,1.845486
0.509250,1.577321
0.509750,3.228219
0.510250,0.690595
0.510750,5.181960
0.511250,3.851553
0.511750,-1.349495
0.512250,2.108508
0.512750,1.715307
0.513250,-1.149857
0.513750,0.996154
0.514250,1.015743
0.514750,1.259608
0.515250,2.338007
0.515750,3.117047
0.516250,2.176092
0.516750,2.357949
0.517250,2.051387
0.517750,1.926580
0.518250,2.021605
0.518750,5.160897
0.519250,1.445899
0.519750,2.386748
0.520250,4.454516
0.520750,3.933956
0.521250,2.547481
0.521750,3.274409
0.522250,6.417606
0.522750,4.949810
0.523250,4.058607
0.523750,2.638084
0.524250,3.789599
0.524750,-1.183503
0.525250,3.253269
0.525750,1.018606
0.526250,1.620846
0.526750,2.018092
0.527250,2.561004
0.527750,2.314249
0.528250,1.451392
0.528750,-0.364648
0.529250,4.099495
0.529750,3.804104
0.530250,3.102248
0.530750,1.488902
0.531250,2.411565
0.531750,3.031998
0.532250,1.673425
0.532750,1.121928
0.533250,4.038284
0.533750,4.773266
0.534250,6.795535
0.534750,2.555076
0.535250,3.109762
0.535750,3.874005
0.536250,3.823121
0.536750,1.339479
0.537250,5.217639
0.537750,4.821472
0.538250,3.363410
0.538750,6.591546
0.539250,5.111755
0.539750,3.587699
0.540250,2.582998
0.540750,3.863660
0.541250,4.174632
0.541750,6.728764
0.542250,3.622315
0.542750,0.044736
0.543250,2.879557
0.543750,4.139641
0.544250,1.817001
0.544750,0.813531
0.545250,3.545124
0.545750,5.269601
0.546250,2.124875
0.546750,3.426352
0.547250,5.230394
0.547750,3.486959
0.548250,1.526381
0.548750,2.797374
0.549250,4.263294
0.549750,1.112931
0.550250,0.362133
0.550750,3.266804
0.551250,1.452954
0.551750,3.308058
0.552250,1.654035
0.552750,6.575898
0.553250,3.712926
0.553750,3.624049
0.554250,4.068952
0.554750,3.576267
0.555250,3.839286
0.555750,2.695364
0.556250,1.454436
0.556750,3.385359
0.557250,0.725561
0.557750,0.726638
0.558250,2.543507
0.558750,4.394275
0.559250,0.704375
0.559750,3.239955
0.560250,4.376149
0.560750,3.714117
0.561250,-0.282841
0.561750,3.805618
0.562250,2.636469
0.562750,2.862025
0.563250,1.794999
0.563750,3.124678
0.564250,2.973470
0.564750,3.105468
0.565250,3.012053
0.565750,2.502090
0.566250,2.713612
0.566750,4.704641
0.567250,5.256269
0.567750,3.953513
0.568250,0.681555
0.568750,0.552314
0.569250,2.670813
0.569750,2.780553
0.570250,3.021369
0.570750,0.830340
0.571250,0.882919
0.571750,2.888338
0.572250,2.966844
0.572750,1.827930
0.573250,-0.747173
0.573750,2.888200
0.574250,3.466996
0.574750,-0.858432
0.575250,3.375261
0.575750,-0.784663
0.576250,1.944213
0.576750,0.254941
0.577250,2.601097
0.577750,-0.072911
0.578250,1.932390
0.578750,0.509395
0.579250,2.131931
0.579750,3.494209
0.580250,0.191065
0.580750,1.577950
0.581250,-2.016266
0.581750,2.496211
0.582250,0.130527
0.582750,0.817626
0.583250,1.850285
0.583750,0.386246
0.584250,2.667972
0.584750,-0.776058
0.585250,1.112504
0.585750,0.610007
0.586250,2.115939
0.586750,3.061101
0.587250,1.523770
0.587750,1.581316
0.588250,4.707545
0.588750,-0.686957
0.589250,-0.150031
0.589750,2.118837
0.590250,-0.880553
0.590750,1.888191
0.591250,0.354174
0.591750,0.233469
0.592250,2.431907
0.592750,1.861141
0.593250,1.828374
0.593750,0.679845
0.594250,0.553771
0.594750,-0.003875
0.595250,3.170778
0.595750,0.382427
0.596250,2.783495
0.596750,1.942708
0.597250,1.995824
0.597750,4.602124
0.598250,1.034865
0.598750,3.401504
0.599250,-0.810869
0.599750,1.640214
0.600250,0.984813
0.600750,2.891863
0.601250,3.651637
0.601750,0.705798
0.602250,1.706934
0.602750,3.838164
0.603250,2.931013
0.603750,1.231323
0.604250,0.970075
0.604750,0.161155
0.605250,-1.050056
0.605750,0.377715
0.606250,1.036520
0.606750,4.480081
0.607250,0.736047
0.607750,-0.623828
0.608250,0.966298
0.608750,-0.697632
0.609250,-1.007388
0.609750,3.974462
0.610250,0.920657
0.610750,0.415377
0.611250,-0.019678
0.611750,-0.069163
0.612250,-0.998337
0.612750,1.108157
0.613250,0.838512
0.613750,4.308065
0.614250,3.241843
0.614750,0.842760
0.615250,-0.285472
0.615750,3.684192
0.616250,2.862160
0.616750,-0.411173
0.617250,-0.151953
0.617750,3.645582
0.618250,3.667347
0.618750,2.776467
0.619250,3.506790
0.619750,1.574566
0.620250,-1.804160
0.620750,-0.120258
0.621250,1.164410
0.621750,0.301230
0.622250,1.501426
0.622750,1.239554
0.623250,4.239783
0.623750,1.981760
0.624250,5.900387
0.624750,3.179736
0.625250,2.127009
0.625750,1.823886
0.626250,2.820858
0.626750,5.296744
0.627250,2.699481
0.627750,0.665199
0.628250,1.849551
0.628750,2.097219
0.629250,0.640331
0.629750,3.196554
0.630250,2.425767
0.630750,1.859406
0.631250,4.847954
0.631750,1.397437
0.632250,-0.034257
0.632750,1.579140
0.633250,3.606618
0.633750,1.403096
0.634250,4.302949
0.634750,2.463351
0.635250,1.683938
0.635750,3.281429
0.636250,1.387198
0.636750,-0.962126
0.637250,-1.221529
0.637750,5.965623
0.638250,-0.776246
0.638750,-2.802498
0.639250,2.587031
0.639750,1.892855
0.640250,5.502962
0.640750,3.449138
0.641250,4.836892
0.641750,-1.064595
0.642250,-1.120791
0.642750,-0.836193
0.643250,4.535495
0.643750,0.815887
0.644250,-1.122977
0.644750,-1.395711
0.645250,0.253840
0.645750,0.534501
0.646250,1.568034
0.646750,2.503121
0.647250,-1.144213
0.647750,1.635398
0.648250,-0.161314
0.648750,2.856248
0.649250,-1.376215
0.649750,2.732974
0.650250,0.951734
0.650750,2.893828
0.651250,0.098797
0.651750,-0.010450
0.652250,0.300022
0.652750,2.881347
0.653250,1.793641
0.653750,2.637829
0.654250,0.037959
0.654750,2.300643
0.655250,0.544414
0.655750,-0.796333
0.656250,4.853987
0.656750,3.654419
0.657250,0.522791
0.657750,2.507609
0.658250,1.850354
0.658750,3.323567
0.659250,0.521959
0.659750,0.690690
0.660250,-0.619570
0.660750,-1.809489
0.661250,-1.280064
0.661750,0.291354
0.662250,1.884088
0.662750,1.361128
0.663250,-0.829873
0.663750,-1.389573
0.664250,0.045192
0.664750,2.205486
0.665250,-0.320538
0.665750,-0.093033
0.666250,-1.315568
0.666750,1.548187
0.667250,-0.916156
0.667750,-0.777337
0.668250,-1.099794
0.668750,-2.889777
0.669250,-0.036169
0.669750,-1.104775
0.670250,0.227539
0.670750,1.048955
0.671250,0.309587
0.671750,-2.773281
0.672250,-2.189319
0.672750,1.404004
0.673250,-2.679256
0.673750,-0.404811
0.674250,-0.982472
0.674750,0.319294
0.675250,-3.313464
0.675750,-1.835613
0.676250,-2.914535
0.676750,1.508869
0.677250,-1.202945
0.677750,-2.031252
0.678250,-1.194358
0.678750,-0.494808
0.679250,1.223185
0.679750,-1.008662
0.680250,0.438201
0.680750,-2.490193
0.681250,1.695099
0.681750,-0.521453
0.682250,-2.093148
0.682750,-3.276271
0.683250,-2.055135
0.683750,-1.292149
0.684250,0.526330
0.684750,-0.794462
0.685250,-3.543541
0.685750,-3.386035
0.686250,-0.812533
0.686750,-4.732190
0.687250,-1.116978
0.687750,-1.056581
0.688250,0.332729
0.688750,0.063383
0.689250,-3.135702
0.689750,1.392773
0.690250,-0.067978
0.690750,0.120836
0.691250,2.649556
0.691750,0.310522
0.692250,-0.432683
0.692750,-1.529279
0.693250,3.388237
0.693750,-0.066946
0.694250,-2.961242
0.694750,-1.876521
0.695250,-1.109852
0.695750,0.093031
0.696250,0.600566
0.696750,0.576375
0.697250,0.226771
0.697750,-0.315266
0.698250,-0.435070
0.698750,-3.321819
0.699250,1.068772
0.699750,-0.250825
0.700250,1.189967
0.700750,0.156116
0.701250,1.925939
0.701750,-0.944857
0.702250,-1.350023
0.702750,1.216557
0.703250,-1.887947
0.703750,-3.049015
0.704250,1.141977
0.704750,-1.136585
0.705250,-4.175198
0.705750,-4.355363
0.706250,-1.554798
0.706750,-5.947174
0.707250,-1.635286
0.707750,-1.898727
0.708250,0.831671
0.708750,-1.945147
0.709250,-2.034180
0.709750,-0.567796
0.710250,-2.024219
0.710750,-3.697840
0.711250,-1.024841
0.711750,0.608694
0.712250,-0.364833
0.712750,-0.173346
0.713250,-2.947899
0.713750,1.570913
0.714250,0.169685
0.714750,0.701088
0.715250,-0.753429
0.715750,-0.855729
0.716250,-0.756930
0.716750,-2.908588
0.717250,0.408272
0.717750,0.021807
0.718250,0.922129
0.718750,1.125076
0.719250,-1.139367
0.719750,-0.227102
0.720250,2.423265
0.720750,-0.151294
0.721250,-2.224954
0.721750,-3.068372
0.722250,-1.256656
0.722750,-1.460110
0.723250,0.822306
0.723750,-0.507742
0.724250,-1.066572
0.724750,0.086607
0.725250,-1.233331
0.725750,4.028927
0.726250,-0.442812
0.726750,-0.562112
0.727250,2.078515
0.727750,-1.043306
0.728250,-1.218353
0.728750,-1.661082
0.729250,-0.337609
0.729750,-1.086219
0.730250,0.693772
0.730750,-0.884728
0.731250,-1.420663
0.731750,-2.975259
0.732250,1.841987
0.732750,-1.190043
0.733250,-3.113024
0.733750,-0.197209
0.734250,-4.273466
0.734750,-0.764802
0.735250,0.196628
0.735750,0.580960
0.736250,-4.111984
0.736750,-0.540427
0.737250,-1.318235
0.737750,-1.329392
0.738250,0.892027
0.738750,-0.954647
0.739250,-2.399864
0.739750,-2.799785
0.740250,-0.896683
0.740750,0.248291
0.741250,-3.254606
0.741750,-0.358496
0.742250,2.550579
0.742750,-2.327932
0.743250,-1.195082
0.743750,-2.553813
0.744250,-3.958922
0.744750,-0.302850
0.745250,0.306298
0.745750,-1.165472
0.746250,-1.798643
0.746750,-4.334484
0.747250,-2.509854
0.747750,1.801642
0.748250,-1.974305
0.748750,0.894886
0.749250,0.673417
0.749750,-2.830184
0.750250,-0.986251
0.750750,-1.787577
0.751250,-1.379275
0.751750,2.009355
0.752250,-0.705716
0.752750,-2.196697
0.753250,-1.089357
0.753750,-3.073915
0.754250,-1.364932
0.754750,1.173496
0.755250,0.607185
0.755750,-3.487726
0.756250,-2.319763
0.756750,-1.124659
0.757250,0.222402
0.757750,-4.887917
0.758250,-1.568206
0.758750,-2.673699
0.759250,-3.711837
0.759750,-4.311242
0.760250,-0.520529
0.760750,-2.529813
0.761250,-0.450961
0.761750,-4.569813
0.762250,-4.374865
0.762750,-5.204702
0.763250,-3.700534
0.763750,-2.368236
0.764250,-4.136870
0.764750,-1.908508
0.765250,-3.803975
0.765750,-3.815057
0.766250,-0.850752
0.766750,-4.330848
0.767250,-7.861253
0.767750,-3.092113
0.768250,-6.712859
0.768750,-0.913566
0.769250,-2.644778
0.769750,-7.919342
0.770250,-4.443777
0.770750,-2.476548
0.771250,1.897727
0.771750,-1.693162
0.772250,-5.041993
0.772750,-0.631181
0.773250,-3.604388
0.773750,-3.238135
0.774250,-5.150537
0.774750,-1.771409
0.775250,-3.841615
0.775750,-2.687996
0.776250,-3.415517
0.776750,-2.341003
0.777250,-1.155677
0.777750,-3.080003
0.778250,-3.236712
0.778750,-1.050970
0.779250,-4.646157
0.779750,-1.148024
0.780250,-2.268893
0.780750,-4.731355
0.781250,-3.356489
0.781750,-2.354662
0.782250,-5.012953
0.782750,-3.891441
0.783250,-3.174298
0.783750,-2.198031
0.784250,-4.565174
0.784750,-3.791573
0.785250,-1.802858
0.785750,-1.097862
0.786250,-3.560284
0.786750,-5.773389
0.787250,-2.116385
0.787750,-1.288305
0.788250,-4.902526
0.788750,1.784114
0.789250,-8.346070
0.789750,-2.567363
0.790250,0.029994
0.790750,-2.910031
0.791250,-4.047073
0.791750,-6.079555
0.792250,-3.117301
0.792750,0.443375
0.793250,-4.300040
0.793750,-1.506267
0.794250,-0.739898
0.794750,-4.808852
0.795250,-4.194470
0.795750,-4.421664
0.796250,-3.493395
0.796750,-2.664719
0.797250,-2.420299
0.797750,-0.974222
0.798250,-3.808883
0.798750,-1.284678
0.799250,-4.422875
0.799750,-3.960488
0.800250,-4.256300
0.800750,1.103249
0.801250,-3.684997
0.801750,-4.380962
0.802250,1.331739
0.802750,-2.826835
0.803250,-2.883912
0.803750,-1.343757
0.804250,-6.364084
0.804750,-2.909974
0.805250,-1.455908
0.805750,-8.330660
0.806250,-4.442968
0.806750,-5.295849
0.807250,-3.749185
0.807750,-3.337965
0.808250,-4.822711
0.808750,-2.870982
0.809250,-1.384169
0.809750,-3.034065
0.810250,-1.824291
0.810750,-3.604698
0.811250,-0.957119
0.811750,-4.467033
0.812250,-1.327370
0.812750,-1.714032
0.813250,-3.245344
0.813750,-2.281596
0.814250,-3.085394
0.814750,-5.399658
0.815250,-2.385424
0.815750,-1.777127
0.816250,-1.269725
0.816750,-3.710519
0.817250,-3.664683
0.817750,0.062714
0.818250,-0.505163
0.818750,-1.488502
0.819250,-4.349617
0.819750,-1.507075
0.820250,-5.790799
0.820750,0.458548
0.821250,0.583101
0.821750,-2.230784
0.822250,-3.382383
0.822750,-2.919948
0.823250,0.818376
0.823750,-3.185238
0.824250,2.151143
0.824750,-1.845324
0.825250,-2.013091
0.825750,-3.033831
0.826250,-1.607686
0.826750,0.039194
0.827250,-5.263438
0.827750,-1.123014
0.828250,-1.991841
0.828750,0.008140
0.829250,-3.476228
0.829750,-1.983487
0.830250,-5.395822
0.830750,-5.722638
0.831250,-3.834909
0.831750,-5.390007
0.832250,-4.658811
0.832750,-0.325227
0.833250,-6.875661
0.833750,-4.816514
0.834250,0.460410
0.834750,-2.460353
0.835250,-0.824806
0.835750,-6.382423
0.836250,-0.960336
0.836750,-6.683144
0.837250,-2.414633
0.837750,-4.085433
0.838250,-1.014002
0.838750,-0.289532
0.839250,-4.301034
0.839750,-4.792388
0.840250,-7.330013
0.840750,-0.208155
0.841250,-5.232319
0.841750,-7.422612
0.842250,-2.992565
0.842750,-2.373199
0.843250,-3.216927
0.843750,-5.561517
0.844250,-4.233752
0.844750,-1.258543
0.845250,-2.834498
0.845750,0.110583
0.846250,-0.179738
0.846750,-3.484582
0.847250,-1.344457
0.847750,-4.386541
0.848250,-2.658832
0.848750,-1.537574
0.849250,-5.414193
0.849750,-4.539776
0.850250,-2.573244
0.850750,-3.237169
0.851250,-3.271095
0.851750,-6.251145
0.852250,-2.193336
0.852750,1.740082
0.853250,-0.006619
0.853750,0.181727
0.854250,0.851267
0.854750,-2.349650
0.855250,-3.500359
0.855750,-0.867974
0.856250,-7.063059
0.856750,-3.326258
0.857250,-6.303580
0.857750,-2.523375
0.858250,-2.976110
0.858750,-4.610413
0.859250,-3.487616
0.859750,-3.746007
0.860250,-0.268381
0.860750,-0.314288
0.861250,-4.517558
0.861750,-2.683297
0.862250,-4.117219
0.862750,-4.623569
0.863250,-6.657646
0.863750,-0.342488
0.864250,-4.807318
0.864750,-6.213081
0.865250,-4.388032
0.865750,-5.838694
0.866250,-0.591260
0.866750,-1.714740
0.867250,-8.074451
0.867750,-5.097108
0.868250,-4.181709
0.868750,-2.135928
0.869250,-3.691533
0.869750,-5.930480
0.870250,-1.484669
0.870750,-8.539820
0.871250,-1.597351
0.871750,-4.669516
0.872250,-5.702102
0.872750,-5.282801
0.873250,-4.015452
0.873750,-2.660976
0.874250,-2.295201
0.874750,-5.727414
0.875250,-5.074488
0.875750,-6.612103
0.876250,-3.560653
0.876750,-2.497115
0.877250,-2.190683
0.877750,-8.422264
0.878250,-4.135719
0.878750,-5.154462
0.879250,-2.747641
0.879750,-6.680196
0.880250,-4.149173
0.880750,-6.072337
0.881250,-3.507745
0.881750,-7.500635
0.882250,-4.341153
0.882750,-6.495715
0.883250,0.149709
0.883750,-2.249706
0.884250,-2.641643
0.884750,-4.107245
0.885250,-4.462690
0.885750,-6.865591
0.886250,-9.489420
0.886750,-3.749049
0.887250,-4.861165
0.887750,-4.620857
0.888250,-1.664867
0.888750,-4.124214
0.889250,-2.603410
0.889750,-2.148072
0.890250,-6.932944
0.890750,-4.676146
0.891250,-1.892684
0.891750,-4.756570
0.892250,-5.689606
0.892750,-6.783011
0.893250,-6.277723
0.893750,-3.526922
0.894250,-2.099106
0.894750,-1.945568
0.895250,-5.406216
0.895750,2.206731
0.896250,-0.724379
0.896750,-6.051451
0.897250,-5.868008
0.897750,-5.261718
0.898250,0.661684
0.898750,-0.728439
0.899250,-4.543568
0.899750,-4.142636
0.900250,-5.043763
0.900750,-1.721101
0.901250,-4.648945
0.901750,-3.965021
0.902250,-2.003349
0.902750,-4.792680
0.903250,-2.473950
0.903750,-0.840232
0.904250,-1.444681
0.904750,-2.577721
0.905250,-6.955328
0.905750,-6.285115
0.906250,-2.619322
0.906750,-7.185766
0.907250,-2.599205
0.907750,-3.840706
0.908250,-0.975356
0.908750,-5.251677
0.909250,-4.378398
0.909750,-3.799364
0.910250,-2.007851
0.910750,-0.816125
0.911250,-1.274810
0.911750,-3.110375
0.912250,-4.392090
0.912750,-2.576736
0.913250,-0.390711
0.913750,-0.370653
0.914250,-1.228517
0.914750,0.919623
0.915250,1.358080
0.915750,-3.844021
0.916250,1.165594
0.916750,-2.695004
0.917250,-0.684038
0.917750,-3.394390
0.918250,-3.927648
0.918750,1.136673
0.919250,-1.916620
0.919750,0.901482
0.920250,-2.053564
0.920750,0.323939
0.921250,-3.949678
0.921750,0.257619
0.922250,-1.766187
0.922750,-5.686406
0.923250,0.404873
0.923750,0.387108
0.924250,0.205645
0.924750,0.660456
0.925250,1.180956
0.925750,-3.817269
0.926250,-1.561292
0.926750,-2.918806
0.927250,1.310802
0.927750,-2.346149
0.928250,2.775141
0.928750,-3.042627
0.929250,-4.488886
0.929750,-1.380661
0.930250,-0.610805
0.930750,-1.810858
0.931250,3.143020
0.931750,0.940490
0.932250,-4.112797
0.932750,-2.734621
0.933250,-4.285178
0.933750,-1.329377
0.934250,-3.708724
0.934750,-2.984554
0.935250,-1.392026
0.935750,-2.509601
0.936250,-5.277776
0.936750,-4.829777
0.937250,-2.387353
0.937750,-4.434212
0.938250,-1.795264
0.938750,-3.425730
0.939250,-3.647419
0.939750,-2.881502
0.940250,-4.188655
0.940750,-6.221968
0.941250,0.303762
0.941750,-2.303273
0.942250,-3.217161
0.942750,0.691194
0.943250,-3.984379
0.943750,-2.347405
0.944250,-5.891303
0.944750,-3.136957
0.945250,-6.126590
0.945750,-4.251691
0.946250,-1.944434
0.946750,-4.884723
0.947250,0.571746
0.947750,-1.739967
0.948250,-4.872387
0.948750,-1.588999
0.949250,-2.807193
0.949750,-3.125285
0.950250,-2.643356
0.950750,-1.246531
0.951250,-2.516859
0.951750,-0.257268
0.952250,-1.231414
0.952750,-6.081872
0.953250,-0.271812
0.953750,0.000170
0.954250,0.626621
0.954750,-1.999604
0.955250,-1.471265
0.955750,-3.897067
0.956250,-3.350431
0.956750,1.891850
0.957250,-2.518910
0.957750,-0.964189
0.958250,-1.341330
0.958750,-2.291809
0.959250,-2.306174
0.959750,-3.488308
0.960250,-1.393445
0.960750,-4.439709
0.961250,-3.783759
0.961750,-4.363577
0.962250,-1.996071
0.962750,-1.532479
0.963250,-5.281131
0.963750,-1.629093
0.964250,-2.756605
0.964750,-2.759367
0.965250,-3.584186
0.965750,-1.458132
0.966250,-3.785261
0.966750,0.293399
0.967250,-3.738250
0.967750,-6.784893
0.968250,-2.095565
0.968750,-3.238137
0.969250,-5.091484
0.969750,-4.020520
0.970250,-4.354665
0.970750,-5.587129
0.971250,-1.804441
0.971750,-5.156170
0.972250,-6.203675
0.972750,-4.296882
0.973250,-4.400508
0.973750,-4.323061
0.974250,-1.484250
0.974750,-3.398664
0.975250,-4.376187
0.975750,-5.264059
0.976250,-5.954023
0.976750,-3.736145
0.977250,-1.698335
0.977750,-1.120952
0.978250,-6.708735
0.978750,-3.829981
0.979250,-3.054120
0.979750,-7.100484
0.980250,-4.443410
0.980750,-5.267682
0.981250,-4.013834
0.981750,-2.299770
0.982250,-4.756331
0.982750,-1.677987
0.983250,-3.748681
0.983750,-4.201602
0.984250,-2.909636
0.984750,-3.809764
0.985250,-6.657568
0.985750,-1.609312
0.986250,1.736382
0.986750,-0.336516
0.987250,-6.981189
0.987750,-4.426018
0.988250,-2.123446
0.988750,-0.168188
0.989250,-2.997433
0.989750,-3.365063
0.990250,-4.200390
0.990750,-3.914681
0.991250,-0.107159
0.991750,-3.299659
0.992250,-6.626514
0.992750,-4.366172
0.993250,-1.026826
0.993750,-2.250594
0.994250,-3.965186
0.994750,-3.843818
0.995250,-5.163368
0.995750,0.041577
0.996250,0.526459
0.996750,1.103500
0.997250,-1.688245
0.997750,-0.164017
0.998250,-2.422935
0.998750,-1.037473
0.999250,-1.839706
0.999750,-5.046586
