0.000250,0.116677
0.000750,0.073339
0.001250,0.068492
0.001750,-0.113719
0.002250,-0.124359
0.002750,0.045327
0.003250,0.128757
0.003750,0.114165
0.004250,0.306427
0.004750,0.564927
0.005250,0.765195
0.005750,0.671409
0.006250,0.632478
0.006750,0.654171
0.007250,0.738276
0.007750,0.744128
0.008250,0.763794
0.008750,0.685824
0.009250,0.488894
0.009750,0.465728
0.010250,0.464065
0.010750,0.613846
0.011250,0.816002
0.011750,0.920149
0.012250,0.901805
0.012750,0.887798
0.013250,0.905175
0.013750,1.036251
0.014250,1.103120
0.014750,1.381822
0.015250,1.525765
0.015750,1.745826
0.016250,1.739926
0.016750,1.857211
0.017250,1.931298
0.017750,1.717778
0.018250,1.570796
0.018750,1.630831
0.019250,1.639436
0.019750,1.617849
0.020250,1.744642
0.020750,1.700234
0.021250,1.760806
0.021750,1.663062
0.022250,1.470287
0.022750,1.505143
0.023250,1.258134
0.023750,1.238878
0.024250,1.188751
0.024750,1.242417
0.025250,1.271548
0.025750,1.287398
0.026250,1.542878
0.026750,1.620324
0.027250,1.520524
0.027750,1.574374
0.028250,1.636046
0.028750,1.537728
0.029250,1.567304
0.029750,1.549887
0.030250,1.533503
0.030750,1.734246
0.031250,1.875848
0.031750,1.803335
0.032250,2.022973
0.032750,2.160888
0.033250,2.263841
0.033750,2.206934
0.034250,2.212996
0.034750,2.176074
0.035250,1.965560
0.035750,1.966707
0.036250,1.873563
0.036750,1.755515
0.037250,1.911014
0.037750,1.859979
0.038250,1.703686
0.038750,1.761838
0.039250,1.875793
0.039750,1.742301
0.040250,1.754774
0.040750,1.883550
0.041250,1.615211
0.041750,1.490775
0.042250,1.368657
0.042750,1.120775
0.043250,1.162305
0.043750,0.924038
0.044250,0.724850
0.044750,0.797783
0.045250,0.943804
0.045750,1.103550
0.046250,0.949844
0.046750,1.025765
0.047250,1.166474
0.047750,1.104004
0.048250,1.252979
0.048750,1.168846
0.049250,1.244883
0.049750,1.033526
0.050250,1.231135
0.050750,1.096953
0.051250,1.153399
0.051750,1.144848
0.052250,0.923752
0.052750,1.319717
0.053250,1.231887
0.053750,1.438497
0.054250,1.244074
0.054750,1.480666
0.055250,1.488967
0.055750,1.768659
0.056250,1.868447
0.056750,1.914275
0.057250,1.774228
0.057750,1.985822
0.058250,1.876822
0.058750,1.860013
0.059250,1.473602
0.059750,1.779085
0.060250,1.407955
0.060750,1.508631
0.061250,1.571785
0.061750,1.289742
0.062250,1.257314
0.062750,1.419668
0.063250,1.287402
0.063750,1.485438
0.064250,1.398755
0.064750,1.612533
0.065250,1.496979
0.065750,1.147785
0.066250,1.225409
0.066750,1.112846
0.067250,1.064574
0.067750,0.922829
0.068250,0.992343
0.068750,0.897773
0.069250,0.709467
0.069750,0.523939
0.070250,0.267767
0.070750,0.424235
0.071250,0.504978
0.071750,0.464148
0.072250,0.347766
0.072750,0.190365
0.073250,0.428748
0.073750,0.699561
0.074250,0.606602
0.074750,0.873271
0.075250,0.746227
0.075750,0.819905
0.076250,0.683671
0.076750,0.567223
0.077250,0.458022
0.077750,0.614086
0.078250,0.558472
0.078750,0.574165
0.079250,0.681956
0.079750,0.427540
0.080250,0.389911
0.080750,0.520059
0.081250,0.604942
0.081750,0.840144
0.082250,0.652105
0.082750,0.697936
0.083250,0.880688
0.083750,1.049465
0.084250,0.922896
0.084750,1.249841
0.085250,1.536928
0.085750,1.022682
0.086250,1.275595
0.086750,1.136566
0.087250,1.204937
0.087750,1.304466
0.088250,1.152223
0.088750,1.157240
0.089250,0.967682
0.089750,1.041136
0.090250,1.062136
0.090750,0.623024
0.091250,0.859821
0.091750,0.470948
0.092250,0.760760
0.092750,0.689877
0.093250,0.554124
0.093750,0.628777
0.094250,0.481682
0.094750,0.361168
0.095250,0.556034
0.095750,0.504599
0.096250,0.932784
0.096750,0.658538
0.097250,0.592326
0.097750,0.441368
0.098250,0.412662
0.098750,0.466309
0.099250,0.191803
0.099750,0.053823
0.100250,0.110426
0.100750,-0.492319
0.101250,-0.301502
0.101750,-0.292208
0.102250,-0.552146
0.102750,-0.435577
0.103250,-0.582275
0.103750,-0.848161
0.104250,-0.784172
0.104750,-0.574420
0.105250,-0.730996
0.105750,-0.287706
0.106250,-0.761857
0.106750,-0.713666
0.107250,-0.624960
0.107750,-0.552153
0.108250,-0.208107
0.108750,-0.591813
0.109250,-0.514257
0.109750,-0.343306
0.110250,-0.734053
0.110750,-0.490966
0.111250,-0.285205
0.111750,-0.493924
0.112250,-0.524499
0.112750,-0.565015
0.113250,-0.879405
0.113750,-0.371489
0.114250,-0.750106
0.114750,-0.791583
0.115250,-0.644227
0.115750,-0.841903
0.116250,-0.775974
0.116750,-0.408537
0.117250,-0.516894
0.117750,-0.523917
0.118250,-0.425009
0.118750,-0.429265
0.119250,-0.155912
0.119750,-0.091325
0.120250,-0.126956
0.120750,0.258167
0.121250,-0.181891
0.121750,-0.025287
0.122250,-0.163329
0.122750,0.020547
0.123250,-0.230826
0.123750,-0.154423
0.124250,-0.381451
0.124750,-0.315285
0.125250,-0.290104
0.125750,-0.283565
0.126250,-0.465471
0.126750,-0.324610
0.127250,-0.679542
0.127750,-0.658448
0.128250,-0.615548
0.128750,-0.823420
0.129250,-0.528913
0.129750,-0.778535
0.130250,-0.783343
0.130750,-1.019256
0.131250,-0.937587
0.131750,-1.099282
0.132250,-0.777084
0.132750,-0.833684
0.133250,-1.192596
0.133750,-0.715027
0.134250,-0.954580
0.134750,-1.369416
0.135250,-0.765862
0.135750,-0.908355
0.136250,-1.262022
0.136750,-1.314240
0.137250,-1.563460
0.137750,-1.459761
0.138250,-1.453300
0.138750,-1.594904
0.139250,-1.756768
0.139750,-1.887889
0.140250,-1.839691
0.140750,-1.980627
0.141250,-2.185474
0.141750,-1.966093
0.142250,-2.395968
0.142750,-2.151864
0.143250,-2.134563
0.143750,-2.632133
0.144250,-2.134251
0.144750,-2.197127
0.145250,-2.300240
0.145750,-2.518523
0.146250,-2.163374
0.146750,-1.913858
0.147250,-1.893205
0.147750,-1.781675
0.148250,-2.212295
0.148750,-2.005754
0.149250,-1.879852
0.149750,-2.045546
0.150250,-2.363236
0.150750,-1.876053
0.151250,-2.095044
0.151750,-2.010542
0.152250,-1.880838
0.152750,-1.854820
0.153250,-2.110617
0.153750,-2.304495
0.154250,-2.300845
0.154750,-2.626002
0.155250,-2.353067
0.155750,-2.203544
0.156250,-2.234885
0.156750,-2.011004
0.157250,-1.976187
0.157750,-1.845688
0.158250,-1.968692
0.158750,-1.885642
0.159250,-1.710509
0.159750,-2.034585
0.160250,-1.644851
0.160750,-1.576062
0.161250,-1.254035
0.161750,-1.611018
0.162250,-1.177785
0.162750,-1.282839
0.163250,-1.176229
0.163750,-1.386247
0.164250,-1.288300
0.164750,-1.680108
0.165250,-1.363989
0.165750,-1.337909
0.166250,-1.651651
0.166750,-1.180145
0.167250,-1.047165
0.167750,-1.038728
0.168250,-1.569442
0.168750,-1.374501
0.169250,-1.307991
0.169750,-1.725486
0.170250,-1.739546
0.170750,-1.784764
0.171250,-1.940699
0.171750,-1.977603
0.172250,-1.582332
0.172750,-1.729257
0.173250,-1.784425
0.173750,-1.847924
0.174250,-1.795847
0.174750,-1.826600
0.175250,-1.909520
0.175750,-1.512297
0.176250,-2.094741
0.176750,-1.852033
0.177250,-1.541015
0.177750,-1.484213
0.178250,-1.912794
0.178750,-1.869079
0.179250,-1.476192
0.179750,-1.645118
0.180250,-1.971481
0.180750,-2.030622
0.181250,-1.638166
0.181750,-1.739925
0.182250,-2.053678
0.182750,-1.932184
0.183250,-2.432601
0.183750,-2.417772
0.184250,-2.529427
0.184750,-2.364174
0.185250,-2.457705
0.185750,-2.616491
0.186250,-2.819260
0.186750,-2.414894
0.187250,-2.744107
0.187750,-2.935829
0.188250,-2.283500
0.188750,-2.938812
0.189250,-2.674830
0.189750,-2.407012
0.190250,-2.609584
0.190750,-2.913693
0.191250,-2.753276
0.191750,-2.430931
0.192250,-2.702535
0.192750,-2.774805
0.193250,-2.491860
0.193750,-2.338653
0.194250,-2.049647
0.194750,-2.226338
0.195250,-1.874954
0.195750,-2.232789
0.196250,-2.454282
0.196750,-2.252539
0.197250,-2.141332
0.197750,-2.001173
0.198250,-2.417179
0.198750,-2.313943
0.199250,-1.897334
0.199750,-2.011839
0.200250,-1.778596
0.200750,-1.795440
0.201250,-2.033917
0.201750,-2.097086
0.202250,-2.071449
0.202750,-1.989790
0.203250,-2.083056
0.203750,-2.406751
0.204250,-2.021909
0.204750,-1.837006
0.205250,-1.728639
0.205750,-1.397596
0.206250,-1.478630
0.206750,-1.215132
0.207250,-1.513803
0.207750,-1.602889
0.208250,-1.194895
0.208750,-1.054994
0.209250,-1.067348
0.209750,-0.925896
0.210250,-0.445710
0.210750,-0.890115
0.211250,-0.652468
0.211750,-0.578305
0.212250,-0.708376
0.212750,-0.748653
0.213250,-0.928658
0.213750,-0.689924
0.214250,-0.537759
0.214750,-0.998537
0.215250,-0.709455
0.215750,-0.778038
0.216250,-0.736452
0.216750,-1.088984
0.217250,-1.227395
0.217750,-0.896648
0.218250,-1.446562
0.218750,-0.916449
0.219250,-1.046384
0.219750,-0.783141
0.220250,-1.090943
0.220750,-1.090281
0.221250,-1.247032
0.221750,-1.071388
0.222250,-0.885374
0.222750,-1.162558
0.223250,-1.111051
0.223750,-0.785774
0.224250,-1.285164
0.224750,-1.314483
0.225250,-1.285538
0.225750,-1.303822
0.226250,-1.079739
0.226750,-0.799062
0.227250,-0.545529
0.227750,-0.442254
0.228250,-0.985459
0.228750,-1.133931
0.229250,-0.951973
0.229750,-0.877581
0.230250,-1.083057
0.230750,-1.213155
0.231250,-1.143870
0.231750,-1.116902
0.232250,-1.201793
0.232750,-1.527144
0.233250,-1.399012
0.233750,-1.173935
0.234250,-1.806845
0.234750,-2.017028
0.235250,-1.310542
0.235750,-1.986876
0.236250,-1.983042
0.236750,-2.188748
0.237250,-1.955345
0.237750,-2.220863
0.238250,-2.164430
0.238750,-2.080675
0.239250,-2.014995
0.239750,-1.896202
0.240250,-1.885879
0.240750,-2.045769
0.241250,-2.106624
0.241750,-1.780908
0.242250,-1.739629
0.242750,-2.283253
0.243250,-1.964047
0.243750,-1.809293
0.244250,-1.964763
0.244750,-1.424986
0.245250,-1.355131
0.245750,-1.083412
0.246250,-1.185306
0.246750,-1.183201
0.247250,-1.077209
0.247750,-1.453868
0.248250,-1.399973
0.248750,-1.744829
0.249250,-1.377224
0.249750,-1.221088
0.250250,-1.055131
0.250750,-1.553549
0.251250,-1.362394
0.251750,-1.333561
0.252250,-1.140296
0.252750,-1.067210
0.253250,-1.113494
0.253750,-1.421686
0.254250,-0.929450
0.254750,-1.380728
0.255250,-1.636251
0.255750,-1.085900
0.256250,-1.410584
0.256750,-1.553131
0.257250,-1.168929
0.257750,-0.690874
0.258250,-0.665082
0.258750,-1.156848
0.259250,-1.020469
0.259750,-0.520588
0.260250,-0.363687
0.260750,-0.401677
0.261250,-0.428556
0.261750,-0.222485
0.262250,0.114291
0.262750,-0.328456
0.263250,-0.379257
0.263750,-0.161824
0.264250,0.113276
0.264750,-0.113567
0.265250,-0.032661
0.265750,-0.202044
0.266250,0.338551
0.266750,0.344201
0.267250,0.223841
0.267750,0.179528
0.268250,0.425271
0.268750,0.203686
0.269250,0.392055
0.269750,0.079585
0.270250,0.385566
0.270750,0.250601
0.271250,-0.445148
0.271750,-0.037178
0.272250,-0.260115
0.272750,0.008368
0.273250,-0.087629
0.273750,-0.445988
0.274250,0.108909
0.274750,0.010284
0.275250,-0.140672
0.275750,-0.232671
0.276250,-0.253031
0.276750,-0.436077
0.277250,-0.260665
0.277750,0.192706
0.278250,-0.519455
0.278750,0.075307
0.279250,0.172681
0.279750,-0.168968
0.280250,-0.135259
0.280750,-0.400656
0.281250,0.222144
0.281750,-0.084011
0.282250,0.135998
0.282750,-0.022338
0.283250,0.054098
0.283750,0.169221
0.284250,0.267006
0.284750,-0.449092
0.285250,-0.041131
0.285750,0.076453
0.286250,0.227724
0.286750,-0.063703
0.287250,0.013796
0.287750,-0.106022
0.288250,-0.087811
0.288750,-0.404657
0.289250,-0.705436
0.289750,-0.026169
0.290250,-0.623996
0.290750,-0.511290
0.291250,-0.290439
0.291750,-0.477215
0.292250,-0.562558
0.292750,-0.541000
0.293250,-0.823609
0.293750,-0.895127
0.294250,-1.077494
0.294750,-0.899252
0.295250,-0.621682
0.295750,-0.885684
0.296250,-0.954176
0.296750,-1.078213
0.297250,-1.147374
0.297750,-0.934316
0.298250,-0.694722
0.298750,-0.906808
0.299250,-0.549134
0.299750,-0.527826
0.300250,-1.158755
0.300750,-1.291826
0.301250,-0.441559
0.301750,-0.435797
0.302250,-0.601356
0.302750,-0.454124
0.303250,-0.330687
0.303750,0.038094
0.304250,-0.411721
0.304750,-0.172342
0.305250,-0.104084
0.305750,0.083935
0.306250,0.208579
0.306750,0.091528
0.307250,0.102968
0.307750,0.234208
0.308250,-0.212005
0.308750,0.088518
0.309250,-0.261359
0.309750,-0.042360
0.310250,-0.141027
0.310750,-0.310529
0.311250,-0.375660
0.311750,-0.305560
0.312250,-0.155360
0.312750,0.417516
0.313250,0.376185
0.313750,-0.154470
0.314250,0.168929
0.314750,0.085537
0.315250,0.385907
0.315750,0.413894
0.316250,0.133848
0.316750,0.075300
0.317250,0.477900
0.317750,0.380519
0.318250,0.534010
0.318750,0.365981
0.319250,0.398546
0.319750,0.642421
0.320250,0.551611
0.320750,0.369757
0.321250,0.944393
0.321750,1.006289
0.322250,1.608909
0.322750,1.645392
0.323250,1.169927
0.323750,1.666918
0.324250,1.728888
0.324750,1.673534
0.325250,1.702077
0.325750,1.737513
0.326250,1.453669
0.326750,1.775715
0.327250,1.775268
0.327750,1.605972
0.328250,1.826748
0.328750,1.981370
0.329250,1.858136
0.329750,1.804148
0.330250,1.473170
0.330750,1.811253
0.331250,1.813735
0.331750,2.020214
0.332250,1.591920
0.332750,1.440809
0.333250,1.797520
0.333750,2.233612
0.334250,1.594150
0.334750,1.992362
0.335250,1.625865
0.335750,1.439695
0.336250,1.332952
0.336750,1.822950
0.337250,1.650117
0.337750,1.654749
0.338250,1.776312
0.338750,1.875160
0.339250,1.477931
0.339750,1.487107
0.340250,1.626703
0.340750,1.542150
0.341250,1.735515
0.341750,1.841242
0.342250,1.258700
0.342750,1.844111
0.343250,1.536361
0.343750,1.611702
0.344250,1.524824
0.344750,1.502589
0.345250,1.719596
0.345750,1.815270
0.346250,2.563943
0.346750,2.077559
0.347250,1.906957
0.347750,2.054926
0.348250,2.103286
0.348750,1.687650
0.349250,1.457626
0.349750,1.484890
0.350250,1.737974
0.350750,1.638065
0.351250,1.921865
0.351750,1.961649
0.352250,1.018998
0.352750,1.761766
0.353250,1.918765
0.353750,1.137131
0.354250,1.677443
0.354750,1.761516
0.355250,1.501834
0.355750,1.530609
0.356250,1.431595
0.356750,1.053653
0.357250,1.047309
0.357750,1.316355
0.358250,1.465439
0.358750,1.071324
0.359250,1.043974
0.359750,0.816130
0.360250,1.163943
0.360750,0.997977
0.361250,1.365254
0.361750,1.138825
0.362250,1.170076
0.362750,1.328575
0.363250,1.779685
0.363750,1.188028
0.364250,0.890976
0.364750,1.558747
0.365250,1.433588
0.365750,1.637758
0.366250,1.794896
0.366750,1.707227
0.367250,1.755528
0.367750,2.112688
0.368250,2.463393
0.368750,1.889579
0.369250,2.185525
0.369750,2.135685
0.370250,2.424029
0.370750,2.405297
0.371250,2.254330
0.371750,2.300704
0.372250,2.137819
0.372750,2.226250
0.373250,2.568479
0.373750,2.373591
0.374250,2.213934
0.374750,2.250780
0.375250,2.257293
0.375750,2.436879
0.376250,2.589431
0.376750,2.028681
0.377250,2.433311
0.377750,2.481117
0.378250,2.495774
0.378750,2.725196
0.379250,2.535487
0.379750,2.431411
0.380250,2.248671
0.380750,2.811469
0.381250,2.200144
0.381750,2.062175
0.382250,2.924288
0.382750,3.046178
0.383250,3.178758
0.383750,3.222109
0.384250,2.461660
0.384750,2.870183
0.385250,2.686963
0.385750,3.643823
0.386250,3.280848
0.386750,3.178320
0.387250,2.997405
0.387750,4.017797
0.388250,3.784567
0.388750,3.442766
0.389250,3.425610
0.389750,3.615080
0.390250,3.993498
0.390750,4.137010
0.391250,4.189225
0.391750,3.984244
0.392250,3.981867
0.392750,3.718205
0.393250,4.529944
0.393750,4.399590
0.394250,3.969252
0.394750,4.215896
0.395250,4.483552
0.395750,4.464187
0.396250,4.227966
0.396750,4.118523
0.397250,4.039791
0.397750,4.175367
0.398250,3.936185
0.398750,4.309936
0.399250,4.382470
0.399750,4.401260
0.400250,3.810746
0.400750,4.403646
0.401250,4.771144
0.401750,4.467543
0.402250,4.228387
0.402750,4.320016
0.403250,4.132707
0.403750,4.272996
0.404250,3.977223
0.404750,3.924948
0.405250,3.621877
0.405750,3.594327
0.406250,4.027339
0.406750,4.407283
0.407250,4.095573
0.407750,3.782025
0.408250,3.822087
0.408750,3.955922
0.409250,4.455179
0.409750,4.077104
0.410250,3.815942
0.410750,3.861612
0.411250,3.928096
0.411750,3.874875
0.412250,3.941435
0.412750,4.206901
0.413250,3.764568
0.413750,4.194462
0.414250,4.938661
0.414750,4.360855
0.415250,4.227865
0.415750,4.152224
0.416250,4.236605
0.416750,4.591482
0.417250,4.052197
0.417750,3.951468
0.418250,3.650426
0.418750,3.618065
0.419250,4.294084
0.419750,3.988176
0.420250,3.581324
0.420750,3.521304
0.421250,3.572241
0.421750,3.145487
0.422250,4.301206
0.422750,3.519085
0.423250,3.160166
0.423750,3.180338
0.424250,3.359772
0.424750,3.296515
0.425250,3.326548
0.425750,2.912149
0.426250,2.553495
0.426750,2.812161
0.427250,2.905505
0.427750,3.319291
0.428250,3.019806
0.428750,2.675552
0.429250,2.455018
0.429750,2.512112
0.430250,2.912387
0.430750,3.058294
0.431250,3.165415
0.431750,3.192587
0.432250,3.095024
0.432750,3.638163
0.433250,3.298188
0.433750,3.570713
0.434250,3.195764
0.434750,2.762384
0.435250,2.606106
0.435750,3.233285
0.436250,2.993917
0.436750,3.202971
0.437250,3.093598
0.437750,2.946428
0.438250,3.548469
0.438750,3.819218
0.439250,4.006258
0.439750,3.747118
0.440250,3.471254
0.440750,3.264393
0.441250,4.030613
0.441750,3.623948
0.442250,3.322948
0.442750,3.143762
0.443250,3.472352
0.443750,3.837898
0.444250,3.966639
0.444750,3.904935
0.445250,3.490747
0.445750,3.289204
0.446250,3.273092
0.446750,3.541758
0.447250,3.935847
0.447750,3.286996
0.448250,3.408629
0.448750,3.717114
0.449250,3.759723
0.449750,3.824489
0.450250,3.981535
0.450750,3.263689
0.451250,3.571738
0.451750,3.773367
0.452250,3.690204
0.452750,3.814674
0.453250,3.694271
0.453750,3.212904
0.454250,3.066222
0.454750,4.081958
0.455250,3.603684
0.455750,3.910592
0.456250,3.696884
0.456750,3.663282
0.457250,3.809085
0.457750,3.796178
0.458250,3.961576
0.458750,4.053364
0.459250,3.840862
0.459750,4.299598
0.460250,4.462198
0.460750,4.426454
0.461250,4.427095
0.461750,4.142686
0.462250,4.420731
0.462750,4.630163
0.463250,4.540841
0.463750,4.538800
0.464250,5.000951
0.464750,4.855256
0.465250,4.413333
0.465750,5.503571
0.466250,4.999532
0.466750,5.304466
0.467250,4.694109
0.467750,4.684747
0.468250,4.557859
0.468750,4.762977
0.469250,4.890933
0.469750,4.442294
0.470250,4.214125
0.470750,3.850065
0.471250,4.833016
0.471750,4.962264
0.472250,4.625443
0.472750,4.941626
0.473250,4.518800
0.473750,4.645453
0.474250,4.859897
0.474750,4.928160
0.475250,4.220179
0.475750,4.245816
0.476250,4.723144
0.476750,4.231553
0.477250,4.034961
0.477750,3.802391
0.478250,3.832242
0.478750,4.479861
0.479250,4.021599
0.479750,3.850771
0.480250,3.801703
0.480750,4.112950
0.481250,3.862995
0.481750,4.133800
0.482250,3.988345
0.482750,3.977177
0.483250,4.096072
0.483750,4.227951
0.484250,4.301210
0.484750,3.933769
0.485250,4.114089
0.485750,3.860327
0.486250,4.080542
0.486750,4.028626
0.487250,3.910816
0.487750,3.968282
0.488250,3.803441
0.488750,4.096469
0.489250,4.505776
0.489750,3.965983
0.490250,3.575804
0.490750,4.189699
0.491250,4.222353
0.491750,4.149469
0.492250,4.533860
0.492750,4.052775
0.493250,3.307553
0.493750,3.711521
0.494250,3.936347
0.494750,3.040607
0.495250,3.403415
0.495750,3.473991
0.496250,3.485234
0.496750,3.805705
0.497250,3.601221
0.497750,3.265241
0.498250,3.242645
0.498750,2.981528
0.499250,2.565860
0.499750,3.339400
0.500250,2.660128
0.500750,2.460763
0.501250,2.408065
0.501750,2.113822
0.502250,2.432762
0.502750,2.631449
0.503250,2.669619
0.503750,2.755557
0.504250,2.420285
0.504750,1.894099
0.505250,2.691874
0.505750,2.540746
0.506250,2.105449
0.506750,2.586121
0.507250,3.008258
0.507750,2.670088
0.508250,2.190878
0.508750,2.651758
0.509250,3.023567
0.509750,2.496198
0.510250,2.269306
0.510750,2.455575
0.511250,2.444921
0.511750,2.211722
0.512250,2.501748
0.512750,2.317591
0.513250,2.567106
0.513750,1.993481
0.514250,2.392123
0.514750,3.062562
0.515250,2.877884
0.515750,2.731968
0.516250,3.354334
0.516750,2.482257
0.517250,2.596318
0.517750,3.127067
0.518250,2.842126
0.518750,3.408558
0.519250,3.093780
0.519750,2.865385
0.520250,2.884049
0.520750,2.693339
0.521250,3.219248
0.521750,2.765322
0.522250,2.872608
0.522750,2.814990
0.523250,2.675596
0.523750,3.245174
0.524250,3.061504
0.524750,2.713039
0.525250,2.859154
0.525750,2.767109
0.526250,2.485889
0.526750,2.787226
0.527250,2.363796
0.527750,2.705407
0.528250,1.953192
0.528750,2.306016
0.529250,2.667748
0.529750,2.866697
0.530250,2.979972
0.530750,3.082439
0.531250,2.852021
0.531750,2.596696
0.532250,2.775870
0.532750,2.467061
0.533250,2.940155
0.533750,2.839437
0.534250,2.921649
0.534750,3.074858
0.535250,3.318217
0.535750,3.101590
0.536250,2.797262
0.536750,3.176867
0.537250,2.857467
0.537750,3.277497
0.538250,2.902919
0.538750,3.743696
0.539250,3.592751
0.539750,3.413902
0.540250,3.645169
0.540750,3.993351
0.541250,3.642035
0.541750,4.068971
0.542250,4.508074
0.542750,3.769462
0.543250,3.723362
0.543750,3.664525
0.544250,3.734453
0.544750,4.322033
0.545250,3.731445
0.545750,4.104409
0.546250,3.539466
0.546750,3.365691
0.547250,4.101562
0.547750,3.834271
0.548250,4.296000
0.548750,3.659197
0.549250,3.684560
0.549750,3.401124
0.550250,3.339890
0.550750,4.003472
0.551250,3.838510
0.551750,3.528777
0.552250,3.208284
0.552750,3.334133
0.553250,3.125160
0.553750,3.524728
0.554250,3.520194
0.554750,3.076401
0.555250,3.095857
0.555750,3.271929
0.556250,3.466390
0.556750,3.075248
0.557250,3.322953
0.557750,3.360562
0.558250,3.321086
0.558750,3.239407
0.559250,3.038124
0.559750,3.302164
0.560250,3.334917
0.560750,3.116751
0.561250,3.341755
0.561750,3.095198
0.562250,3.235300
0.562750,3.245565
0.563250,3.076269
0.563750,3.108456
0.564250,2.867153
0.564750,2.415435
0.565250,3.072392
0.565750,2.491220
0.566250,3.080379
0.566750,3.338958
0.567250,3.036476
0.567750,2.987726
0.568250,3.076736
0.568750,3.136074
0.569250,3.314941
0.569750,3.136052
0.570250,2.806265
0.570750,2.940160
0.571250,2.843745
0.571750,2.617954
0.572250,3.278943
0.572750,3.424128
0.573250,2.785913
0.573750,2.792543
0.574250,3.044498
0.574750,2.488091
0.575250,2.796823
0.575750,2.408066
0.576250,1.825379
0.576750,2.134526
0.577250,1.880696
0.577750,1.975859
0.578250,1.894883
0.578750,2.431512
0.579250,2.494934
0.579750,2.380834
0.580250,1.945279
0.580750,1.973473
0.581250,1.431273
0.581750,1.908404
0.582250,1.611930
0.582750,1.386337
0.583250,1.678366
0.583750,1.135926
0.584250,0.774593
0.584750,1.483273
0.585250,1.636046
0.585750,1.175585
0.586250,1.396715
0.586750,1.140817
0.587250,1.503894
0.587750,1.638669
0.588250,1.853362
0.588750,1.441397
0.589250,0.700904
0.589750,1.801012
0.590250,1.034558
0.590750,0.791673
0.591250,1.290070
0.591750,1.395474
0.592250,1.358612
0.592750,1.088268
0.593250,1.038452
0.593750,1.010923
0.594250,0.991512
0.594750,1.771012
0.595250,1.859453
0.595750,1.657751
0.596250,1.437875
0.596750,1.388098
0.597250,1.814329
0.597750,2.200637
0.598250,1.503002
0.598750,1.793865
0.599250,1.208668
0.599750,1.334923
0.600250,1.931955
0.600750,1.767238
0.601250,1.903489
0.601750,1.364750
0.602250,2.022672
0.602750,1.388246
0.603250,1.727691
0.603750,1.836180
0.604250,1.852744
0.604750,1.837138
0.605250,1.152396
0.605750,1.392812
0.606250,1.419633
0.606750,1.637665
0.607250,1.829838
0.607750,1.929786
0.608250,1.378065
0.608750,1.111444
0.609250,1.817967
0.609750,1.799457
0.610250,1.882938
0.610750,1.688537
0.611250,1.340103
0.611750,1.505295
0.612250,1.159026
0.612750,1.495916
0.613250,0.875072
0.613750,1.695711
0.614250,1.814520
0.614750,1.817043
0.615250,1.793844
0.615750,1.276443
0.616250,1.553734
0.616750,0.961684
0.617250,1.676703
0.617750,1.553712
0.618250,1.437368
0.618750,1.339907
0.619250,1.330949
0.619750,1.227477
0.620250,1.631684
0.620750,1.633234
0.621250,1.740335
0.621750,2.050925
0.622250,2.285053
0.622750,2.527682
0.623250,2.380685
0.623750,2.335777
0.624250,2.562971
0.624750,1.959622
0.625250,2.632607
0.625750,2.390224
0.626250,2.484264
0.626750,2.661905
0.627250,2.638698
0.627750,2.269219
0.628250,2.336939
0.628750,2.608899
0.629250,2.204848
0.629750,2.474251
0.630250,3.027794
0.630750,2.424421
0.631250,2.307402
0.631750,2.541012
0.632250,2.247053
0.632750,2.324659
0.633250,3.187351
0.633750,2.200713
0.634250,2.356337
0.634750,1.748889
0.635250,2.257958
0.635750,2.393393
0.636250,2.987448
0.636750,2.477448
0.637250,2.668569
0.637750,2.368208
0.638250,2.043864
0.638750,2.444550
0.639250,1.997786
0.639750,2.692000
0.640250,2.466048
0.640750,2.069073
0.641250,1.897861
0.641750,1.287238
0.642250,1.175319
0.642750,1.467986
0.643250,1.670154
0.643750,1.795237
0.644250,1.526883
0.644750,1.558145
0.645250,1.554190
0.645750,1.488061
0.646250,1.740928
0.646750,1.929940
0.647250,1.477192
0.647750,1.421807
0.648250,1.969868
0.648750,1.619935
0.649250,0.983301
0.649750,1.761973
0.650250,1.119691
0.650750,1.295484
0.651250,1.481232
0.651750,1.050465
0.652250,1.389984
0.652750,1.813764
0.653250,1.409455
0.653750,1.315151
0.654250,1.636104
0.654750,1.251350
0.655250,1.154558
0.655750,1.604653
0.656250,1.905757
0.656750,2.200303
0.657250,1.887321
0.657750,1.499582
0.658250,1.627056
0.658750,1.450108
0.659250,0.526153
0.659750,0.937245
0.660250,1.161386
0.660750,0.819522
0.661250,0.930315
0.661750,1.222013
0.662250,1.256400
0.662750,0.583270
0.663250,1.424131
0.663750,1.082107
0.664250,0.617869
0.664750,1.157534
0.665250,0.568010
0.665750,1.068766
0.666250,0.681661
0.666750,0.239030
0.667250,0.420472
0.667750,0.461213
0.668250,-0.208610
0.668750,-0.249982
0.669250,0.484325
0.669750,0.033361
0.670250,-0.135400
0.670750,-0.513971
0.671250,-0.558938
0.671750,-0.421365
0.672250,-0.750685
0.672750,-0.388977
0.673250,-0.761670
0.673750,-0.225789
0.674250,-0.660046
0.674750,-0.548149
0.675250,-0.644838
0.675750,-1.258657
0.676250,-0.373251
0.676750,-0.611900
0.677250,-0.666262
0.677750,-0.633918
0.678250,-0.739083
0.678750,-0.585676
0.679250,-0.613037
0.679750,-0.981467
0.680250,-0.317845
0.680750,-1.016134
0.681250,-0.178994
0.681750,-0.347310
0.682250,-0.923339
0.682750,-0.589951
0.683250,-0.057541
0.683750,-0.014898
0.684250,0.410683
0.684750,-0.530345
0.685250,-0.556728
0.685750,-0.669242
0.686250,-0.537236
0.686750,-0.547546
0.687250,-0.529948
0.687750,0.016218
0.688250,-0.379474
0.688750,-0.161605
0.689250,-0.822559
0.689750,-0.228089
0.690250,-0.086968
0.690750,-0.250420
0.691250,-0.049347
0.691750,-0.034075
0.692250,-0.775786
0.692750,-0.564417
0.693250,-0.078472
0.693750,0.157894
0.694250,0.151526
0.694750,-0.364982
0.695250,-0.943004
0.695750,-0.003347
0.696250,-0.384899
0.696750,-0.048902
0.697250,0.048444
0.697750,-0.221826
0.698250,-0.165669
0.698750,-0.454560
0.699250,-0.571433
0.699750,-0.558591
0.700250,-0.176372
0.700750,-0.245911
0.701250,-0.328769
0.701750,-0.500416
0.702250,-1.185585
0.702750,-0.824240
0.703250,-1.163239
0.703750,-1.107849
0.704250,-0.665753
0.704750,-0.476179
0.705250,-1.005639
0.705750,-1.256095
0.706250,-0.815952
0.706750,-1.412182
0.707250,-0.472717
0.707750,-1.334849
0.708250,-0.945259
0.708750,-0.258068
0.709250,-0.268562
0.709750,-0.347646
0.710250,-1.030485
0.710750,-0.664101
0.711250,0.003410
0.711750,-0.469230
0.712250,-0.607543
0.712750,-0.968256
0.713250,-0.884476
0.713750,-0.368557
0.714250,-0.032919
0.714750,-0.966912
0.715250,-0.637197
0.715750,-0.106377
0.716250,-0.082836
0.716750,-0.697796
0.717250,0.182150
0.717750,-0.466903
0.718250,0.372761
0.718750,0.361790
0.719250,0.570245
0.719750,0.016361
0.720250,0.688164
0.720750,0.247847
0.721250,0.304866
0.721750,0.415559
0.722250,0.445300
0.722750,-0.129999
0.723250,-0.096358
0.723750,0.376292
0.724250,-0.263580
0.724750,-0.551183
0.725250,0.286151
0.725750,0.031798
0.726250,0.151498
0.726750,-0.156606
0.727250,-0.369548
0.727750,-0.013944
0.728250,0.277211
0.728750,0.025098
0.729250,0.101871
0.729750,0.223461
0.730250,-0.561635
0.730750,-0.563873
0.731250,-0.817023
0.731750,-0.202344
0.732250,-0.831405
0.732750,-0.509190
0.733250,-0.233448
0.733750,-1.439121
0.734250,-1.047379
0.734750,-0.793800
0.735250,-0.759084
0.735750,-1.031481
0.736250,-0.957634
0.736750,-1.150996
0.737250,-0.799173
0.737750,-0.619884
0.738250,-0.843585
0.738750,-1.003420
0.739250,-1.080017
0.739750,-1.210944
0.740250,-1.214898
0.740750,-0.855303
0.741250,-1.059688
0.741750,-0.756045
0.742250,-0.943048
0.742750,-0.220230
0.743250,-1.282114
0.743750,-0.757030
0.744250,-1.571171
0.744750,-1.271326
0.745250,-1.147973
0.745750,-1.147923
0.746250,-1.014465
0.746750,-1.135271
0.747250,-1.107356
0.747750,-1.522129
0.748250,-1.998892
0.748750,-0.614020
0.749250,-1.036132
0.749750,-0.999756
0.750250,-1.679619
0.750750,-1.141919
0.751250,-1.289901
0.751750,-1.828220
0.752250,-1.472352
0.752750,-1.617185
0.753250,-1.666661
0.753750,-1.762713
0.754250,-2.054591
0.754750,-1.630206
0.755250,-1.397042
0.755750,-2.181537
0.756250,-2.414961
0.756750,-1.454427
0.757250,-1.897873
0.757750,-2.453717
0.758250,-2.219717
0.758750,-2.114908
0.759250,-2.464193
0.759750,-2.418027
0.760250,-2.070515
0.760750,-1.975107
0.761250,-1.980150
0.761750,-2.178218
0.762250,-2.251265
0.762750,-2.381924
0.763250,-2.775784
0.763750,-2.721638
0.764250,-3.072297
0.764750,-2.552065
0.765250,-3.448758
0.765750,-2.952623
0.766250,-3.507311
0.766750,-3.321358
0.767250,-2.996532
0.767750,-3.279975
0.768250,-3.496531
0.768750,-3.214685
0.769250,-3.489282
0.769750,-3.382314
0.770250,-3.364823
0.770750,-3.288484
0.771250,-2.803272
0.771750,-3.152996
0.772250,-3.084555
0.772750,-3.301978
0.773250,-3.394987
0.773750,-2.879109
0.774250,-3.039462
0.774750,-3.229183
0.775250,-2.864412
0.775750,-3.724610
0.776250,-3.760916
0.776750,-3.530944
0.777250,-3.746775
0.777750,-3.588914
0.778250,-3.141279
0.778750,-3.601009
0.779250,-2.982690
0.779750,-2.950101
0.780250,-3.321861
0.780750,-3.578555
0.781250,-3.782863
0.781750,-3.349844
0.782250,-2.712262
0.782750,-2.194151
0.783250,-2.373991
0.783750,-2.262712
0.784250,-2.691997
0.784750,-2.845904
0.785250,-2.087559
0.785750,-2.577845
0.786250,-2.569579
0.786750,-3.033804
0.787250,-3.056906
0.787750,-3.261903
0.788250,-3.090998
0.788750,-2.830119
0.789250,-2.755354
0.789750,-2.925569
0.790250,-2.504798
0.790750,-2.891975
0.791250,-2.954082
0.791750,-3.558603
0.792250,-3.624212
0.792750,-2.845689
0.793250,-2.463072
0.793750,-3.195081
0.794250,-2.676930
0.794750,-2.670374
0.795250,-3.308676
0.795750,-2.961605
0.796250,-3.161136
0.796750,-2.989038
0.797250,-2.862684
0.797750,-2.763406
0.798250,-2.790781
0.798750,-3.044990
0.799250,-3.739414
0.799750,-3.375441
0.800250,-3.225453
0.800750,-3.162397
0.801250,-3.617029
0.801750,-2.937906
0.802250,-3.178403
0.802750,-3.416835
0.803250,-3.119963
0.803750,-3.442882
0.804250,-3.073835
0.804750,-3.401516
0.805250,-2.871383
0.805750,-3.115127
0.806250,-2.765071
0.806750,-2.448470
0.807250,-2.767435
0.807750,-2.388508
0.808250,-3.231252
0.808750,-2.534026
0.809250,-2.719120
0.809750,-2.957704
0.810250,-2.245443
0.810750,-2.476602
0.811250,-1.852829
0.811750,-2.434663
0.812250,-2.170938
0.812750,-2.170857
0.813250,-1.791839
0.813750,-2.207884
0.814250,-2.797212
0.814750,-2.514131
0.815250,-2.133568
0.815750,-2.056242
0.816250,-2.089411
0.816750,-2.141457
0.817250,-1.693407
0.817750,-1.854446
0.818250,-1.684615
0.818750,-1.629774
0.819250,-2.072747
0.819750,-1.983656
0.820250,-1.421930
0.820750,-1.195443
0.821250,-2.231482
0.821750,-2.290741
0.822250,-1.635419
0.822750,-1.534896
0.823250,-1.419022
0.823750,-1.711435
0.824250,-2.146636
0.824750,-1.841220
0.825250,-2.106935
0.825750,-1.865539
0.826250,-1.512947
0.826750,-1.545000
0.827250,-1.544379
0.827750,-2.334229
0.828250,-2.139245
0.828750,-1.974511
0.829250,-2.231500
0.829750,-2.332786
0.830250,-2.080757
0.830750,-2.474396
0.831250,-2.455680
0.831750,-2.851225
0.832250,-3.368782
0.832750,-2.363920
0.833250,-2.503625
0.833750,-2.719287
0.834250,-2.445050
0.834750,-2.096258
0.835250,-2.047863
0.835750,-2.545235
0.836250,-2.235486
0.836750,-2.811186
0.837250,-1.991495
0.837750,-2.132829
0.838250,-2.227882
0.838750,-2.246730
0.839250,-2.973861
0.839750,-2.328448
0.840250,-2.586058
0.840750,-2.469893
0.841250,-2.713026
0.841750,-2.843400
0.842250,-2.976019
0.842750,-2.192946
0.843250,-2.871639
0.843750,-2.567048
0.844250,-2.139545
0.844750,-2.731157
0.845250,-2.674805
0.845750,-2.013230
0.846250,-2.364748
0.846750,-2.898099
0.847250,-2.699137
0.847750,-2.974242
0.848250,-3.029984
0.848750,-2.905206
0.849250,-2.258681
0.849750,-2.015908
0.850250,-2.083958
0.850750,-2.715699
0.851250,-2.783016
0.851750,-3.116734
0.852250,-2.289952
0.852750,-2.125290
0.853250,-2.157890
0.853750,-2.489899
0.854250,-2.388703
0.854750,-2.938172
0.855250,-3.096442
0.855750,-2.660613
0.856250,-3.020652
0.856750,-3.083052
0.857250,-3.291622
0.857750,-3.438082
0.858250,-3.692539
0.858750,-3.452164
0.859250,-2.843124
0.859750,-3.323952
0.860250,-2.367379
0.860750,-3.853573
0.861250,-2.814988
0.861750,-3.248352
0.862250,-4.311451
0.862750,-2.998188
0.863250,-3.683522
0.863750,-3.115315
0.864250,-3.292296
0.864750,-3.823135
0.865250,-3.813555
0.865750,-3.035622
0.866250,-3.345205
0.866750,-4.292787
0.867250,-4.109995
0.867750,-4.588559
0.868250,-3.740516
0.868750,-4.407222
0.869250,-4.067484
0.869750,-4.482545
0.870250,-4.262364
0.870750,-4.166340
0.871250,-3.845893
0.871750,-3.615668
0.872250,-4.473869
0.872750,-3.656340
0.873250,-3.748992
0.873750,-3.950936
0.874250,-4.054599
0.874750,-4.177014
0.875250,-4.014548
0.875750,-3.973285
0.876250,-3.301650
0.876750,-3.094892
0.877250,-3.845363
0.877750,-4.182183
0.878250,-4.405973
0.878750,-3.438410
0.879250,-3.699532
0.879750,-3.593913
0.880250,-4.074709
0.880750,-3.665268
0.881250,-4.041330
0.881750,-3.721371
0.882250,-3.454669
0.882750,-3.223656
0.883250,-3.348477
0.883750,-3.209294
0.884250,-4.147152
0.884750,-3.217256
0.885250,-3.568727
0.885750,-3.922464
0.886250,-3.357515
0.886750,-2.670116
0.887250,-2.634736
0.887750,-3.254399
0.888250,-3.309301
0.888750,-3.211478
0.889250,-3.710939
0.889750,-2.896671
0.890250,-3.853867
0.890750,-3.294924
0.891250,-2.901059
0.891750,-3.110367
0.892250,-3.020733
0.892750,-3.465117
0.893250,-3.089864
0.893750,-3.469356
0.894250,-2.881368
0.894750,-2.591106
0.895250,-2.863175
0.895750,-2.780023
0.896250,-2.405887
0.896750,-3.004894
0.897250,-3.223708
0.897750,-2.719207
0.898250,-2.883656
0.898750,-3.055724
0.899250,-3.157788
0.899750,-3.649260
0.900250,-3.803136
0.900750,-4.508846
0.901250,-3.240118
0.901750,-3.227135
0.902250,-3.580207
0.902750,-3.179933
0.903250,-3.503518
0.903750,-3.446218
0.904250,-3.132383
0.904750,-3.434163
0.905250,-3.282824
0.905750,-2.952589
0.906250,-3.425549
0.906750,-3.190346
0.907250,-2.994138
0.907750,-2.745081
0.908250,-2.492152
0.908750,-3.089151
0.909250,-2.711576
0.909750,-2.612305
0.910250,-2.772794
0.910750,-2.346069
0.911250,-2.067114
0.911750,-2.172117
0.912250,-2.110782
0.912750,-2.210073
0.913250,-1.859511
0.913750,-2.112520
0.914250,-1.756142
0.914750,-1.680712
0.915250,-2.428380
0.915750,-2.211172
0.916250,-2.260285
0.916750,-1.846850
0.917250,-1.738567
0.917750,-1.063622
0.918250,-1.761305
0.918750,-1.166697
0.919250,-0.910563
0.919750,-1.708471
0.920250,-1.595990
0.920750,-2.080834
0.921250,-1.353813
0.921750,-1.179201
0.922250,-0.895644
0.922750,-0.922147
0.923250,-1.826880
0.923750,-1.065543
0.924250,-1.409185
0.924750,-1.698881
0.925250,-1.465050
0.925750,-1.454026
0.926250,-0.682518
0.926750,-1.456112
0.927250,-1.740094
0.927750,-1.461303
0.928250,-0.913576
0.928750,-1.408684
0.929250,-1.569468
0.929750,-1.641979
0.930250,-1.122732
0.930750,-0.960427
0.931250,-1.216566
0.931750,-0.994865
0.932250,-2.095601
0.932750,-1.819176
0.933250,-2.007991
0.933750,-2.046179
0.934250,-1.784860
0.934750,-1.675214
0.935250,-1.983252
0.935750,-2.277020
0.936250,-2.430455
0.936750,-2.151185
0.937250,-2.057347
0.937750,-2.199773
0.938250,-1.697149
0.938750,-2.136888
0.939250,-1.848297
0.939750,-2.326147
0.940250,-1.856588
0.940750,-2.216968
0.941250,-1.611670
0.941750,-1.905507
0.942250,-1.390234
0.942750,-1.539182
0.943250,-1.862288
0.943750,-2.065856
0.944250,-1.770714
0.944750,-2.077542
0.945250,-1.880200
0.945750,-1.620491
0.946250,-2.022310
0.946750,-1.608686
0.947250,-2.320735
0.947750,-2.284745
0.948250,-2.264737
0.948750,-1.947238
0.949250,-1.930500
0.949750,-1.976406
0.950250,-1.660667
0.950750,-2.077537
0.951250,-1.590920
0.951750,-1.839584
0.952250,-1.794273
0.952750,-1.766986
0.953250,-1.266838
0.953750,-1.726247
0.954250,-1.371786
0.954750,-2.024025
0.955250,-2.080495
0.955750,-2.492775
0.956250,-2.352310
0.956750,-1.796729
0.957250,-1.627553
0.957750,-1.508115
0.958250,-1.486433
0.958750,-2.485194
0.959250,-1.445365
0.959750,-1.888904
0.960250,-2.283560
0.960750,-2.746231
0.961250,-1.570496
0.961750,-2.142631
0.962250,-2.017663
0.962750,-1.879039
0.963250,-2.792596
0.963750,-1.734447
0.964250,-1.954405
0.964750,-2.583975
0.965250,-2.359080
0.965750,-2.367396
0.966250,-1.650529
0.966750,-1.868927
0.967250,-2.676744
0.967750,-2.538100
0.968250,-2.718884
0.968750,-2.552334
0.969250,-2.340613
0.969750,-2.641329
0.970250,-2.923724
0.970750,-2.348700
0.971250,-3.160025
0.971750,-3.439019
0.972250,-2.942161
0.972750,-3.993283
0.973250,-3.865722
0.973750,-3.733143
0.974250,-3.182093
0.974750,-2.816838
0.975250,-3.140996
0.975750,-3.490579
0.976250,-3.295886
0.976750,-3.367483
0.977250,-3.626056
0.977750,-3.238646
0.978250,-3.316271
0.978750,-3.118665
0.979250,-3.179070
0.979750,-3.412209
0.980250,-3.394170
0.980750,-3.671653
0.981250,-3.075933
0.981750,-2.999553
0.982250,-2.876817
0.982750,-2.848157
0.983250,-3.393866
0.983750,-3.067263
0.984250,-2.718286
0.984750,-2.597424
0.985250,-3.040341
0.985750,-2.616399
0.986250,-2.166471
0.986750,-2.343261
0.987250,-2.785591
0.987750,-3.225643
0.988250,-2.734860
0.988750,-2.486937
0.989250,-2.516100
0.989750,-2.289078
0.990250,-1.948716
0.990750,-2.171165
0.991250,-2.459280
0.991750,-1.973212
0.992250,-2.002418
0.992750,-2.672251
0.993250,-2.566510
0.993750,-2.690238
0.994250,-2.649152
0.994750,-1.877125
0.995250,-2.330975
0.995750,-2.611653
0.996250,-2.002159
0.996750,-1.976527
0.997250,-2.198688
0.997750,-2.748993
0.998250,-2.437149
0.998750,-1.885372
0.999250,-1.924452
0.999750,-1.711344
