0.000250,0.122248
0.000750,0.077657
0.001250,0.073248
0.001750,-0.113057
0.002250,-0.124369
0.002750,0.048384
0.003250,0.124741
0.003750,0.103272
0.004250,0.310062
0.004750,0.562842
0.005250,0.769567
0.005750,0.677408
0.006250,0.624906
0.006750,0.666278
0.007250,0.732914
0.007750,0.758263
0.008250,0.767502
0.008750,0.670631
0.009250,0.483319
0.009750,0.442812
0.010250,0.464461
0.010750,0.583987
0.011250,0.812234
0.011750,0.930900
0.012250,0.895931
0.012750,0.880696
0.013250,0.910347
0.013750,1.025757
0.014250,1.083783
0.014750,1.350802
0.015250,1.491832
0.015750,1.749056
0.016250,1.723297
0.016750,1.810217
0.017250,1.923520
0.017750,1.714571
0.018250,1.545746
0.018750,1.627856
0.019250,1.623446
0.019750,1.631632
0.020250,1.703817
0.020750,1.677601
0.021250,1.713204
0.021750,1.652075
0.022250,1.484715
0.022750,1.460166
0.023250,1.275532
0.023750,1.232838
0.024250,1.146114
0.024750,1.224587
0.025250,1.258200
0.025750,1.290382
0.026250,1.525824
0.026750,1.610310
0.027250,1.518090
0.027750,1.620453
0.028250,1.574780
0.028750,1.533608
0.029250,1.514162
0.029750,1.526123
0.030250,1.512785
0.030750,1.738481
0.031250,1.852070
0.031750,1.803993
0.032250,1.992675
0.032750,2.154858
0.033250,2.220516
0.033750,2.153370
0.034250,2.194465
0.034750,2.153531
0.035250,1.894652
0.035750,1.935163
0.036250,1.882802
0.036750,1.737090
0.037250,1.873392
0.037750,1.837700
0.038250,1.685927
0.038750,1.771190
0.039250,1.848013
0.039750,1.719455
0.040250,1.717477
0.040750,1.853793
0.041250,1.582249
0.041750,1.485837
0.042250,1.364891
0.042750,1.108304
0.043250,1.183049
0.043750,1.004003
0.044250,0.715904
0.044750,0.758061
0.045250,0.926638
0.045750,1.086128
0.046250,0.940003
0.046750,1.030471
0.047250,1.189972
0.047750,1.069746
0.048250,1.249747
0.048750,1.109348
0.049250,1.228032
0.049750,1.027921
0.050250,1.211702
0.050750,1.095298
0.051250,1.133259
0.051750,1.166117
0.052250,0.920968
0.052750,1.294189
0.053250,1.207884
0.053750,1.434707
0.054250,1.216055
0.054750,1.456330
0.055250,1.451769
0.055750,1.780992
0.056250,1.860247
0.056750,1.867658
0.057250,1.772468
0.057750,1.954522
0.058250,1.846081
0.058750,1.825713
0.059250,1.523665
0.059750,1.748827
0.060250,1.361626
0.060750,1.438670
0.061250,1.549631
0.061750,1.236452
0.062250,1.204640
0.062750,1.353710
0.063250,1.269426
0.063750,1.450930
0.064250,1.376825
0.064750,1.624878
0.065250,1.453331
0.065750,1.166121
0.066250,1.209032
0.066750,1.088286
0.067250,1.018600
0.067750,0.844187
0.068250,0.985707
0.068750,0.917221
0.069250,0.647133
0.069750,0.447034
0.070250,0.297170
0.070750,0.382018
0.071250,0.463493
0.071750,0.384782
0.072250,0.298119
0.072750,0.178229
0.073250,0.472750
0.073750,0.639286
0.074250,0.584564
0.074750,0.835565
0.075250,0.682578
0.075750,0.775924
0.076250,0.620477
0.076750,0.531918
0.077250,0.448454
0.077750,0.548333
0.078250,0.595663
0.078750,0.587852
0.079250,0.639185
0.079750,0.392395
0.080250,0.424986
0.080750,0.458633
0.081250,0.588567
0.081750,0.872189
0.082250,0.683988
0.082750,0.686431
0.083250,0.878424
0.083750,1.002737
0.084250,0.841074
0.084750,1.213284
0.085250,1.535189
0.085750,0.981832
0.086250,1.237330
0.086750,1.112468
0.087250,1.146630
0.087750,1.243113
0.088250,1.143551
0.088750,1.128381
0.089250,0.960584
0.089750,0.979726
0.090250,1.030974
0.090750,0.585762
0.091250,0.817928
0.091750,0.385795
0.092250,0.708281
0.092750,0.703737
0.093250,0.549582
0.093750,0.558083
0.094250,0.476271
0.094750,0.358079
0.095250,0.523196
0.095750,0.540469
0.096250,0.921491
0.096750,0.681335
0.097250,0.579845
0.097750,0.368171
0.098250,0.436999
0.098750,0.450132
0.099250,0.128496
0.099750,0.004441
0.100250,0.047424
0.100750,-0.520103
0.101250,-0.288963
0.101750,-0.292135
0.102250,-0.600396
0.102750,-0.460632
0.103250,-0.558101
0.103750,-0.884370
0.104250,-0.829385
0.104750,-0.524837
0.105250,-0.749066
0.105750,-0.302515
0.106250,-0.813903
0.106750,-0.690044
0.107250,-0.643375
0.107750,-0.567203
0.108250,-0.274077
0.108750,-0.657508
0.109250,-0.525593
0.109750,-0.408975
0.110250,-0.856645
0.110750,-0.511567
0.111250,-0.395184
0.111750,-0.414999
0.112250,-0.506172
0.112750,-0.570346
0.113250,-0.966808
0.113750,-0.483305
0.114250,-0.767447
0.114750,-0.863129
0.115250,-0.672884
0.115750,-0.917544
0.116250,-0.761506
0.116750,-0.355565
0.117250,-0.560774
0.117750,-0.588247
0.118250,-0.431186
0.118750,-0.494065
0.119250,-0.175132
0.119750,0.031385
0.120250,-0.184454
0.120750,0.195972
0.121250,-0.231465
0.121750,-0.031944
0.122250,-0.124010
0.122750,0.027579
0.123250,-0.261736
0.123750,-0.151022
0.124250,-0.449866
0.124750,-0.313284
0.125250,-0.317242
0.125750,-0.288711
0.126250,-0.537436
0.126750,-0.385388
0.127250,-0.786727
0.127750,-0.786620
0.128250,-0.646565
0.128750,-0.874830
0.129250,-0.594595
0.129750,-0.702261
0.130250,-0.855061
0.130750,-1.134031
0.131250,-1.064992
0.131750,-1.112421
0.132250,-0.844109
0.132750,-0.887176
0.133250,-1.191070
0.133750,-0.725936
0.134250,-0.964560
0.134750,-1.379616
0.135250,-0.750840
0.135750,-1.003185
0.136250,-1.321693
0.136750,-1.349376
0.137250,-1.529079
0.137750,-1.491737
0.138250,-1.466437
0.138750,-1.551512
0.139250,-1.791845
0.139750,-1.898906
0.140250,-1.849840
0.140750,-1.923085
0.141250,-2.219093
0.141750,-1.962479
0.142250,-2.413554
0.142750,-2.120668
0.143250,-2.112073
0.143750,-2.649511
0.144250,-2.214867
0.144750,-2.150644
0.145250,-2.365182
0.145750,-2.491026
0.146250,-2.161551
0.146750,-2.043888
0.147250,-1.959774
0.147750,-1.792697
0.148250,-2.204521
0.148750,-1.976510
0.149250,-1.887785
0.149750,-2.012364
0.150250,-2.416288
0.150750,-1.990861
0.151250,-2.153909
0.151750,-2.050433
0.152250,-1.898495
0.152750,-1.846274
0.153250,-2.177564
0.153750,-2.380455
0.154250,-2.351249
0.154750,-2.555245
0.155250,-2.432991
0.155750,-2.250592
0.156250,-2.228614
0.156750,-2.091789
0.157250,-2.116952
0.157750,-1.891180
0.158250,-1.969948
0.158750,-2.029324
0.159250,-1.731489
0.159750,-2.009674
0.160250,-1.595019
0.160750,-1.525892
0.161250,-1.297839
0.161750,-1.689418
0.162250,-1.208940
0.162750,-1.286812
0.163250,-1.205045
0.163750,-1.406091
0.164250,-1.413636
0.164750,-1.788371
0.165250,-1.463048
0.165750,-1.376841
0.166250,-1.614258
0.166750,-1.197707
0.167250,-1.117165
0.167750,-1.142804
0.168250,-1.609020
0.168750,-1.411450
0.169250,-1.385379
0.169750,-1.809250
0.170250,-1.628317
0.170750,-1.728414
0.171250,-1.950478
0.171750,-1.965087
0.172250,-1.523433
0.172750,-1.630955
0.173250,-1.778317
0.173750,-1.904691
0.174250,-1.932026
0.174750,-1.892428
0.175250,-1.833620
0.175750,-1.439453
0.176250,-2.092309
0.176750,-1.923880
0.177250,-1.562414
0.177750,-1.600963
0.178250,-1.874680
0.178750,-1.867106
0.179250,-1.511031
0.179750,-1.717360
0.180250,-1.958557
0.180750,-2.002172
0.181250,-1.631336
0.181750,-1.861092
0.182250,-2.023365
0.182750,-1.956117
0.183250,-2.434141
0.183750,-2.442400
0.184250,-2.607864
0.184750,-2.394525
0.185250,-2.518253
0.185750,-2.672226
0.186250,-2.844890
0.186750,-2.434989
0.187250,-2.802910
0.187750,-3.018413
0.188250,-2.296882
0.188750,-2.971668
0.189250,-2.689934
0.189750,-2.438829
0.190250,-2.622396
0.190750,-2.884994
0.191250,-2.793931
0.191750,-2.397470
0.192250,-2.766886
0.192750,-2.836991
0.193250,-2.459959
0.193750,-2.455717
0.194250,-2.174055
0.194750,-2.236343
0.195250,-1.879703
0.195750,-2.302341
0.196250,-2.487949
0.196750,-2.212415
0.197250,-2.202899
0.197750,-2.073275
0.198250,-2.407453
0.198750,-2.263486
0.199250,-1.956443
0.199750,-2.037089
0.200250,-1.896258
0.200750,-1.850860
0.201250,-2.004925
0.201750,-2.255008
0.202250,-2.204154
0.202750,-2.059927
0.203250,-2.116692
0.203750,-2.480727
0.204250,-2.056267
0.204750,-1.856747
0.205250,-1.833637
0.205750,-1.455954
0.206250,-1.470051
0.206750,-1.258744
0.207250,-1.482949
0.207750,-1.658832
0.208250,-1.313947
0.208750,-1.081056
0.209250,-1.041933
0.209750,-0.995359
0.210250,-0.453871
0.210750,-0.914129
0.211250,-0.713151
0.211750,-0.524501
0.212250,-0.705154
0.212750,-0.872350
0.213250,-0.969176
0.213750,-0.634624
0.214250,-0.574394
0.214750,-1.020496
0.215250,-0.685160
0.215750,-0.925817
0.216250,-0.708502
0.216750,-1.122245
0.217250,-1.127490
0.217750,-0.819720
0.218250,-1.488311
0.218750,-0.813467
0.219250,-1.075321
0.219750,-0.801634
0.220250,-1.097079
0.220750,-1.118053
0.221250,-1.198096
0.221750,-1.236755
0.222250,-1.008448
0.222750,-1.273444
0.223250,-1.145279
0.223750,-0.878787
0.224250,-1.385004
0.224750,-1.364282
0.225250,-1.314317
0.225750,-1.380971
0.226250,-1.085606
0.226750,-0.875503
0.227250,-0.565987
0.227750,-0.578958
0.228250,-0.941383
0.228750,-1.139002
0.229250,-0.916935
0.229750,-0.933811
0.230250,-1.256853
0.230750,-1.349914
0.231250,-1.153744
0.231750,-1.136794
0.232250,-1.204837
0.232750,-1.636677
0.233250,-1.468960
0.233750,-1.197629
0.234250,-1.800170
0.234750,-2.038961
0.235250,-1.385685
0.235750,-2.058008
0.236250,-2.074154
0.236750,-2.184600
0.237250,-1.867625
0.237750,-2.143238
0.238250,-2.201521
0.238750,-2.047184
0.239250,-2.060564
0.239750,-1.949815
0.240250,-1.747104
0.240750,-2.089642
0.241250,-2.112585
0.241750,-1.794242
0.242250,-1.752828
0.242750,-2.347200
0.243250,-1.983532
0.243750,-1.809648
0.244250,-1.900355
0.244750,-1.601836
0.245250,-1.467443
0.245750,-0.976513
0.246250,-1.159205
0.246750,-1.230952
0.247250,-1.087063
0.247750,-1.571793
0.248250,-1.418809
0.248750,-1.671134
0.249250,-1.430613
0.249750,-1.299562
0.250250,-1.057517
0.250750,-1.610431
0.251250,-1.499705
0.251750,-1.456507
0.252250,-1.261667
0.252750,-1.138027
0.253250,-1.182440
0.253750,-1.611009
0.254250,-0.891325
0.254750,-1.414991
0.255250,-1.708971
0.255750,-1.041499
0.256250,-1.395997
0.256750,-1.593549
0.257250,-1.220504
0.257750,-0.697762
0.258250,-0.774356
0.258750,-1.247973
0.259250,-0.994090
0.259750,-0.684900
0.260250,-0.432866
0.260750,-0.493748
0.261250,-0.506438
0.261750,-0.235094
0.262250,0.027769
0.262750,-0.308192
0.263250,-0.383531
0.263750,-0.221897
0.264250,0.101185
0.264750,-0.199290
0.265250,-0.049274
0.265750,-0.260643
0.266250,0.303704
0.266750,0.405002
0.267250,0.289692
0.267750,0.042373
0.268250,0.356405
0.268750,0.196701
0.269250,0.294188
0.269750,0.031558
0.270250,0.379116
0.270750,0.242143
0.271250,-0.617324
0.271750,-0.059284
0.272250,-0.366220
0.272750,0.000128
0.273250,-0.141906
0.273750,-0.408925
0.274250,0.179366
0.274750,0.055640
0.275250,-0.149098
0.275750,-0.312493
0.276250,-0.268322
0.276750,-0.488122
0.277250,-0.321929
0.277750,0.101596
0.278250,-0.474004
0.278750,0.063229
0.279250,0.207006
0.279750,-0.148378
0.280250,-0.075174
0.280750,-0.434688
0.281250,0.214118
0.281750,-0.137760
0.282250,0.153004
0.282750,-0.025961
0.283250,-0.046494
0.283750,0.061232
0.284250,0.266152
0.284750,-0.428864
0.285250,-0.102159
0.285750,0.060420
0.286250,0.145191
0.286750,-0.067985
0.287250,-0.132878
0.287750,-0.230627
0.288250,-0.115507
0.288750,-0.426535
0.289250,-0.810515
0.289750,-0.067796
0.290250,-0.726041
0.290750,-0.662735
0.291250,-0.332866
0.291750,-0.518658
0.292250,-0.564518
0.292750,-0.544722
0.293250,-0.939021
0.293750,-1.039744
0.294250,-1.222184
0.294750,-0.996028
0.295250,-0.579505
0.295750,-0.902408
0.296250,-0.991400
0.296750,-1.140119
0.297250,-1.152397
0.297750,-1.049543
0.298250,-0.690330
0.298750,-0.910762
0.299250,-0.483412
0.299750,-0.491566
0.300250,-1.243109
0.300750,-1.271324
0.301250,-0.431514
0.301750,-0.477846
0.302250,-0.691702
0.302750,-0.486016
0.303250,-0.285097
0.303750,-0.058382
0.304250,-0.405551
0.304750,-0.181919
0.305250,-0.163262
0.305750,0.020640
0.306250,0.112475
0.306750,0.076930
0.307250,0.031063
0.307750,0.060297
0.308250,-0.302105
0.308750,0.134202
0.309250,-0.368901
0.309750,-0.140788
0.310250,-0.131655
0.310750,-0.262119
0.311250,-0.383907
0.311750,-0.265701
0.312250,-0.161319
0.312750,0.280675
0.313250,0.394182
0.313750,-0.332702
0.314250,0.184772
0.314750,-0.012550
0.315250,0.405930
0.315750,0.401804
0.316250,0.034686
0.316750,0.010708
0.317250,0.455289
0.317750,0.482751
0.318250,0.501069
0.318750,0.341869
0.319250,0.389612
0.319750,0.477600
0.320250,0.573974
0.320750,0.383549
0.321250,1.057077
0.321750,0.951790
0.322250,1.625277
0.322750,1.502776
0.323250,1.223568
0.323750,1.681539
0.324250,1.658960
0.324750,1.618195
0.325250,1.652343
0.325750,1.748490
0.326250,1.506783
0.326750,1.635802
0.327250,1.820594
0.327750,1.616597
0.328250,1.889014
0.328750,1.934162
0.329250,1.793036
0.329750,1.780316
0.330250,1.440256
0.330750,1.751507
0.331250,1.757132
0.331750,1.974984
0.332250,1.613831
0.332750,1.467680
0.333250,1.989586
0.333750,2.334570
0.334250,1.463741
0.334750,2.009531
0.335250,1.628824
0.335750,1.301057
0.336250,1.225956
0.336750,1.851049
0.337250,1.583865
0.337750,1.788317
0.338250,1.784038
0.338750,1.821035
0.339250,1.532778
0.339750,1.412326
0.340250,1.524134
0.340750,1.438471
0.341250,1.715909
0.341750,1.843794
0.342250,1.211932
0.342750,1.819458
0.343250,1.398638
0.343750,1.720720
0.344250,1.614047
0.344750,1.485025
0.345250,1.613146
0.345750,1.698259
0.346250,2.453306
0.346750,1.955183
0.347250,1.711740
0.347750,2.080322
0.348250,2.011984
0.348750,1.526945
0.349250,1.330841
0.349750,1.459732
0.350250,1.634852
0.350750,1.555341
0.351250,1.875769
0.351750,1.929055
0.352250,1.080667
0.352750,1.866738
0.353250,1.877974
0.353750,1.065953
0.354250,1.636139
0.354750,1.613051
0.355250,1.542811
0.355750,1.390154
0.356250,1.321347
0.356750,1.005103
0.357250,1.086319
0.357750,1.348523
0.358250,1.386350
0.358750,1.010328
0.359250,0.817509
0.359750,0.746317
0.360250,1.295756
0.360750,1.168221
0.361250,1.338216
0.361750,1.020411
0.362250,1.114221
0.362750,1.212736
0.363250,1.718125
0.363750,1.117100
0.364250,0.907826
0.364750,1.604233
0.365250,1.451547
0.365750,1.503240
0.366250,1.868939
0.366750,1.626038
0.367250,1.703252
0.367750,2.107279
0.368250,2.325970
0.368750,1.817907
0.369250,2.278187
0.369750,2.041397
0.370250,2.504719
0.370750,2.439321
0.371250,2.239418
0.371750,2.195825
0.372250,2.010248
0.372750,2.099663
0.373250,2.379518
0.373750,2.406493
0.374250,2.099377
0.374750,2.212213
0.375250,2.291962
0.375750,2.396375
0.376250,2.613171
0.376750,1.903631
0.377250,2.341114
0.377750,2.479652
0.378250,2.377873
0.378750,2.673264
0.379250,2.605722
0.379750,2.425360
0.380250,2.060716
0.380750,2.770776
0.381250,2.115171
0.381750,2.053256
0.382250,2.884220
0.382750,3.111188
0.383250,3.198834
0.383750,3.193284
0.384250,2.442842
0.384750,2.865281
0.385250,2.718707
0.385750,3.567619
0.386250,3.174762
0.386750,3.211277
0.387250,2.918744
0.387750,3.939386
0.388250,3.835224
0.388750,3.462896
0.389250,3.387639
0.389750,3.571497
0.390250,3.985063
0.390750,4.151156
0.391250,4.054759
0.391750,4.045159
0.392250,3.903590
0.392750,3.747995
0.393250,4.455820
0.393750,4.385147
0.394250,4.088837
0.394750,4.265092
0.395250,4.448343
0.395750,4.460580
0.396250,4.157850
0.396750,4.099325
0.397250,4.044235
0.397750,3.985062
0.398250,3.797817
0.398750,4.267349
0.399250,4.337338
0.399750,4.436337
0.400250,3.759003
0.400750,4.462270
0.401250,4.734822
0.401750,4.558265
0.402250,4.264022
0.402750,4.436783
0.403250,4.110006
0.403750,4.203849
0.404250,3.853597
0.404750,3.809639
0.405250,3.699595
0.405750,3.626177
0.406250,4.005603
0.406750,4.537021
0.407250,4.127903
0.407750,3.812908
0.408250,3.763668
0.408750,3.838843
0.409250,4.466532
0.409750,4.025259
0.410250,3.711443
0.410750,3.809280
0.411250,3.927605
0.411750,3.750218
0.412250,3.843585
0.412750,4.112521
0.413250,3.645874
0.413750,4.112150
0.414250,4.859361
0.414750,4.436618
0.415250,4.192110
0.415750,3.956460
0.416250,4.337612
0.416750,4.652389
0.417250,4.067574
0.417750,3.881071
0.418250,3.588579
0.418750,3.648129
0.419250,4.294286
0.419750,3.851609
0.420250,3.636554
0.420750,3.368107
0.421250,3.672512
0.421750,3.038633
0.422250,4.375739
0.422750,3.504340
0.423250,3.144763
0.423750,3.205009
0.424250,3.269353
0.424750,3.261549
0.425250,3.209635
0.425750,2.998354
0.426250,2.451640
0.426750,2.728314
0.427250,2.896722
0.427750,3.298884
0.428250,3.006511
0.428750,2.742328
0.429250,2.381714
0.429750,2.329783
0.430250,2.857810
0.430750,2.908162
0.431250,3.157169
0.431750,3.193024
0.432250,3.092678
0.432750,3.522088
0.433250,3.314404
0.433750,3.598090
0.434250,3.007523
0.434750,2.763172
0.435250,2.528438
0.435750,3.090172
0.436250,2.958466
0.436750,3.102012
0.437250,3.110779
0.437750,2.915559
0.438250,3.635371
0.438750,3.595921
0.439250,4.044208
0.439750,3.685708
0.440250,3.377025
0.440750,3.244861
0.441250,4.079367
0.441750,3.637925
0.442250,3.373181
0.442750,3.236070
0.443250,3.300358
0.443750,3.803005
0.444250,3.993964
0.444750,3.767717
0.445250,3.406044
0.445750,3.265376
0.446250,3.240238
0.446750,3.492240
0.447250,3.919135
0.447750,3.298431
0.448250,3.243521
0.448750,3.692422
0.449250,3.833897
0.449750,3.828105
0.450250,4.027599
0.450750,3.216145
0.451250,3.480395
0.451750,3.827770
0.452250,3.478132
0.452750,3.724212
0.453250,3.663298
0.453750,3.048176
0.454250,2.845826
0.454750,4.089607
0.455250,3.417903
0.455750,3.880280
0.456250,3.737733
0.456750,3.516329
0.457250,3.725674
0.457750,3.775901
0.458250,3.957969
0.458750,3.958702
0.459250,4.052165
0.459750,4.245494
0.460250,4.507401
0.460750,4.545442
0.461250,4.427402
0.461750,4.202041
0.462250,4.395217
0.462750,4.531392
0.463250,4.460235
0.463750,4.475364
0.464250,5.158452
0.464750,4.840628
0.465250,4.444271
0.465750,5.436212
0.466250,4.979073
0.466750,5.229625
0.467250,4.680652
0.467750,4.747022
0.468250,4.603849
0.468750,4.668145
0.469250,4.951141
0.469750,4.336614
0.470250,4.323207
0.470750,3.832748
0.471250,5.129008
0.471750,4.867321
0.472250,4.451638
0.472750,4.896872
0.473250,4.556944
0.473750,4.683842
0.474250,4.852762
0.474750,4.845493
0.475250,4.232040
0.475750,4.173584
0.476250,4.660403
0.476750,4.175066
0.477250,4.020162
0.477750,3.747223
0.478250,3.793608
0.478750,4.546654
0.479250,4.008124
0.479750,3.793457
0.480250,3.808117
0.480750,4.027781
0.481250,3.978456
0.481750,4.092813
0.482250,3.947986
0.482750,3.929448
0.483250,3.997304
0.483750,4.280226
0.484250,4.144898
0.484750,3.875195
0.485250,4.107805
0.485750,4.009922
0.486250,4.115605
0.486750,4.050001
0.487250,3.940323
0.487750,3.998388
0.488250,3.688844
0.488750,4.094513
0.489250,4.435596
0.489750,3.905296
0.490250,3.663958
0.490750,4.040487
0.491250,4.194624
0.491750,4.039639
0.492250,4.362046
0.492750,3.925595
0.493250,3.251900
0.493750,3.573988
0.494250,3.964118
0.494750,3.041348
0.495250,3.472685
0.495750,3.482748
0.496250,3.370384
0.496750,3.976970
0.497250,3.573013
0.497750,3.051351
0.498250,3.154966
0.498750,2.866443
0.499250,2.522975
0.499750,3.266217
0.500250,2.665368
0.500750,2.421544
0.501250,2.272437
0.501750,2.053668
0.502250,2.505989
0.502750,2.507281
0.503250,2.603156
0.503750,2.596201
0.504250,2.447922
0.504750,1.945754
0.505250,2.675979
0.505750,2.636264
0.506250,2.103931
0.506750,2.363810
0.507250,3.015120
0.507750,2.715740
0.508250,2.165729
0.508750,2.490383
0.509250,2.966541
0.509750,2.521105
0.510250,2.356010
0.510750,2.458223
0.511250,2.370617
0.511750,2.128065
0.512250,2.562013
0.512750,2.418549
0.513250,2.512728
0.513750,2.037757
0.514250,2.473845
0.514750,3.021530
0.515250,2.765414
0.515750,2.616940
0.516250,3.298703
0.516750,2.475836
0.517250,2.645552
0.517750,3.234029
0.518250,2.806937
0.518750,3.399757
0.519250,3.005446
0.519750,2.813577
0.520250,2.727938
0.520750,2.649803
0.521250,3.192125
0.521750,2.782813
0.522250,2.830164
0.522750,2.676593
0.523250,2.714894
0.523750,3.232400
0.524250,3.030284
0.524750,2.764647
0.525250,2.762682
0.525750,2.753405
0.526250,2.411630
0.526750,2.783180
0.527250,2.237738
0.527750,2.580446
0.528250,1.891954
0.528750,2.127441
0.529250,2.654366
0.529750,2.769842
0.530250,3.045778
0.530750,2.975662
0.531250,2.876094
0.531750,2.568445
0.532250,2.769687
0.532750,2.484440
0.533250,2.799097
0.533750,2.697057
0.534250,3.026792
0.534750,3.137882
0.535250,3.259972
0.535750,3.096229
0.536250,2.745037
0.536750,3.223923
0.537250,2.812790
0.537750,3.334444
0.538250,3.066513
0.538750,3.864231
0.539250,3.574758
0.539750,3.346858
0.540250,3.657521
0.540750,3.868893
0.541250,3.618525
0.541750,4.047733
0.542250,4.586873
0.542750,3.579508
0.543250,3.886553
0.543750,3.664100
0.544250,3.823979
0.544750,4.346985
0.545250,3.737458
0.545750,4.096726
0.546250,3.532827
0.546750,3.382370
0.547250,3.907357
0.547750,3.814066
0.548250,4.258765
0.548750,3.674579
0.549250,3.844418
0.549750,3.485171
0.550250,3.216280
0.550750,3.996549
0.551250,3.787249
0.551750,3.539094
0.552250,3.406068
0.552750,3.314149
0.553250,3.262695
0.553750,3.415819
0.554250,3.557888
0.554750,3.183231
0.555250,3.166940
0.555750,3.238314
0.556250,3.372619
0.556750,3.163359
0.557250,3.196195
0.557750,3.244960
0.558250,3.317343
0.558750,3.207923
0.559250,2.918619
0.559750,3.259124
0.560250,3.246877
0.560750,2.988792
0.561250,3.425575
0.561750,3.100785
0.562250,3.206788
0.562750,3.183124
0.563250,3.033243
0.563750,2.958477
0.564250,2.735561
0.564750,2.343933
0.565250,3.124516
0.565750,2.561147
0.566250,3.003543
0.566750,3.350078
0.567250,2.972166
0.567750,3.015357
0.568250,3.099275
0.568750,3.295073
0.569250,3.393448
0.569750,3.016445
0.570250,2.850688
0.570750,2.925216
0.571250,2.847299
0.571750,2.627213
0.572250,3.263068
0.572750,3.378458
0.573250,2.726500
0.573750,2.878565
0.574250,2.991218
0.574750,2.508890
0.575250,2.778256
0.575750,2.321632
0.576250,1.872447
0.576750,1.899765
0.577250,1.795954
0.577750,1.981500
0.578250,2.051227
0.578750,2.441667
0.579250,2.568353
0.579750,2.386319
0.580250,1.893222
0.580750,2.000382
0.581250,1.272919
0.581750,1.943094
0.582250,1.405966
0.582750,1.346999
0.583250,1.735002
0.583750,1.008095
0.584250,0.599830
0.584750,1.521531
0.585250,1.557921
0.585750,1.203954
0.586250,1.360747
0.586750,1.161201
0.587250,1.514532
0.587750,1.660449
0.588250,1.671347
0.588750,1.263119
0.589250,0.485178
0.589750,1.750222
0.590250,1.050787
0.590750,0.656253
0.591250,1.277064
0.591750,1.471375
0.592250,1.225508
0.592750,1.138454
0.593250,1.119820
0.593750,1.064956
0.594250,0.963700
0.594750,1.618017
0.595250,1.805601
0.595750,1.707777
0.596250,1.508788
0.596750,1.261593
0.597250,1.602657
0.597750,2.138244
0.598250,1.295056
0.598750,1.515852
0.599250,1.137991
0.599750,1.404020
0.600250,1.711327
0.600750,1.558753
0.601250,1.781235
0.601750,1.436324
0.602250,1.974929
0.602750,1.425799
0.603250,1.781187
0.603750,1.698680
0.604250,1.850404
0.604750,1.760784
0.605250,1.159108
0.605750,1.176449
0.606250,1.522046
0.606750,1.698342
0.607250,1.735423
0.607750,2.003517
0.608250,1.382569
0.608750,1.081370
0.609250,1.770675
0.609750,1.742248
0.610250,1.879304
0.610750,1.644472
0.611250,1.454994
0.611750,1.538615
0.612250,1.178101
0.612750,1.336576
0.613250,0.859291
0.613750,1.708006
0.614250,1.716108
0.614750,1.966038
0.615250,1.616000
0.615750,1.207361
0.616250,1.595474
0.616750,0.894804
0.617250,1.649662
0.617750,1.615620
0.618250,1.533289
0.618750,1.289262
0.619250,1.157550
0.619750,1.261772
0.620250,1.676655
0.620750,1.719629
0.621250,1.628861
0.621750,2.089472
0.622250,2.315744
0.622750,2.561013
0.623250,2.358709
0.623750,2.346331
0.624250,2.726716
0.624750,1.891882
0.625250,2.612620
0.625750,2.369859
0.626250,2.438842
0.626750,2.741713
0.627250,2.625324
0.627750,2.137277
0.628250,2.332506
0.628750,2.420389
0.629250,2.255801
0.629750,2.505933
0.630250,3.056799
0.630750,2.513801
0.631250,2.297497
0.631750,2.446996
0.632250,2.195393
0.632750,2.171297
0.633250,3.160632
0.633750,2.202433
0.634250,2.278710
0.634750,1.707100
0.635250,2.115207
0.635750,2.379508
0.636250,2.961990
0.636750,2.529659
0.637250,2.743978
0.637750,2.456960
0.638250,2.142643
0.638750,2.483165
0.639250,1.922126
0.639750,2.546086
0.640250,2.607688
0.640750,2.175584
0.641250,2.007899
0.641750,1.249844
0.642250,1.028436
0.642750,1.521894
0.643250,1.597833
0.643750,2.151202
0.644250,1.533868
0.644750,1.601449
0.645250,1.711849
0.645750,1.634128
0.646250,1.785105
0.646750,1.897957
0.647250,1.393065
0.647750,1.346498
0.648250,1.795526
0.648750,1.640678
0.649250,0.923413
0.649750,1.739624
0.650250,1.022462
0.650750,1.270012
0.651250,1.118116
0.651750,0.999452
0.652250,1.371200
0.652750,1.929132
0.653250,1.335360
0.653750,1.320011
0.654250,1.689172
0.654750,1.357278
0.655250,1.131916
0.655750,1.592570
0.656250,1.866823
0.656750,2.031477
0.657250,1.808373
0.657750,1.641958
0.658250,1.606903
0.658750,1.425639
0.659250,0.491462
0.659750,0.754496
0.660250,1.214290
0.660750,0.857055
0.661250,0.649259
0.661750,1.192532
0.662250,1.165153
0.662750,0.532437
0.663250,1.381594
0.663750,1.112684
0.664250,0.656057
0.664750,1.232895
0.665250,0.604312
0.665750,1.018895
0.666250,0.679876
0.666750,0.214248
0.667250,0.454133
0.667750,0.395637
0.668250,-0.260481
0.668750,-0.390142
0.669250,0.673585
0.669750,0.033466
0.670250,-0.062818
0.670750,-0.592194
0.671250,-0.760589
0.671750,-0.440225
0.672250,-0.733690
0.672750,-0.398676
0.673250,-0.802285
0.673750,-0.268970
0.674250,-0.553353
0.674750,-0.425121
0.675250,-0.682012
0.675750,-1.513733
0.676250,-0.630174
0.676750,-0.748431
0.677250,-0.705549
0.677750,-0.721247
0.678250,-0.783824
0.678750,-0.669082
0.679250,-0.678928
0.679750,-1.015321
0.680250,-0.372633
0.680750,-1.183441
0.681250,-0.139430
0.681750,-0.396912
0.682250,-0.969890
0.682750,-0.628932
0.683250,-0.331948
0.683750,0.078499
0.684250,0.353845
0.684750,-0.528381
0.685250,-0.571435
0.685750,-0.675763
0.686250,-0.492022
0.686750,-0.470129
0.687250,-0.605274
0.687750,0.129188
0.688250,-0.422321
0.688750,-0.156220
0.689250,-0.941117
0.689750,-0.368614
0.690250,-0.051060
0.690750,-0.259465
0.691250,0.031957
0.691750,-0.047684
0.692250,-0.756279
0.692750,-0.712209
0.693250,0.025737
0.693750,0.094090
0.694250,0.225662
0.694750,-0.277733
0.695250,-1.120753
0.695750,-0.259064
0.696250,-0.542233
0.696750,-0.193270
0.697250,-0.119622
0.697750,-0.201845
0.698250,-0.164308
0.698750,-0.567431
0.699250,-0.494632
0.699750,-0.578688
0.700250,-0.235920
0.700750,-0.459135
0.701250,-0.267252
0.701750,-0.694682
0.702250,-1.089433
0.702750,-0.970848
0.703250,-1.081516
0.703750,-1.223838
0.704250,-0.575540
0.704750,-0.503227
0.705250,-0.938893
0.705750,-1.200050
0.706250,-1.004967
0.706750,-1.539651
0.707250,-0.438909
0.707750,-1.382009
0.708250,-0.905038
0.708750,-0.351448
0.709250,-0.218581
0.709750,-0.440739
0.710250,-0.817448
0.710750,-0.601632
0.711250,-0.008866
0.711750,-0.498892
0.712250,-0.586284
0.712750,-1.006656
0.713250,-0.924777
0.713750,-0.484687
0.714250,0.082734
0.714750,-0.958613
0.715250,-1.010511
0.715750,-0.292555
0.716250,-0.218110
0.716750,-0.829708
0.717250,0.344219
0.717750,-0.519747
0.718250,0.477093
0.718750,0.325202
0.719250,0.457765
0.719750,-0.138684
0.720250,0.677181
0.720750,0.090320
0.721250,0.190021
0.721750,0.416849
0.722250,0.398828
0.722750,-0.211186
0.723250,0.045677
0.723750,0.365603
0.724250,-0.228466
0.724750,-0.661355
0.725250,0.197172
0.725750,-0.086197
0.726250,-0.045997
0.726750,-0.391912
0.727250,-0.310350
0.727750,0.035616
0.728250,0.020962
0.728750,0.005471
0.729250,0.022873
0.729750,0.178886
0.730250,-0.695115
0.730750,-0.563029
0.731250,-0.935397
0.731750,-0.352044
0.732250,-0.790535
0.732750,-0.470393
0.733250,-0.081013
0.733750,-1.493379
0.734250,-1.080395
0.734750,-1.058362
0.735250,-0.713705
0.735750,-0.905535
0.736250,-0.970986
0.736750,-1.145838
0.737250,-0.925763
0.737750,-0.549322
0.738250,-0.954722
0.738750,-1.024432
0.739250,-1.028723
0.739750,-1.291567
0.740250,-1.227543
0.740750,-0.749035
0.741250,-1.087759
0.741750,-0.972874
0.742250,-0.896998
0.742750,-0.298862
0.743250,-1.448861
0.743750,-0.807078
0.744250,-1.469083
0.744750,-1.303304
0.745250,-1.279612
0.745750,-1.264329
0.746250,-1.112744
0.746750,-1.185710
0.747250,-1.197344
0.747750,-1.431331
0.748250,-2.054523
0.748750,-0.512399
0.749250,-1.135299
0.749750,-1.105024
0.750250,-1.733734
0.750750,-1.191559
0.751250,-1.505372
0.751750,-1.779012
0.752250,-1.350104
0.752750,-1.706239
0.753250,-1.801119
0.753750,-1.764558
0.754250,-1.997963
0.754750,-1.688049
0.755250,-1.572764
0.755750,-2.299149
0.756250,-2.254267
0.756750,-1.479190
0.757250,-1.935966
0.757750,-2.451090
0.758250,-2.284274
0.758750,-2.308961
0.759250,-2.393270
0.759750,-2.454592
0.760250,-2.103778
0.760750,-2.018039
0.761250,-2.235836
0.761750,-2.296218
0.762250,-2.270532
0.762750,-2.511339
0.763250,-2.728455
0.763750,-2.720139
0.764250,-3.078178
0.764750,-2.581875
0.765250,-3.392675
0.765750,-2.908464
0.766250,-3.439071
0.766750,-3.274480
0.767250,-3.158204
0.767750,-3.143096
0.768250,-3.358189
0.768750,-3.343838
0.769250,-3.548238
0.769750,-3.065521
0.770250,-3.533047
0.770750,-3.310892
0.771250,-2.805281
0.771750,-3.100913
0.772250,-3.193282
0.772750,-3.236596
0.773250,-3.317375
0.773750,-2.912402
0.774250,-3.110137
0.774750,-3.263419
0.775250,-2.815425
0.775750,-3.820344
0.776250,-3.870728
0.776750,-3.652157
0.777250,-3.677343
0.777750,-3.538475
0.778250,-3.270088
0.778750,-3.700312
0.779250,-3.057630
0.779750,-3.169692
0.780250,-3.278157
0.780750,-3.426797
0.781250,-3.741837
0.781750,-3.357313
0.782250,-2.736873
0.782750,-2.371758
0.783250,-2.435071
0.783750,-2.370220
0.784250,-2.534112
0.784750,-3.117283
0.785250,-2.140268
0.785750,-2.702003
0.786250,-2.571382
0.786750,-3.094250
0.787250,-3.112301
0.787750,-3.262994
0.788250,-3.220484
0.788750,-2.806292
0.789250,-2.864295
0.789750,-2.989049
0.790250,-2.534221
0.790750,-2.901593
0.791250,-3.101037
0.791750,-3.603985
0.792250,-3.609040
0.792750,-2.923905
0.793250,-2.427090
0.793750,-3.194996
0.794250,-2.650587
0.794750,-2.629315
0.795250,-3.466404
0.795750,-3.234662
0.796250,-3.150350
0.796750,-3.016527
0.797250,-3.061704
0.797750,-2.854237
0.798250,-2.647803
0.798750,-3.346071
0.799250,-3.876439
0.799750,-3.447218
0.800250,-3.128093
0.800750,-3.144344
0.801250,-3.673546
0.801750,-2.953456
0.802250,-3.065040
0.802750,-3.624280
0.803250,-3.134939
0.803750,-3.634691
0.804250,-3.215815
0.804750,-3.513291
0.805250,-2.938847
0.805750,-3.438638
0.806250,-2.816639
0.806750,-2.335504
0.807250,-2.806503
0.807750,-2.431715
0.808250,-3.340496
0.808750,-2.612206
0.809250,-2.820605
0.809750,-3.283285
0.810250,-2.372601
0.810750,-2.511121
0.811250,-1.854176
0.811750,-2.518829
0.812250,-2.309205
0.812750,-2.228828
0.813250,-1.708557
0.813750,-2.182140
0.814250,-2.685516
0.814750,-2.382611
0.815250,-2.253652
0.815750,-2.133308
0.816250,-2.016202
0.816750,-2.204222
0.817250,-1.727494
0.817750,-1.891492
0.818250,-1.755782
0.818750,-1.776542
0.819250,-2.102487
0.819750,-1.960226
0.820250,-1.440408
0.820750,-1.265343
0.821250,-2.226792
0.821750,-2.411060
0.822250,-1.830507
0.822750,-1.570506
0.823250,-1.425125
0.823750,-1.702253
0.824250,-2.143953
0.824750,-1.898974
0.825250,-2.217698
0.825750,-1.995092
0.826250,-1.678592
0.826750,-1.541236
0.827250,-1.627178
0.827750,-2.399683
0.828250,-2.119538
0.828750,-1.988211
0.829250,-2.210596
0.829750,-2.520850
0.830250,-1.969229
0.830750,-2.678253
0.831250,-2.645454
0.831750,-2.867969
0.832250,-3.196266
0.832750,-2.344477
0.833250,-2.619539
0.833750,-2.689388
0.834250,-2.415777
0.834750,-2.144561
0.835250,-1.993293
0.835750,-2.689566
0.836250,-2.309897
0.836750,-2.816852
0.837250,-1.928538
0.837750,-2.162820
0.838250,-2.409886
0.838750,-2.374842
0.839250,-3.088298
0.839750,-2.398140
0.840250,-2.761854
0.840750,-2.316563
0.841250,-2.795471
0.841750,-3.090961
0.842250,-2.872615
0.842750,-2.161673
0.843250,-2.996222
0.843750,-2.535168
0.844250,-2.182739
0.844750,-2.706276
0.845250,-2.600749
0.845750,-1.923168
0.846250,-2.460259
0.846750,-2.765630
0.847250,-2.370690
0.847750,-3.148713
0.848250,-3.079815
0.848750,-2.965432
0.849250,-2.340960
0.849750,-2.121976
0.850250,-1.986740
0.850750,-2.735438
0.851250,-2.830744
0.851750,-3.142977
0.852250,-2.481294
0.852750,-2.380956
0.853250,-2.154896
0.853750,-2.906098
0.854250,-2.376536
0.854750,-3.074590
0.855250,-3.065940
0.855750,-3.043230
0.856250,-3.030187
0.856750,-3.139493
0.857250,-3.314347
0.857750,-3.324358
0.858250,-3.926851
0.858750,-3.504640
0.859250,-2.798738
0.859750,-3.448047
0.860250,-2.366434
0.860750,-4.044943
0.861250,-2.795670
0.861750,-3.188150
0.862250,-4.142983
0.862750,-2.994855
0.863250,-3.927835
0.863750,-3.337239
0.864250,-3.307258
0.864750,-4.114726
0.865250,-3.925094
0.865750,-3.081137
0.866250,-3.348185
0.866750,-4.358284
0.867250,-4.058996
0.867750,-4.652803
0.868250,-3.851236
0.868750,-4.426885
0.869250,-4.291061
0.869750,-4.650808
0.870250,-4.200757
0.870750,-4.209420
0.871250,-3.913379
0.871750,-3.625790
0.872250,-4.642140
0.872750,-3.677027
0.873250,-3.553262
0.873750,-3.734984
0.874250,-4.063657
0.874750,-4.133948
0.875250,-4.185692
0.875750,-4.127698
0.876250,-3.369499
0.876750,-3.172922
0.877250,-3.782594
0.877750,-4.218946
0.878250,-4.593446
0.878750,-3.477013
0.879250,-3.724945
0.879750,-3.679425
0.880250,-4.093068
0.880750,-4.026986
0.881250,-4.033077
0.881750,-3.734956
0.882250,-3.494633
0.882750,-3.211379
0.883250,-3.407370
0.883750,-3.359317
0.884250,-4.271521
0.884750,-3.150494
0.885250,-3.705243
0.885750,-3.974034
0.886250,-3.398298
0.886750,-2.758075
0.887250,-2.461278
0.887750,-3.116817
0.888250,-3.386279
0.888750,-3.300702
0.889250,-3.774752
0.889750,-2.747301
0.890250,-3.928492
0.890750,-3.311568
0.891250,-2.931187
0.891750,-3.088633
0.892250,-3.321548
0.892750,-3.466271
0.893250,-3.104007
0.893750,-3.473534
0.894250,-2.802564
0.894750,-2.559472
0.895250,-2.913482
0.895750,-2.732713
0.896250,-2.357081
0.896750,-2.942889
0.897250,-3.039604
0.897750,-2.922787
0.898250,-2.848354
0.898750,-2.978409
0.899250,-3.344127
0.899750,-3.765103
0.900250,-3.703020
0.900750,-4.415316
0.901250,-3.230194
0.901750,-3.347468
0.902250,-3.707179
0.902750,-3.173298
0.903250,-3.455908
0.903750,-3.333102
0.904250,-3.032144
0.904750,-3.289033
0.905250,-3.210970
0.905750,-2.726634
0.906250,-3.500086
0.906750,-3.226903
0.907250,-3.026958
0.907750,-2.824265
0.908250,-2.485713
0.908750,-3.059876
0.909250,-2.693499
0.909750,-2.611252
0.910250,-2.691872
0.910750,-2.341049
0.911250,-2.242804
0.911750,-2.337875
0.912250,-2.144715
0.912750,-2.452481
0.913250,-2.143791
0.913750,-2.124075
0.914250,-1.588037
0.914750,-1.623057
0.915250,-2.487246
0.915750,-1.790663
0.916250,-2.078030
0.916750,-1.706844
0.917250,-1.757640
0.917750,-1.158724
0.918250,-1.820049
0.918750,-1.066616
0.919250,-0.728508
0.919750,-1.738102
0.920250,-1.839144
0.920750,-2.179937
0.921250,-1.353220
0.921750,-1.358617
0.922250,-0.940612
0.922750,-0.991297
0.923250,-1.773180
0.923750,-1.022380
0.924250,-1.278615
0.924750,-2.043266
0.925250,-1.596372
0.925750,-1.541962
0.926250,-0.470769
0.926750,-1.427824
0.927250,-1.894412
0.927750,-1.345307
0.928250,-0.884917
0.928750,-1.334868
0.929250,-1.637143
0.929750,-1.773705
0.930250,-1.377828
0.930750,-0.881509
0.931250,-1.142836
0.931750,-1.009862
0.932250,-2.082756
0.932750,-1.945591
0.933250,-2.260524
0.933750,-2.004076
0.934250,-2.067616
0.934750,-1.631031
0.935250,-2.181748
0.935750,-2.173961
0.936250,-2.504331
0.936750,-2.020222
0.937250,-2.273905
0.937750,-2.078584
0.938250,-1.847298
0.938750,-2.420679
0.939250,-1.943681
0.939750,-2.306888
0.940250,-2.010013
0.940750,-2.356483
0.941250,-1.548247
0.941750,-1.896515
0.942250,-1.515374
0.942750,-1.387542
0.943250,-1.888652
0.943750,-2.201152
0.944250,-1.597870
0.944750,-2.049137
0.945250,-1.934949
0.945750,-1.808147
0.946250,-2.044514
0.946750,-1.725504
0.947250,-2.378791
0.947750,-2.202775
0.948250,-2.541054
0.948750,-2.124492
0.949250,-1.994993
0.949750,-2.145409
0.950250,-1.546192
0.950750,-2.177345
0.951250,-1.571746
0.951750,-1.867694
0.952250,-2.051627
0.952750,-1.698362
0.953250,-1.218162
0.953750,-1.727187
0.954250,-1.351653
0.954750,-1.945739
0.955250,-2.242098
0.955750,-2.492065
0.956250,-2.481452
0.956750,-2.021011
0.957250,-1.520325
0.957750,-1.475372
0.958250,-1.756714
0.958750,-2.427278
0.959250,-1.404195
0.959750,-1.844169
0.960250,-2.084271
0.960750,-2.752991
0.961250,-1.807718
0.961750,-2.095661
0.962250,-2.046464
0.962750,-1.735024
0.963250,-2.908139
0.963750,-1.847035
0.964250,-1.961302
0.964750,-2.620610
0.965250,-2.363612
0.965750,-2.424354
0.966250,-1.838566
0.966750,-1.799009
0.967250,-2.629158
0.967750,-2.505206
0.968250,-2.804285
0.968750,-2.525382
0.969250,-2.388828
0.969750,-2.750651
0.970250,-3.133842
0.970750,-2.377050
0.971250,-2.966567
0.971750,-3.406678
0.972250,-2.927816
0.972750,-3.827718
0.973250,-3.954347
0.973750,-3.702654
0.974250,-3.279444
0.974750,-3.082352
0.975250,-3.163890
0.975750,-3.604651
0.976250,-3.269700
0.976750,-3.530954
0.977250,-3.666619
0.977750,-3.354818
0.978250,-3.046513
0.978750,-3.041909
0.979250,-3.191453
0.979750,-3.371315
0.980250,-3.439833
0.980750,-3.818146
0.981250,-3.046301
0.981750,-2.815813
0.982250,-3.040013
0.982750,-2.776744
0.983250,-3.407022
0.983750,-2.887100
0.984250,-2.833200
0.984750,-2.851661
0.985250,-2.966051
0.985750,-2.824996
0.986250,-2.339662
0.986750,-2.288132
0.987250,-2.906581
0.987750,-3.148591
0.988250,-2.724343
0.988750,-2.476999
0.989250,-2.573338
0.989750,-2.173203
0.990250,-1.880599
0.990750,-2.388279
0.991250,-2.492052
0.991750,-2.004549
0.992250,-2.005609
0.992750,-2.724610
0.993250,-2.558421
0.993750,-2.771243
0.994250,-2.823453
0.994750,-1.962094
0.995250,-2.328440
0.995750,-2.554726
0.996250,-2.255931
0.996750,-2.061327
0.997250,-2.292198
0.997750,-2.616069
0.998250,-2.581061
0.998750,-1.826848
0.999250,-1.889083
0.999750,-1.790585
