0.000250,0.101408
0.000750,0.113518
0.001250,0.064223
0.001750,-0.067606
0.002250,-0.087807
0.002750,0.062338
0.003250,0.116884
0.003750,0.136497
0.004250,0.270346
0.004750,0.525838
0.005250,0.731123
0.005750,0.677753
0.006250,0.620811
0.006750,0.516846
0.007250,0.669180
0.007750,0.628234
0.008250,0.633983
0.008750,0.671858
0.009250,0.547055
0.009750,0.462027
0.010250,0.406647
0.010750,0.554436
0.011250,0.878954
0.011750,0.731882
0.012250,0.840899
0.012750,0.706911
0.013250,0.849552
0.013750,0.956147
0.014250,0.966568
0.014750,1.232148
0.015250,1.365960
0.015750,1.574806
0.016250,1.538605
0.016750,1.636665
0.017250,1.615375
0.017750,1.530422
0.018250,1.368000
0.018750,1.463576
0.019250,1.496386
0.019750,1.646465
0.020250,1.636408
0.020750,1.613606
0.021250,1.538942
0.021750,1.510964
0.022250,1.313722
0.022750,1.196914
0.023250,1.212149
0.023750,1.197346
0.024250,1.075583
0.024750,1.029396
0.025250,1.130756
0.025750,1.153219
0.026250,1.401958
0.026750,1.339074
0.027250,1.347983
0.027750,1.495442
0.028250,1.448622
0.028750,1.401182
0.029250,1.407518
0.029750,1.257400
0.030250,1.546319
0.030750,1.587974
0.031250,1.753946
0.031750,1.772203
0.032250,1.666158
0.032750,2.002810
0.033250,1.851958
0.033750,2.032058
0.034250,2.010822
0.034750,1.929515
0.035250,1.845604
0.035750,2.085836
0.036250,1.765089
0.036750,1.652782
0.037250,1.770626
0.037750,1.681158
0.038250,1.588935
0.038750,1.715984
0.039250,1.560949
0.039750,1.701458
0.040250,1.465090
0.040750,1.639806
0.041250,1.622134
0.041750,1.355575
0.042250,1.225308
0.042750,1.186965
0.043250,1.047394
0.043750,0.903805
0.044250,0.775556
0.044750,0.774706
0.045250,1.005773
0.045750,1.034015
0.046250,0.880960
0.046750,0.945915
0.047250,1.119978
0.047750,1.060697
0.048250,1.370103
0.048750,1.059121
0.049250,1.311720
0.049750,0.901853
0.050250,1.095704
0.050750,1.167556
0.051250,1.045064
0.051750,1.144005
0.052250,0.805776
0.052750,1.257803
0.053250,1.235875
0.053750,1.458685
0.054250,1.395085
0.054750,1.383176
0.055250,1.250964
0.055750,1.522585
0.056250,1.648531
0.056750,1.794549
0.057250,1.690321
0.057750,1.722691
0.058250,1.734028
0.058750,1.711835
0.059250,1.275843
0.059750,1.466731
0.060250,1.223901
0.060750,1.362830
0.061250,1.459530
0.061750,1.210513
0.062250,1.231906
0.062750,1.176330
0.063250,1.123415
0.063750,1.209587
0.064250,1.266203
0.064750,1.445786
0.065250,1.291330
0.065750,1.041474
0.066250,1.307540
0.066750,0.914776
0.067250,1.267254
0.067750,0.796186
0.068250,0.854947
0.068750,0.800577
0.069250,0.558513
0.069750,0.274096
0.070250,0.107684
0.070750,0.443883
0.071250,0.404880
0.071750,0.693406
0.072250,0.563236
0.072750,0.289729
0.073250,0.327467
0.073750,0.525198
0.074250,0.441464
0.074750,0.748288
0.075250,0.471435
0.075750,0.697881
0.076250,0.580796
0.076750,0.619844
0.077250,0.618563
0.077750,0.639623
0.078250,0.628342
0.078750,0.494640
0.079250,0.481276
0.079750,0.310494
0.080250,0.396004
0.080750,0.660329
0.081250,0.741634
0.081750,0.911470
0.082250,0.602589
0.082750,0.724404
0.083250,0.999175
0.083750,1.032538
0.084250,0.987836
0.084750,1.017502
0.085250,1.257434
0.085750,0.775732
0.086250,1.303292
0.086750,1.130955
0.087250,1.208669
0.087750,1.091330
0.088250,1.029552
0.088750,1.002103
0.089250,0.922132
0.089750,1.153289
0.090250,0.862972
0.090750,0.641185
0.091250,0.774384
0.091750,0.840087
0.092250,0.698005
0.092750,0.815101
0.093250,0.513427
0.093750,0.601343
0.094250,0.410853
0.094750,0.503709
0.095250,0.540206
0.095750,0.691718
0.096250,0.655236
0.096750,0.774372
0.097250,0.579327
0.097750,0.673220
0.098250,0.334093
0.098750,0.333787
0.099250,0.048789
0.099750,-0.151964
0.100250,0.119156
0.100750,-0.498019
0.101250,-0.096249
0.101750,-0.421344
0.102250,-0.323281
0.102750,-0.524343
0.103250,-0.566202
0.103750,-0.726425
0.104250,-0.615848
0.104750,-0.609797
0.105250,-0.601212
0.105750,0.052233
0.106250,-0.503075
0.106750,-0.399976
0.107250,-0.483418
0.107750,-0.433344
0.108250,-0.295352
0.108750,-0.291634
0.109250,-0.619485
0.109750,-0.529148
0.110250,-0.541135
0.110750,-0.504018
0.111250,-0.441885
0.111750,-0.611763
0.112250,-0.752606
0.112750,-0.444306
0.113250,-1.019962
0.113750,-0.494434
0.114250,-0.585747
0.114750,-0.904012
0.115250,-0.923774
0.115750,-0.688642
0.116250,-0.666280
0.116750,-0.665155
0.117250,-0.537046
0.117750,-0.245357
0.118250,-0.586650
0.118750,0.042189
0.119250,-0.004696
0.119750,-0.188522
0.120250,-0.118164
0.120750,0.127189
0.121250,-0.380468
0.121750,-0.166346
0.122250,-0.309814
0.122750,-0.139325
0.123250,-0.444063
0.123750,-0.368025
0.124250,-0.428956
0.124750,-0.163257
0.125250,-0.358919
0.125750,-0.329821
0.126250,-0.428635
0.126750,-0.077717
0.127250,-0.702840
0.127750,-0.409048
0.128250,-0.343738
0.128750,-0.712244
0.129250,-0.774497
0.129750,-1.100136
0.130250,-0.836221
0.130750,-0.775311
0.131250,-1.188708
0.131750,-0.754385
0.132250,-0.725717
0.132750,-0.845502
0.133250,-0.853843
0.133750,-0.681176
0.134250,-1.165037
0.134750,-1.033693
0.135250,-1.039336
0.135750,-0.857210
0.136250,-1.266941
0.136750,-1.491747
0.137250,-1.446698
0.137750,-1.405444
0.138250,-1.275173
0.138750,-1.598830
0.139250,-1.178144
0.139750,-1.749512
0.140250,-1.501939
0.140750,-1.857124
0.141250,-1.897166
0.141750,-2.011448
0.142250,-2.249437
0.142750,-1.954592
0.143250,-2.517627
0.143750,-2.097772
0.144250,-2.472635
0.144750,-2.394970
0.145250,-2.466707
0.145750,-2.456821
0.146250,-2.316833
0.146750,-1.636597
0.147250,-1.658910
0.147750,-1.642431
0.148250,-1.979415
0.148750,-2.247998
0.149250,-1.520997
0.149750,-1.798560
0.150250,-1.986846
0.150750,-1.785596
0.151250,-1.801554
0.151750,-1.678762
0.152250,-1.404660
0.152750,-1.685452
0.153250,-1.767643
0.153750,-2.153877
0.154250,-2.357809
0.154750,-2.659517
0.155250,-2.405705
0.155750,-2.321580
0.156250,-2.119883
0.156750,-1.936386
0.157250,-1.686584
0.157750,-2.004288
0.158250,-1.866014
0.158750,-1.886613
0.159250,-1.610217
0.159750,-1.640552
0.160250,-1.723422
0.160750,-1.123446
0.161250,-1.217827
0.161750,-1.585644
0.162250,-1.285393
0.162750,-1.287171
0.163250,-1.028085
0.163750,-1.284795
0.164250,-1.402939
0.164750,-1.174235
0.165250,-1.467212
0.165750,-1.296210
0.166250,-1.272498
0.166750,-0.873161
0.167250,-0.827661
0.167750,-1.332004
0.168250,-1.821839
0.168750,-1.578153
0.169250,-1.192059
0.169750,-1.964084
0.170250,-1.609359
0.170750,-1.911201
0.171250,-1.948327
0.171750,-1.615566
0.172250,-1.764249
0.172750,-1.465636
0.173250,-1.617854
0.173750,-1.619411
0.174250,-1.625740
0.174750,-1.625076
0.175250,-1.870781
0.175750,-1.451980
0.176250,-1.820259
0.176750,-1.800962
0.177250,-1.631888
0.177750,-1.157800
0.178250,-1.645695
0.178750,-2.016179
0.179250,-1.407961
0.179750,-1.508445
0.180250,-1.828744
0.180750,-1.834702
0.181250,-1.476037
0.181750,-1.850583
0.182250,-1.889739
0.182750,-2.340652
0.183250,-2.263101
0.183750,-2.449177
0.184250,-2.679058
0.184750,-2.540288
0.185250,-2.514258
0.185750,-2.368706
0.186250,-2.693845
0.186750,-2.110709
0.187250,-2.424802
0.187750,-2.754223
0.188250,-2.106830
0.188750,-2.643864
0.189250,-2.645968
0.189750,-2.287597
0.190250,-2.707461
0.190750,-2.694225
0.191250,-2.395953
0.191750,-1.871659
0.192250,-2.672110
0.192750,-2.473192
0.193250,-2.060504
0.193750,-2.099960
0.194250,-2.259281
0.194750,-2.289493
0.195250,-1.590345
0.195750,-2.036115
0.196250,-2.134648
0.196750,-1.952258
0.197250,-2.210781
0.197750,-2.134056
0.198250,-2.496998
0.198750,-1.922404
0.199250,-1.916394
0.199750,-1.537138
0.200250,-1.720460
0.200750,-1.925127
0.201250,-1.780693
0.201750,-2.035886
0.202250,-1.930703
0.202750,-1.971364
0.203250,-1.925025
0.203750,-1.952034
0.204250,-2.026506
0.204750,-1.800129
0.205250,-1.729525
0.205750,-1.832918
0.206250,-1.507725
0.206750,-1.283359
0.207250,-1.341017
0.207750,-1.693002
0.208250,-1.318176
0.208750,-1.341288
0.209250,-1.159112
0.209750,-0.756640
0.210250,-0.518096
0.210750,-0.758825
0.211250,-0.927451
0.211750,-0.930477
0.212250,-0.566290
0.212750,-0.648932
0.213250,-0.877652
0.213750,-0.974820
0.214250,-0.907809
0.214750,-0.759978
0.215250,-0.577560
0.215750,-0.746704
0.216250,-0.783579
0.216750,-1.159561
0.217250,-1.123272
0.217750,-1.095934
0.218250,-0.772864
0.218750,-0.847526
0.219250,-1.108856
0.219750,-1.073127
0.220250,-0.823858
0.220750,-0.895941
0.221250,-0.644670
0.221750,-0.999728
0.222250,-1.187150
0.222750,-1.248756
0.223250,-1.115255
0.223750,-1.231823
0.224250,-1.365815
0.224750,-1.395332
0.225250,-1.484898
0.225750,-1.324240
0.226250,-1.012650
0.226750,-0.903414
0.227250,-0.864741
0.227750,-0.771700
0.228250,-0.889385
0.228750,-0.886681
0.229250,-0.719316
0.229750,-0.819312
0.230250,-1.255765
0.230750,-1.523208
0.231250,-1.112016
0.231750,-1.478927
0.232250,-1.222833
0.232750,-1.219146
0.233250,-1.200199
0.233750,-1.130222
0.234250,-1.410072
0.234750,-1.600072
0.235250,-1.025340
0.235750,-1.614169
0.236250,-1.610316
0.236750,-2.015525
0.237250,-1.452711
0.237750,-1.670729
0.238250,-1.981562
0.238750,-1.775489
0.239250,-2.268186
0.239750,-2.208643
0.240250,-1.572603
0.240750,-2.162449
0.241250,-2.075270
0.241750,-1.802796
0.242250,-1.721424
0.242750,-2.440259
0.243250,-1.931410
0.243750,-1.938134
0.244250,-2.004988
0.244750,-1.596610
0.245250,-1.068203
0.245750,-1.492040
0.246250,-1.449806
0.246750,-1.377123
0.247250,-1.462090
0.247750,-1.237466
0.248250,-1.444678
0.248750,-1.398097
0.249250,-1.406921
0.249750,-1.063592
0.250250,-1.289650
0.250750,-0.932442
0.251250,-1.021001
0.251750,-1.107193
0.252250,-0.884155
0.252750,-1.104730
0.253250,-1.010643
0.253750,-0.890690
0.254250,-0.865298
0.254750,-1.002423
0.255250,-1.164933
0.255750,-1.278450
0.256250,-1.461440
0.256750,-1.446025
0.257250,-0.700101
0.257750,-0.514661
0.258250,-0.853382
0.258750,-1.151713
0.259250,-0.981693
0.259750,-0.785524
0.260250,-0.734023
0.260750,-0.447158
0.261250,-0.290847
0.261750,-0.510772
0.262250,-0.267912
0.262750,0.094309
0.263250,-0.406282
0.263750,-0.222414
0.264250,-0.148745
0.264750,-0.313312
0.265250,-0.299898
0.265750,-0.320180
0.266250,0.097772
0.266750,-0.165251
0.267250,-0.112328
0.267750,0.257313
0.268250,0.036969
0.268750,0.426453
0.269250,0.183988
0.269750,-0.305261
0.270250,0.139560
0.270750,0.266694
0.271250,-0.081120
0.271750,-0.401551
0.272250,-0.494687
0.272750,-0.129753
0.273250,-0.252565
0.273750,-0.263206
0.274250,-0.183831
0.274750,-0.423311
0.275250,0.175395
0.275750,-0.015246
0.276250,0.053172
0.276750,-0.751292
0.277250,-0.292180
0.277750,0.043960
0.278250,-0.816487
0.278750,0.088872
0.279250,-0.361437
0.279750,0.358407
0.280250,-0.400197
0.280750,-0.732808
0.281250,-0.433912
0.281750,-0.075429
0.282250,0.104799
0.282750,-0.450479
0.283250,-0.275995
0.283750,-0.293389
0.284250,-0.226377
0.284750,-0.397139
0.285250,-0.195885
0.285750,-0.129307
0.286250,-0.044549
0.286750,-0.356370
0.287250,-0.076976
0.287750,-0.445467
0.288250,0.019647
0.288750,-0.132695
0.289250,-0.872669
0.289750,-0.504425
0.290250,-0.287348
0.290750,-0.404554
0.291250,-0.536291
0.291750,-0.834436
0.292250,-0.142363
0.292750,-1.230573
0.293250,-0.940249
0.293750,-1.138706
0.294250,-0.857437
0.294750,-1.298731
0.295250,-0.714053
0.295750,-0.797325
0.296250,-0.995439
0.296750,-1.273692
0.297250,-1.077554
0.297750,-1.103026
0.298250,-1.073381
0.298750,-1.009108
0.299250,-0.828035
0.299750,-0.605904
0.300250,-1.237302
0.300750,-1.009374
0.301250,-0.514561
0.301750,-0.585829
0.302250,-0.981740
0.302750,-0.517772
0.303250,-0.598142
0.303750,-0.282371
0.304250,-0.576548
0.304750,-0.282659
0.305250,-0.884421
0.305750,-0.308815
0.306250,-0.306429
0.306750,-0.484392
0.307250,0.228469
0.307750,0.046962
0.308250,0.281620
0.308750,-0.188843
0.309250,-0.158457
0.309750,0.016446
0.310250,-0.084863
0.310750,-0.290567
0.311250,-0.282575
0.311750,-0.721675
0.312250,-0.720452
0.312750,-0.279047
0.313250,0.118900
0.313750,-0.714959
0.314250,-0.218127
0.314750,-0.291977
0.315250,-0.091130
0.315750,-0.011575
0.316250,0.280852
0.316750,-0.361160
0.317250,0.235057
0.317750,0.507867
0.318250,0.062448
0.318750,-0.234164
0.319250,0.001620
0.319750,0.398114
0.320250,0.254283
0.320750,0.271406
0.321250,0.811373
0.321750,0.597481
0.322250,1.287429
0.322750,1.154321
0.323250,1.128342
0.323750,1.316550
0.324250,1.688668
0.324750,1.385396
0.325250,1.183260
0.325750,1.288406
0.326250,1.282664
0.326750,1.327563
0.327250,1.020454
0.327750,1.377362
0.328250,1.241326
0.328750,1.662290
0.329250,1.547639
0.329750,1.474302
0.330250,1.278592
0.330750,1.399897
0.331250,1.721318
0.331750,1.587447
0.332250,1.162249
0.332750,1.351235
0.333250,1.599276
0.333750,1.758568
0.334250,0.980710
0.334750,1.335910
0.335250,1.490901
0.335750,1.808054
0.336250,0.993438
0.336750,1.595376
0.337250,1.497566
0.337750,1.120257
0.338250,0.871838
0.338750,1.692256
0.339250,1.564509
0.339750,1.591668
0.340250,1.645173
0.340750,1.142247
0.341250,1.520799
0.341750,1.397982
0.342250,0.994373
0.342750,1.556312
0.343250,1.347449
0.343750,1.681888
0.344250,1.469779
0.344750,1.321974
0.345250,1.536590
0.345750,1.111196
0.346250,1.607823
0.346750,2.145240
0.347250,1.530978
0.347750,1.762032
0.348250,1.886043
0.348750,1.475443
0.349250,1.557068
0.349750,0.971390
0.350250,1.512383
0.350750,0.980581
0.351250,1.213657
0.351750,1.504646
0.352250,0.772866
0.352750,1.343782
0.353250,1.439051
0.353750,0.711535
0.354250,1.046044
0.354750,1.124286
0.355250,0.808247
0.355750,0.796009
0.356250,1.013927
0.356750,0.801683
0.357250,1.079919
0.357750,1.223080
0.358250,0.990327
0.358750,0.832925
0.359250,0.619576
0.359750,0.489304
0.360250,1.259942
0.360750,1.091558
0.361250,0.628930
0.361750,1.070225
0.362250,1.079501
0.362750,0.900929
0.363250,1.022268
0.363750,1.102448
0.364250,0.073564
0.364750,0.995660
0.365250,0.652193
0.365750,1.237671
0.366250,1.579886
0.366750,1.163147
0.367250,1.383459
0.367750,1.320490
0.368250,1.369688
0.368750,1.537793
0.369250,1.474504
0.369750,1.448043
0.370250,1.949908
0.370750,2.323149
0.371250,2.002616
0.371750,1.948049
0.372250,1.873745
0.372750,1.548615
0.373250,2.523172
0.373750,1.939907
0.374250,1.690201
0.374750,1.955423
0.375250,1.923824
0.375750,1.718503
0.376250,1.826587
0.376750,1.252429
0.377250,1.877609
0.377750,1.320875
0.378250,1.976518
0.378750,1.504078
0.379250,1.845440
0.379750,1.861109
0.380250,1.501039
0.380750,1.981218
0.381250,1.754885
0.381750,1.756227
0.382250,2.022179
0.382750,2.052035
0.383250,2.655503
0.383750,2.579103
0.384250,2.295679
0.384750,2.486183
0.385250,2.430714
0.385750,3.119493
0.386250,3.205936
0.386750,2.671246
0.387250,2.632994
0.387750,2.858162
0.388250,3.300709
0.388750,2.711504
0.389250,2.698347
0.389750,3.305211
0.390250,3.454050
0.390750,2.935209
0.391250,2.968819
0.391750,3.159897
0.392250,3.276902
0.392750,3.303771
0.393250,3.932017
0.393750,3.492552
0.394250,3.410169
0.394750,3.546833
0.395250,3.633417
0.395750,3.185148
0.396250,3.500528
0.396750,3.663956
0.397250,2.822451
0.397750,3.559415
0.398250,3.602756
0.398750,3.685074
0.399250,3.543755
0.399750,2.992187
0.400250,3.358136
0.400750,3.475063
0.401250,3.517692
0.401750,3.301490
0.402250,3.213464
0.402750,3.719627
0.403250,3.554835
0.403750,3.106126
0.404250,3.227648
0.404750,3.167487
0.405250,3.131532
0.405750,2.571508
0.406250,2.924738
0.406750,3.244627
0.407250,3.541801
0.407750,3.010568
0.408250,2.924114
0.408750,2.841532
0.409250,3.029195
0.409750,3.282306
0.410250,2.230075
0.410750,2.812904
0.411250,2.692524
0.411750,3.382058
0.412250,3.023335
0.412750,2.882024
0.413250,3.080501
0.413750,2.993792
0.414250,4.138916
0.414750,3.565970
0.415250,3.989227
0.415750,3.418420
0.416250,3.711884
0.416750,3.836089
0.417250,3.836723
0.417750,3.649005
0.418250,2.961822
0.418750,2.717058
0.419250,3.323402
0.419750,3.414456
0.420250,3.033831
0.420750,2.795594
0.421250,2.945122
0.421750,2.607735
0.422250,3.295033
0.422750,2.624447
0.423250,2.874915
0.423750,2.275900
0.424250,2.820460
0.424750,2.447224
0.425250,2.650680
0.425750,3.050935
0.426250,1.555704
0.426750,2.345591
0.427250,2.202706
0.427750,2.241688
0.428250,2.721910
0.428750,1.750741
0.429250,1.729525
0.429750,1.781076
0.430250,2.250837
0.430750,2.428250
0.431250,2.740753
0.431750,2.526904
0.432250,2.364345
0.432750,2.544374
0.433250,3.033283
0.433750,3.142616
0.434250,2.691876
0.434750,2.416252
0.435250,2.091322
0.435750,2.299098
0.436250,2.573246
0.436750,2.562960
0.437250,2.299955
0.437750,3.190712
0.438250,3.353315
0.438750,2.678891
0.439250,3.531448
0.439750,2.671329
0.440250,2.823421
0.440750,2.654926
0.441250,3.488379
0.441750,3.137156
0.442250,2.391799
0.442750,2.460994
0.443250,2.537593
0.443750,3.071950
0.444250,2.798905
0.444750,3.176490
0.445250,2.879469
0.445750,2.343854
0.446250,2.821556
0.446750,2.929776
0.447250,3.232819
0.447750,3.130454
0.448250,2.855211
0.448750,3.221393
0.449250,2.994994
0.449750,2.943574
0.450250,3.024139
0.450750,2.959566
0.451250,2.513499
0.451750,2.816382
0.452250,2.703648
0.452750,3.395687
0.453250,3.789398
0.453750,2.395644
0.454250,2.452611
0.454750,3.302346
0.455250,3.008593
0.455750,3.533719
0.456250,3.359036
0.456750,3.228206
0.457250,3.417259
0.457750,2.985500
0.458250,3.021192
0.458750,3.568449
0.459250,2.627473
0.459750,3.940240
0.460250,3.638230
0.460750,4.113019
0.461250,3.467451
0.461750,3.218879
0.462250,3.416516
0.462750,3.547753
0.463250,3.656386
0.463750,3.485268
0.464250,3.782733
0.464750,4.008562
0.465250,3.581507
0.465750,4.632829
0.466250,4.652806
0.466750,4.352395
0.467250,3.773631
0.467750,4.038039
0.468250,4.128275
0.468750,4.172302
0.469250,4.147559
0.469750,3.927254
0.470250,3.048701
0.470750,3.087294
0.471250,3.793153
0.471750,4.210468
0.472250,3.930862
0.472750,3.798192
0.473250,4.014186
0.473750,3.708930
0.474250,4.080039
0.474750,4.046747
0.475250,3.803125
0.475750,3.684740
0.476250,3.489621
0.476750,3.479375
0.477250,3.490872
0.477750,3.662233
0.478250,3.045465
0.478750,3.179206
0.479250,3.528263
0.479750,2.897274
0.480250,3.329039
0.480750,2.585886
0.481250,2.939941
0.481750,3.227054
0.482250,3.224890
0.482750,3.746567
0.483250,3.261169
0.483750,3.465407
0.484250,4.116091
0.484750,3.601703
0.485250,3.199173
0.485750,3.511909
0.486250,2.809181
0.486750,3.184647
0.487250,3.364098
0.487750,3.395558
0.488250,3.353331
0.488750,3.709165
0.489250,3.877081
0.489750,3.051016
0.490250,3.498396
0.490750,3.160779
0.491250,3.047306
0.491750,3.095303
0.492250,3.997623
0.492750,3.038948
0.493250,2.623425
0.493750,2.773082
0.494250,2.821539
0.494750,2.852063
0.495250,2.907071
0.495750,3.364562
0.496250,3.279921
0.496750,3.222536
0.497250,2.681408
0.497750,2.719823
0.498250,2.608965
0.498750,2.152575
0.499250,1.460633
0.499750,2.335610
0.500250,1.663668
0.500750,1.749278
0.501250,2.298300
0.501750,2.043414
0.502250,1.843258
0.502750,1.710535
0.503250,2.267078
0.503750,2.532634
0.504250,1.979162
0.504750,1.829001
0.505250,1.638593
0.505750,1.857114
0.506250,1.607601
0.506750,1.688407
0.507250,1.770071
0.507750,1.283375
0.508250,1.021847
0.508750,1.744339
0.509250,2.217915
0.509750,1.903900
0.510250,1.944551
0.510750,1.799293
0.511250,1.543268
0.511750,1.033320
0.512250,1.989992
0.512750,2.520596
0.513250,1.170468
0.513750,2.029349
0.514250,1.638402
0.514750,2.481701
0.515250,2.286478
0.515750,2.412926
0.516250,2.220005
0.516750,2.006272
0.517250,1.802123
0.517750,2.361737
0.518250,2.538820
0.518750,2.327823
0.519250,2.378344
0.519750,2.544085
0.520250,2.150879
0.520750,2.459648
0.521250,2.442155
0.521750,2.323042
0.522250,2.949422
0.522750,2.708046
0.523250,2.026474
0.523750,2.720694
0.524250,2.065471
0.524750,2.540498
0.525250,2.776405
0.525750,1.874925
0.526250,1.956103
0.526750,1.800511
0.527250,1.939202
0.527750,2.026080
0.528250,1.350721
0.528750,1.207859
0.529250,1.262523
0.529750,1.659562
0.530250,1.918830
0.530750,2.444054
0.531250,1.898465
0.531750,1.742196
0.532250,1.514470
0.532750,1.821630
0.533250,2.051050
0.533750,2.322719
0.534250,2.359472
0.534750,2.268373
0.535250,2.958586
0.535750,2.803284
0.536250,2.227157
0.536750,2.681491
0.537250,2.762312
0.537750,2.708013
0.538250,2.669541
0.538750,2.889796
0.539250,3.260834
0.539750,3.428557
0.540250,2.772899
0.540750,3.687801
0.541250,2.687296
0.541750,3.323627
0.542250,3.670515
0.542750,3.140803
0.543250,3.120036
0.543750,3.324805
0.544250,3.141126
0.544750,2.758874
0.545250,2.869753
0.545750,2.591650
0.546250,2.459510
0.546750,2.671884
0.547250,3.501800
0.547750,3.181407
0.548250,3.234235
0.548750,3.462032
0.549250,2.809648
0.549750,2.394510
0.550250,2.426730
0.550750,2.740780
0.551250,3.151981
0.551750,3.454294
0.552250,2.590512
0.552750,3.006160
0.553250,2.685615
0.553750,2.121946
0.554250,2.416233
0.554750,2.181491
0.555250,2.552540
0.555750,2.350306
0.556250,2.935318
0.556750,2.644087
0.557250,2.634510
0.557750,2.622162
0.558250,2.619671
0.558750,2.866017
0.559250,2.516768
0.559750,2.350729
0.560250,2.627733
0.560750,2.792678
0.561250,2.135295
0.561750,2.559891
0.562250,2.284768
0.562750,2.324486
0.563250,2.280342
0.563750,2.123116
0.564250,2.367538
0.564750,2.056275
0.565250,1.796055
0.565750,2.007977
0.566250,2.681972
0.566750,2.616753
0.567250,2.809703
0.567750,2.703853
0.568250,2.428244
0.568750,2.592556
0.569250,3.198436
0.569750,2.356500
0.570250,1.954702
0.570750,2.291824
0.571250,2.292188
0.571750,2.790928
0.572250,2.000816
0.572750,2.391282
0.573250,1.537923
0.573750,2.435296
0.574250,2.476112
0.574750,1.284881
0.575250,2.495212
0.575750,1.766607
0.576250,1.179887
0.576750,1.755263
0.577250,1.552499
0.577750,1.408863
0.578250,1.198912
0.578750,1.564049
0.579250,1.547283
0.579750,2.025007
0.580250,1.355510
0.580750,1.225075
0.581250,0.964956
0.581750,1.428131
0.582250,1.761453
0.582750,0.851149
0.583250,1.141814
0.583750,0.502784
0.584250,0.749496
0.584750,0.644480
0.585250,1.070619
0.585750,1.354483
0.586250,0.298263
0.586750,0.350493
0.587250,0.994035
0.587750,1.002008
0.588250,1.483075
0.588750,0.706105
0.589250,0.604556
0.589750,0.313131
0.590250,0.724016
0.590750,-0.073951
0.591250,0.933024
0.591750,0.814542
0.592250,1.116922
0.592750,1.036313
0.593250,0.160395
0.593750,0.781500
0.594250,0.673122
0.594750,1.427643
0.595250,1.586447
0.595750,1.031389
0.596250,0.737793
0.596750,0.653766
0.597250,1.145065
0.597750,1.712618
0.598250,1.101209
0.598750,1.677534
0.599250,0.370220
0.599750,0.658881
0.600250,1.382175
0.600750,1.557420
0.601250,2.291511
0.601750,0.991928
0.602250,1.454655
0.602750,1.331390
0.603250,0.922878
0.603750,1.646013
0.604250,1.166784
0.604750,1.193574
0.605250,0.747814
0.605750,0.882708
0.606250,0.454800
0.606750,1.260789
0.607250,0.961478
0.607750,0.465947
0.608250,0.435844
0.608750,0.718069
0.609250,0.403264
0.609750,1.141796
0.610250,0.036362
0.610750,0.994249
0.611250,1.049521
0.611750,0.703095
0.612250,1.249958
0.612750,1.130494
0.613250,0.866662
0.613750,1.428158
0.614250,1.261213
0.614750,1.238639
0.615250,1.380225
0.615750,0.875091
0.616250,1.418442
0.616750,0.704899
0.617250,1.162831
0.617750,1.569991
0.618250,1.142344
0.618750,0.842398
0.619250,0.711825
0.619750,1.365057
0.620250,1.132136
0.620750,0.943209
0.621250,1.410993
0.621750,1.806059
0.622250,1.629186
0.622750,1.899175
0.623250,2.029319
0.623750,2.065540
0.624250,2.236404
0.624750,1.625161
0.625250,1.383318
0.625750,2.056548
0.626250,2.084155
0.626750,2.078036
0.627250,2.383093
0.627750,2.019403
0.628250,1.744115
0.628750,2.361371
0.629250,1.820507
0.629750,1.209669
0.630250,2.441691
0.630750,1.861135
0.631250,2.464361
0.631750,2.384277
0.632250,2.223886
0.632750,1.595184
0.633250,2.459653
0.633750,1.500701
0.634250,1.997562
0.634750,1.333949
0.635250,1.594701
0.635750,1.849852
0.636250,2.034968
0.636750,1.370816
0.637250,1.944602
0.637750,2.379051
0.638250,1.839025
0.638750,1.280073
0.639250,1.664950
0.639750,1.957258
0.640250,1.598050
0.640750,1.026072
0.641250,1.311972
0.641750,0.703836
0.642250,0.225602
0.642750,0.618732
0.643250,2.165066
0.643750,1.494905
0.644250,1.505660
0.644750,0.881455
0.645250,1.214885
0.645750,1.215040
0.646250,1.055881
0.646750,1.654623
0.647250,1.017414
0.647750,1.346241
0.648250,1.191958
0.648750,0.960384
0.649250,0.378129
0.649750,1.273552
0.650250,0.283317
0.650750,0.183791
0.651250,1.317068
0.651750,0.458736
0.652250,0.583867
0.652750,0.954101
0.653250,0.933325
0.653750,1.315299
0.654250,0.971508
0.654750,1.002408
0.655250,0.805071
0.655750,1.588458
0.656250,1.865294
0.656750,1.138004
0.657250,1.494032
0.657750,0.733484
0.658250,0.576250
0.658750,1.462636
0.659250,0.189212
0.659750,0.054725
0.660250,0.721888
0.660750,0.837524
0.661250,0.583191
0.661750,0.103239
0.662250,0.484551
0.662750,0.567151
0.663250,0.501909
0.663750,0.686238
0.664250,0.086362
0.664750,1.277152
0.665250,0.803034
0.665750,0.042501
0.666250,-0.320351
0.666750,0.053003
0.667250,-0.367004
0.667750,-0.346278
0.668250,-1.113901
0.668750,-0.545318
0.669250,-0.309690
0.669750,-0.620456
0.670250,-0.206597
0.670750,-0.616265
0.671250,-0.624456
0.671750,-0.833123
0.672250,-0.674960
0.672750,-1.038512
0.673250,-1.486228
0.673750,-0.445579
0.674250,-0.321305
0.674750,-1.193928
0.675250,-1.058569
0.675750,-1.308913
0.676250,-0.889762
0.676750,-0.835984
0.677250,-1.175407
0.677750,-0.712931
0.678250,-1.503609
0.678750,-0.794078
0.679250,-1.051001
0.679750,-0.648779
0.680250,-1.128383
0.680750,-0.190743
0.681250,-1.077018
0.681750,-1.307815
0.682250,-1.654619
0.682750,-1.153593
0.683250,-0.467762
0.683750,-0.985384
0.684250,0.056811
0.684750,-0.896677
0.685250,-1.782764
0.685750,-1.240026
0.686250,-0.945820
0.686750,-1.408473
0.687250,-0.129536
0.687750,-0.302186
0.688250,-0.783520
0.688750,-1.198630
0.689250,-0.963044
0.689750,-0.725322
0.690250,-0.452636
0.690750,-0.199688
0.691250,-0.152789
0.691750,-0.427307
0.692250,-0.920589
0.692750,-0.856567
0.693250,-0.294750
0.693750,0.070944
0.694250,-0.723024
0.694750,-1.138332
0.695250,-0.993575
0.695750,-1.152457
0.696250,-1.035790
0.696750,-0.740143
0.697250,-0.072014
0.697750,-0.632298
0.698250,-1.007513
0.698750,-0.810729
0.699250,-1.280564
0.699750,-0.423735
0.700250,-0.915567
0.700750,-1.248469
0.701250,-0.281203
0.701750,-1.552133
0.702250,-1.014358
0.702750,-1.251633
0.703250,-1.620828
0.703750,-1.361820
0.704250,-0.628389
0.704750,-1.778627
0.705250,-1.372896
0.705750,-1.316791
0.706250,-1.594378
0.706750,-1.877869
0.707250,-1.058674
0.707750,-1.104603
0.708250,-1.381853
0.708750,-1.345582
0.709250,-1.042015
0.709750,-1.000846
0.710250,-0.708451
0.710750,-0.967482
0.711250,-0.394861
0.711750,-0.403180
0.712250,-1.496739
0.712750,-0.332600
0.713250,-0.638224
0.713750,-0.255327
0.714250,-0.041099
0.714750,-0.483515
0.715250,-0.770130
0.715750,-0.286762
0.716250,-0.698232
0.716750,-1.744685
0.717250,0.533168
0.717750,-0.480552
0.718250,0.111925
0.718750,0.054048
0.719250,-0.044246
0.719750,-0.154298
0.720250,0.214823
0.720750,-0.673982
0.721250,0.065124
0.721750,-0.023263
0.722250,-0.567677
0.722750,-0.612063
0.723250,0.168402
0.723750,-0.585474
0.724250,-0.892369
0.724750,-0.515265
0.725250,-0.964572
0.725750,-1.126565
0.726250,-0.408511
0.726750,-0.360149
0.727250,-1.013778
0.727750,-1.113578
0.728250,-0.233908
0.728750,-0.300565
0.729250,-0.728723
0.729750,-0.520322
0.730250,-0.253962
0.730750,-0.550974
0.731250,-1.457261
0.731750,-1.759851
0.732250,-1.187187
0.732750,-1.272708
0.733250,-1.191399
0.733750,-1.230093
0.734250,-0.760636
0.734750,-1.974643
0.735250,-1.550339
0.735750,-0.971990
0.736250,-1.269305
0.736750,-1.457148
0.737250,-1.150843
0.737750,-1.288642
0.738250,-1.703703
0.738750,-1.447777
0.739250,-1.772070
0.739750,-2.001811
0.740250,-1.385883
0.740750,-2.277148
0.741250,-2.004035
0.741750,-1.040453
0.742250,-1.222236
0.742750,-0.688388
0.743250,-1.358786
0.743750,-0.960917
0.744250,-1.547910
0.744750,-1.219195
0.745250,-1.617811
0.745750,-1.580284
0.746250,-1.408445
0.746750,-1.003403
0.747250,-1.644133
0.747750,-1.400786
0.748250,-1.567183
0.748750,-1.693864
0.749250,-0.929018
0.749750,-1.403257
0.750250,-1.746151
0.750750,-1.080463
0.751250,-1.274704
0.751750,-1.579741
0.752250,-2.189898
0.752750,-2.197405
0.753250,-2.057068
0.753750,-1.358885
0.754250,-2.267217
0.754750,-1.474689
0.755250,-2.041477
0.755750,-1.990031
0.756250,-2.236293
0.756750,-1.528117
0.757250,-1.654383
0.757750,-1.466683
0.758250,-2.836480
0.758750,-2.306070
0.759250,-2.969016
0.759750,-2.594833
0.760250,-2.297565
0.760750,-1.811781
0.761250,-3.000911
0.761750,-2.924062
0.762250,-2.778381
0.762750,-3.359471
0.763250,-3.657911
0.763750,-3.029401
0.764250,-3.176941
0.764750,-3.466290
0.765250,-3.498198
0.765750,-3.599137
0.766250,-3.948596
0.766750,-4.207214
0.767250,-3.530752
0.767750,-3.423220
0.768250,-4.032050
0.768750,-3.447244
0.769250,-3.510092
0.769750,-3.288723
0.770250,-3.744555
0.770750,-3.042724
0.771250,-2.765774
0.771750,-3.027736
0.772250,-3.534845
0.772750,-3.347878
0.773250,-3.494789
0.773750,-3.583484
0.774250,-3.737796
0.774750,-2.729953
0.775250,-2.981164
0.775750,-3.816937
0.776250,-3.218232
0.776750,-3.787564
0.777250,-3.991967
0.777750,-3.680893
0.778250,-3.290649
0.778750,-3.328885
0.779250,-3.314070
0.779750,-3.562394
0.780250,-2.966162
0.780750,-3.915974
0.781250,-3.813565
0.781750,-2.766478
0.782250,-3.425320
0.782750,-2.755035
0.783250,-2.784224
0.783750,-2.935856
0.784250,-3.195718
0.784750,-3.115601
0.785250,-2.010256
0.785750,-3.001947
0.786250,-2.401139
0.786750,-2.681676
0.787250,-3.145390
0.787750,-2.943211
0.788250,-3.162467
0.788750,-3.014909
0.789250,-3.718729
0.789750,-3.106164
0.790250,-3.101152
0.790750,-3.430429
0.791250,-3.530261
0.791750,-3.323013
0.792250,-4.281516
0.792750,-3.633736
0.793250,-2.855542
0.793750,-3.439703
0.794250,-3.029152
0.794750,-3.573026
0.795250,-3.772745
0.795750,-3.953864
0.796250,-3.248876
0.796750,-3.404942
0.797250,-3.141965
0.797750,-3.076063
0.798250,-3.530361
0.798750,-3.460904
0.799250,-3.499516
0.799750,-3.593111
0.800250,-3.488702
0.800750,-2.802226
0.801250,-3.407233
0.801750,-4.016952
0.802250,-3.505599
0.802750,-3.488475
0.803250,-3.469737
0.803750,-4.022655
0.804250,-3.450641
0.804750,-4.210883
0.805250,-2.430541
0.805750,-3.645269
0.806250,-3.417511
0.806750,-2.518679
0.807250,-3.024716
0.807750,-2.941203
0.808250,-3.047789
0.808750,-2.681511
0.809250,-3.255342
0.809750,-2.505317
0.810250,-2.268049
0.810750,-2.505892
0.811250,-2.281594
0.811750,-2.596778
0.812250,-2.307150
0.812750,-2.238007
0.813250,-2.145468
0.813750,-2.595382
0.814250,-2.869936
0.814750,-2.598361
0.815250,-2.428943
0.815750,-2.372458
0.816250,-1.970185
0.816750,-1.988297
0.817250,-2.243850
0.817750,-2.325347
0.818250,-2.744445
0.818750,-1.873542
0.819250,-2.293884
0.819750,-2.777194
0.820250,-2.375063
0.820750,-1.653907
0.821250,-2.883253
0.821750,-2.431229
0.822250,-1.813006
0.822750,-1.853346
0.823250,-1.861000
0.823750,-1.842059
0.824250,-2.414548
0.824750,-1.893084
0.825250,-2.777337
0.825750,-2.333605
0.826250,-1.498948
0.826750,-1.935242
0.827250,-2.318799
0.827750,-2.416350
0.828250,-2.746432
0.828750,-2.537142
0.829250,-2.912207
0.829750,-2.208442
0.830250,-3.185313
0.830750,-2.926881
0.831250,-2.895412
0.831750,-3.074978
0.832250,-2.811406
0.832750,-3.977248
0.833250,-3.326200
0.833750,-3.009797
0.834250,-3.080374
0.834750,-2.742571
0.835250,-2.091799
0.835750,-4.125221
0.836250,-2.560328
0.836750,-2.550812
0.837250,-2.605802
0.837750,-2.936848
0.838250,-2.533677
0.838750,-2.893024
0.839250,-3.400409
0.839750,-2.450134
0.840250,-3.325844
0.840750,-3.012927
0.841250,-3.118093
0.841750,-3.581368
0.842250,-3.025773
0.842750,-2.920982
0.843250,-3.389268
0.843750,-2.535393
0.844250,-3.258378
0.844750,-3.032859
0.845250,-2.735098
0.845750,-2.743813
0.846250,-2.222685
0.846750,-3.257449
0.847250,-2.955163
0.847750,-2.671344
0.848250,-3.640212
0.848750,-3.488903
0.849250,-2.348543
0.849750,-2.512426
0.850250,-2.174412
0.850750,-3.061610
0.851250,-2.818553
0.851750,-3.097691
0.852250,-3.039654
0.852750,-2.151008
0.853250,-1.630770
0.853750,-2.621110
0.854250,-2.514003
0.854750,-2.687027
0.855250,-4.130333
0.855750,-3.000370
0.856250,-3.630309
0.856750,-4.143011
0.857250,-3.894182
0.857750,-4.094484
0.858250,-4.105045
0.858750,-3.532359
0.859250,-3.314818
0.859750,-3.050904
0.860250,-3.217620
0.860750,-4.020542
0.861250,-3.558596
0.861750,-4.169266
0.862250,-3.695980
0.862750,-3.208478
0.863250,-4.108253
0.863750,-3.888905
0.864250,-3.206473
0.864750,-3.532793
0.865250,-3.842380
0.865750,-3.204378
0.866250,-4.223857
0.866750,-4.898977
0.867250,-4.307191
0.867750,-4.290650
0.868250,-4.287888
0.868750,-3.755544
0.869250,-4.117216
0.869750,-4.133976
0.870250,-4.334580
0.870750,-4.889881
0.871250,-4.517361
0.871750,-4.137562
0.872250,-3.945627
0.872750,-3.787871
0.873250,-4.201554
0.873750,-4.542785
0.874250,-4.277773
0.874750,-4.369637
0.875250,-3.760175
0.875750,-4.550362
0.876250,-3.898318
0.876750,-3.522102
0.877250,-4.683024
0.877750,-4.837066
0.878250,-4.254079
0.878750,-4.803304
0.879250,-3.986092
0.879750,-4.305226
0.880250,-3.945511
0.880750,-4.205106
0.881250,-3.565127
0.881750,-4.549428
0.882250,-3.756021
0.882750,-3.702661
0.883250,-2.280809
0.883750,-2.816186
0.884250,-4.037514
0.884750,-3.501856
0.885250,-4.163291
0.885750,-3.919536
0.886250,-3.915562
0.886750,-3.107643
0.887250,-4.149917
0.887750,-2.762999
0.888250,-3.729261
0.888750,-3.906418
0.889250,-3.916550
0.889750,-3.818893
0.890250,-4.387356
0.890750,-4.032200
0.891250,-2.880202
0.891750,-4.076774
0.892250,-3.447732
0.892750,-3.997251
0.893250,-4.052130
0.893750,-4.245847
0.894250,-3.096753
0.894750,-3.216821
0.895250,-2.461711
0.895750,-2.760035
0.896250,-3.525565
0.896750,-4.149765
0.897250,-3.985902
0.897750,-3.471207
0.898250,-2.932327
0.898750,-3.374983
0.899250,-3.849259
0.899750,-3.571722
0.900250,-3.684590
0.900750,-3.999307
0.901250,-3.318401
0.901750,-4.146795
0.902250,-4.027577
0.902750,-2.870018
0.903250,-3.145460
0.903750,-4.571545
0.904250,-3.758117
0.904750,-3.916991
0.905250,-3.719647
0.905750,-3.322967
0.906250,-4.037555
0.906750,-2.848308
0.907250,-3.288056
0.907750,-3.678325
0.908250,-3.422911
0.908750,-3.213724
0.909250,-3.936288
0.909750,-3.241944
0.910250,-3.621142
0.910750,-2.557605
0.911250,-2.441835
0.911750,-2.131824
0.912250,-3.115692
0.912750,-2.505735
0.913250,-2.919267
0.913750,-2.227615
0.914250,-2.413300
0.914750,-2.516247
0.915250,-2.039581
0.915750,-2.813324
0.916250,-2.087396
0.916750,-2.173550
0.917250,-1.822216
0.917750,-1.654701
0.918250,-1.706378
0.918750,-1.884317
0.919250,-2.453951
0.919750,-2.561627
0.920250,-1.715924
0.920750,-2.057440
0.921250,-1.961737
0.921750,-1.487919
0.922250,-0.958407
0.922750,-1.690954
0.923250,-1.960536
0.923750,-1.720342
0.924250,-1.968758
0.924750,-2.220114
0.925250,-2.013325
0.925750,-1.592050
0.926250,-1.742857
0.926750,-1.216358
0.927250,-1.600775
0.927750,-1.317797
0.928250,-1.400848
0.928750,-2.042643
0.929250,-1.777596
0.929750,-2.144190
0.930250,-1.352381
0.930750,-1.430034
0.931250,-1.998175
0.931750,-1.702172
0.932250,-2.124009
0.932750,-2.015252
0.933250,-2.831758
0.933750,-3.193764
0.934250,-2.717255
0.934750,-1.770913
0.935250,-2.187249
0.935750,-2.594916
0.936250,-2.922339
0.936750,-2.654358
0.937250,-2.160360
0.937750,-2.209592
0.938250,-1.118187
0.938750,-2.318308
0.939250,-2.591525
0.939750,-2.553258
0.940250,-2.229068
0.940750,-2.720682
0.941250,-2.691357
0.941750,-2.283352
0.942250,-2.401431
0.942750,-1.406793
0.943250,-2.990397
0.943750,-1.311422
0.944250,-2.411583
0.944750,-2.839164
0.945250,-2.152717
0.945750,-2.570843
0.946250,-2.406383
0.946750,-1.833941
0.947250,-2.915227
0.947750,-2.188135
0.948250,-2.180326
0.948750,-1.660505
0.949250,-2.642205
0.949750,-2.501414
0.950250,-2.396636
0.950750,-1.890370
0.951250,-1.372115
0.951750,-2.497276
0.952250,-1.350091
0.952750,-1.686614
0.953250,-1.433221
0.953750,-2.239669
0.954250,-2.325628
0.954750,-2.149426
0.955250,-1.367468
0.955750,-2.527283
0.956250,-2.856111
0.956750,-3.266570
0.957250,-1.492690
0.957750,-1.556182
0.958250,-1.656681
0.958750,-2.458714
0.959250,-1.952974
0.959750,-2.493846
0.960250,-2.811393
0.960750,-2.736918
0.961250,-1.662734
0.961750,-1.998785
0.962250,-1.974817
0.962750,-1.697310
0.963250,-2.388796
0.963750,-1.836426
0.964250,-2.071366
0.964750,-2.324219
0.965250,-2.279799
0.965750,-1.480064
0.966250,-2.235605
0.966750,-2.741803
0.967250,-2.458187
0.967750,-2.768315
0.968250,-2.607428
0.968750,-4.037268
0.969250,-2.156022
0.969750,-2.363016
0.970250,-2.729758
0.970750,-3.501845
0.971250,-3.595719
0.971750,-3.892749
0.972250,-2.959734
0.972750,-3.630128
0.973250,-4.578552
0.973750,-4.021491
0.974250,-3.439303
0.974750,-2.578590
0.975250,-2.543823
0.975750,-3.736339
0.976250,-3.624508
0.976750,-3.754941
0.977250,-3.191552
0.977750,-3.553976
0.978250,-3.701969
0.978750,-3.978114
0.979250,-3.633922
0.979750,-3.475400
0.980250,-4.623304
0.980750,-3.806837
0.981250,-3.497256
0.981750,-2.818822
0.982250,-3.006579
0.982750,-2.626995
0.983250,-4.293648
0.983750,-3.333019
0.984250,-3.169694
0.984750,-2.505321
0.985250,-3.237860
0.985750,-2.733397
0.986250,-2.588691
0.986750,-2.488409
0.987250,-2.870516
0.987750,-3.737707
0.988250,-2.571652
0.988750,-2.833490
0.989250,-2.664280
0.989750,-2.557872
0.990250,-2.593808
0.990750,-2.888802
0.991250,-2.306302
0.991750,-2.826268
0.992250,-3.335932
0.992750,-3.655947
0.993250,-3.448179
0.993750,-2.631108
0.994250,-2.495984
0.994750,-2.681239
0.995250,-3.296641
0.995750,-2.259568
0.996250,-3.046402
0.996750,-1.883764
0.997250,-2.879814
0.997750,-3.548047
0.998250,-3.078569
0.998750,-2.214354
0.999250,-2.188648
0.999750,-1.966039
