0.000250,0.117889
0.000750,0.091627
0.001250,0.092426
0.001750,-0.092197
0.002250,-0.088465
0.002750,0.077159
0.003250,0.144114
0.003750,0.157137
0.004250,0.347909
0.004750,0.612873
0.005250,0.754621
0.005750,0.728918
0.006250,0.675053
0.006750,0.680108
0.007250,0.742611
0.007750,0.799198
0.008250,0.826515
0.008750,0.716967
0.009250,0.571758
0.009750,0.509421
0.010250,0.545235
0.010750,0.634409
0.011250,0.811208
0.011750,0.912274
0.012250,0.953046
0.012750,1.002621
0.013250,1.001661
0.013750,1.033262
0.014250,1.172035
0.014750,1.339107
0.015250,1.509641
0.015750,1.744695
0.016250,1.781250
0.016750,1.834551
0.017250,1.833974
0.017750,1.759366
0.018250,1.631308
0.018750,1.671996
0.019250,1.672980
0.019750,1.686158
0.020250,1.740817
0.020750,1.805151
0.021250,1.803459
0.021750,1.663759
0.022250,1.602768
0.022750,1.480761
0.023250,1.336377
0.023750,1.246024
0.024250,1.267317
0.024750,1.288572
0.025250,1.292223
0.025750,1.366385
0.026250,1.581296
0.026750,1.596965
0.027250,1.593486
0.027750,1.617738
0.028250,1.595707
0.028750,1.592465
0.029250,1.582902
0.029750,1.580381
0.030250,1.590756
0.030750,1.730112
0.031250,1.882218
0.031750,1.928163
0.032250,2.009065
0.032750,2.224717
0.033250,2.234969
0.033750,2.204276
0.034250,2.234408
0.034750,2.224963
0.035250,2.060675
0.035750,2.048540
0.036250,1.899581
0.036750,1.846111
0.037250,1.899936
0.037750,1.781930
0.038250,1.847404
0.038750,1.862829
0.039250,1.845768
0.039750,1.917132
0.040250,1.783380
0.040750,1.817698
0.041250,1.673191
0.041750,1.506193
0.042250,1.493384
0.042750,1.287149
0.043250,1.155227
0.043750,1.023422
0.044250,0.937792
0.044750,1.035893
0.045250,0.989745
0.045750,1.072425
0.046250,0.944202
0.046750,1.118784
0.047250,1.229315
0.047750,1.237086
0.048250,1.305801
0.048750,1.200251
0.049250,1.303904
0.049750,1.182638
0.050250,1.296982
0.050750,1.191004
0.051250,1.196448
0.051750,1.139751
0.052250,1.090524
0.052750,1.281133
0.053250,1.307966
0.053750,1.443424
0.054250,1.372978
0.054750,1.597843
0.055250,1.609999
0.055750,1.800196
0.056250,1.855142
0.056750,1.914012
0.057250,1.767240
0.057750,1.864220
0.058250,1.856492
0.058750,1.865832
0.059250,1.676095
0.059750,1.711643
0.060250,1.440141
0.060750,1.468843
0.061250,1.438776
0.061750,1.433278
0.062250,1.404731
0.062750,1.485964
0.063250,1.344498
0.063750,1.419625
0.064250,1.416265
0.064750,1.490762
0.065250,1.494801
0.065750,1.408904
0.066250,1.356039
0.066750,1.172146
0.067250,1.115597
0.067750,0.942815
0.068250,0.907126
0.068750,0.835079
0.069250,0.711851
0.069750,0.471986
0.070250,0.477815
0.070750,0.430771
0.071250,0.528681
0.071750,0.468169
0.072250,0.490486
0.072750,0.397650
0.073250,0.473675
0.073750,0.617131
0.074250,0.572124
0.074750,0.809549
0.075250,0.693428
0.075750,0.766195
0.076250,0.748839
0.076750,0.655503
0.077250,0.710636
0.077750,0.655419
0.078250,0.740426
0.078750,0.640675
0.079250,0.681612
0.079750,0.460574
0.080250,0.613492
0.080750,0.549166
0.081250,0.610118
0.081750,0.830494
0.082250,0.724069
0.082750,0.880567
0.083250,0.857035
0.083750,1.047165
0.084250,1.057046
0.084750,1.158148
0.085250,1.340700
0.085750,1.229586
0.086250,1.371823
0.086750,1.283651
0.087250,1.199505
0.087750,1.322330
0.088250,1.194302
0.088750,1.215916
0.089250,1.153441
0.089750,1.054972
0.090250,0.989907
0.090750,0.688522
0.091250,0.817442
0.091750,0.710102
0.092250,0.803123
0.092750,0.733248
0.093250,0.610497
0.093750,0.710029
0.094250,0.561213
0.094750,0.546105
0.095250,0.648397
0.095750,0.523553
0.096250,0.685845
0.096750,0.638690
0.097250,0.590882
0.097750,0.512239
0.098250,0.341826
0.098750,0.353674
0.099250,0.183660
0.099750,0.164969
0.100250,0.187004
0.100750,-0.109752
0.101250,-0.172924
0.101750,-0.255005
0.102250,-0.490001
0.102750,-0.498484
0.103250,-0.599077
0.103750,-0.655995
0.104250,-0.555669
0.104750,-0.696840
0.105250,-0.584673
0.105750,-0.464977
0.106250,-0.671670
0.106750,-0.491709
0.107250,-0.495177
0.107750,-0.455344
0.108250,-0.271506
0.108750,-0.375229
0.109250,-0.335186
0.109750,-0.358596
0.110250,-0.507065
0.110750,-0.366789
0.111250,-0.391369
0.111750,-0.525915
0.112250,-0.429086
0.112750,-0.542574
0.113250,-0.621997
0.113750,-0.442201
0.114250,-0.696283
0.114750,-0.628863
0.115250,-0.574891
0.115750,-0.686464
0.116250,-0.501757
0.116750,-0.455099
0.117250,-0.528827
0.117750,-0.339505
0.118250,-0.412437
0.118750,-0.337409
0.119250,-0.194765
0.119750,-0.176989
0.120250,-0.125801
0.120750,0.172631
0.121250,-0.030528
0.121750,0.134960
0.122250,0.045741
0.122750,0.029844
0.123250,-0.001451
0.123750,0.025841
0.124250,-0.206040
0.124750,-0.091411
0.125250,-0.133417
0.125750,-0.322993
0.126250,-0.337585
0.126750,-0.347200
0.127250,-0.626398
0.127750,-0.614901
0.128250,-0.638257
0.128750,-0.800329
0.129250,-0.564946
0.129750,-0.720529
0.130250,-0.734772
0.130750,-0.728886
0.131250,-0.792525
0.131750,-0.917436
0.132250,-0.774392
0.132750,-0.707414
0.133250,-0.910188
0.133750,-0.713597
0.134250,-0.762244
0.134750,-0.996443
0.135250,-0.894757
0.135750,-0.885323
0.136250,-1.142583
0.136750,-1.202860
0.137250,-1.293806
0.137750,-1.376652
0.138250,-1.308235
0.138750,-1.450618
0.139250,-1.695395
0.139750,-1.798208
0.140250,-1.771766
0.140750,-2.133637
0.141250,-2.151902
0.141750,-1.980088
0.142250,-2.267383
0.142750,-2.134331
0.143250,-2.102673
0.143750,-2.218997
0.144250,-2.141197
0.144750,-2.111011
0.145250,-2.208040
0.145750,-2.221255
0.146250,-2.065711
0.146750,-2.086086
0.147250,-1.958995
0.147750,-1.740056
0.148250,-1.914698
0.148750,-2.005124
0.149250,-1.722187
0.149750,-1.814794
0.150250,-2.039348
0.150750,-1.952817
0.151250,-1.945597
0.151750,-2.004256
0.152250,-1.926475
0.152750,-1.791510
0.153250,-2.059720
0.153750,-2.079747
0.154250,-2.013826
0.154750,-2.218296
0.155250,-2.193675
0.155750,-2.035364
0.156250,-2.067952
0.156750,-2.089892
0.157250,-1.993163
0.157750,-1.817834
0.158250,-1.948359
0.158750,-1.738102
0.159250,-1.636910
0.159750,-1.834991
0.160250,-1.714591
0.160750,-1.373849
0.161250,-1.383360
0.161750,-1.487310
0.162250,-1.144688
0.162750,-1.211071
0.163250,-1.129645
0.163750,-1.146972
0.164250,-1.039232
0.164750,-1.218462
0.165250,-1.199656
0.165750,-1.154771
0.166250,-1.350510
0.166750,-1.307409
0.167250,-1.150163
0.167750,-1.269067
0.168250,-1.511628
0.168750,-1.380832
0.169250,-1.314774
0.169750,-1.674472
0.170250,-1.677646
0.170750,-1.579846
0.171250,-1.688526
0.171750,-1.763710
0.172250,-1.754477
0.172750,-1.571367
0.173250,-1.702346
0.173750,-1.696890
0.174250,-1.655604
0.174750,-1.685018
0.175250,-1.782726
0.175750,-1.624713
0.176250,-1.721540
0.176750,-1.760158
0.177250,-1.594664
0.177750,-1.450045
0.178250,-1.633589
0.178750,-1.741068
0.179250,-1.565592
0.179750,-1.745624
0.180250,-1.928860
0.180750,-1.830191
0.181250,-1.730843
0.181750,-1.941630
0.182250,-2.050488
0.182750,-1.967499
0.183250,-1.987699
0.183750,-2.351486
0.184250,-2.342905
0.184750,-2.376793
0.185250,-2.532754
0.185750,-2.610395
0.186250,-2.590444
0.186750,-2.512857
0.187250,-2.701554
0.187750,-2.677692
0.188250,-2.426548
0.188750,-2.578678
0.189250,-2.606964
0.189750,-2.459165
0.190250,-2.484196
0.190750,-2.577874
0.191250,-2.492612
0.191750,-2.320185
0.192250,-2.298882
0.192750,-2.458414
0.193250,-2.148699
0.193750,-1.995728
0.194250,-1.990584
0.194750,-2.042918
0.195250,-1.905453
0.195750,-1.965291
0.196250,-2.093710
0.196750,-2.018447
0.197250,-1.976887
0.197750,-1.853396
0.198250,-2.100850
0.198750,-1.945360
0.199250,-1.884100
0.199750,-1.901798
0.200250,-1.964705
0.200750,-1.885086
0.201250,-1.898326
0.201750,-2.138296
0.202250,-2.098691
0.202750,-1.881144
0.203250,-1.941752
0.203750,-1.980775
0.204250,-1.772338
0.204750,-1.554928
0.205250,-1.707332
0.205750,-1.644451
0.206250,-1.445287
0.206750,-1.351587
0.207250,-1.441919
0.207750,-1.360234
0.208250,-1.141429
0.208750,-1.193309
0.209250,-1.197015
0.209750,-0.957022
0.210250,-0.735914
0.210750,-0.780783
0.211250,-0.822813
0.211750,-0.695036
0.212250,-0.615101
0.212750,-0.658821
0.213250,-0.745858
0.213750,-0.696828
0.214250,-0.554941
0.214750,-0.717764
0.215250,-0.766455
0.215750,-0.644434
0.216250,-0.637438
0.216750,-0.943181
0.217250,-0.931939
0.217750,-0.805349
0.218250,-0.883181
0.218750,-1.148842
0.219250,-1.186880
0.219750,-0.981681
0.220250,-1.095947
0.220750,-1.229932
0.221250,-1.126678
0.221750,-0.965590
0.222250,-1.034338
0.222750,-1.124671
0.223250,-1.056001
0.223750,-0.961237
0.224250,-1.047544
0.224750,-1.103208
0.225250,-1.001374
0.225750,-0.968344
0.226250,-0.994846
0.226750,-0.922452
0.227250,-0.731784
0.227750,-0.703992
0.228250,-0.896843
0.228750,-1.017044
0.229250,-0.941761
0.229750,-0.976563
0.230250,-1.079996
0.230750,-1.255381
0.231250,-1.116525
0.231750,-1.037293
0.232250,-1.226990
0.232750,-1.343716
0.233250,-1.279042
0.233750,-1.282168
0.234250,-1.517072
0.234750,-1.615184
0.235250,-1.462194
0.235750,-1.797507
0.236250,-1.831250
0.236750,-1.864734
0.237250,-1.944092
0.237750,-1.844919
0.238250,-1.923075
0.238750,-1.926820
0.239250,-1.873232
0.239750,-1.803748
0.240250,-1.848018
0.240750,-1.831140
0.241250,-1.861855
0.241750,-1.697871
0.242250,-1.778459
0.242750,-1.929518
0.243250,-1.816438
0.243750,-1.599429
0.244250,-1.694182
0.244750,-1.495561
0.245250,-1.246116
0.245750,-1.198118
0.246250,-1.186121
0.246750,-1.366271
0.247250,-1.110294
0.247750,-1.116821
0.248250,-1.217946
0.248750,-1.350992
0.249250,-1.179327
0.249750,-1.092424
0.250250,-1.101130
0.250750,-1.306036
0.251250,-1.231779
0.251750,-1.032663
0.252250,-1.043069
0.252750,-1.200960
0.253250,-1.190187
0.253750,-1.080275
0.254250,-1.080704
0.254750,-1.362527
0.255250,-1.259638
0.255750,-1.041012
0.256250,-1.166613
0.256750,-1.225579
0.257250,-0.992728
0.257750,-0.737043
0.258250,-0.767022
0.258750,-0.957633
0.259250,-0.830606
0.259750,-0.586549
0.260250,-0.604372
0.260750,-0.518217
0.261250,-0.474757
0.261750,-0.359671
0.262250,-0.120503
0.262750,-0.249993
0.263250,-0.165180
0.263750,-0.066011
0.264250,0.206881
0.264750,0.177379
0.265250,0.034245
0.265750,0.146686
0.266250,0.290200
0.266750,0.332248
0.267250,0.119161
0.267750,0.186832
0.268250,0.352393
0.268750,0.376374
0.269250,0.202531
0.269750,0.160496
0.270250,0.142752
0.270750,0.348858
0.271250,0.151614
0.271750,0.076498
0.272250,-0.010216
0.272750,0.114527
0.273250,-0.031440
0.273750,-0.253465
0.274250,-0.058062
0.274750,-0.036932
0.275250,-0.015761
0.275750,-0.215632
0.276250,-0.242000
0.276750,-0.173664
0.277250,0.066202
0.277750,-0.138234
0.278250,-0.263778
0.278750,-0.047979
0.279250,-0.032203
0.279750,0.059804
0.280250,-0.160450
0.280750,-0.078690
0.281250,-0.007142
0.281750,0.088978
0.282250,0.085016
0.282750,-0.070597
0.283250,0.136496
0.283750,0.265329
0.284250,0.248505
0.284750,-0.066142
0.285250,0.117494
0.285750,0.292326
0.286250,0.093807
0.286750,-0.146810
0.287250,-0.038139
0.287750,0.008140
0.288250,-0.022750
0.288750,-0.264776
0.289250,-0.372019
0.289750,-0.433522
0.290250,-0.338231
0.290750,-0.416295
0.291250,-0.500223
0.291750,-0.414689
0.292250,-0.470452
0.292750,-0.538349
0.293250,-0.790739
0.293750,-0.936290
0.294250,-0.910837
0.294750,-0.756939
0.295250,-0.683469
0.295750,-0.790466
0.296250,-0.956424
0.296750,-0.852979
0.297250,-0.817161
0.297750,-0.816747
0.298250,-0.743634
0.298750,-0.661436
0.299250,-0.485542
0.299750,-0.674829
0.300250,-0.882505
0.300750,-0.877118
0.301250,-0.480611
0.301750,-0.317444
0.302250,-0.419734
0.302750,-0.379673
0.303250,-0.294656
0.303750,-0.039652
0.304250,-0.090664
0.304750,-0.221214
0.305250,-0.214185
0.305750,-0.061785
0.306250,0.066511
0.306750,0.015625
0.307250,-0.105357
0.307750,0.081554
0.308250,0.138816
0.308750,0.102168
0.309250,-0.004804
0.309750,0.086000
0.310250,0.012417
0.310750,0.163428
0.311250,0.153183
0.311750,-0.089074
0.312250,-0.058351
0.312750,0.172507
0.313250,0.127028
0.313750,0.041234
0.314250,0.103115
0.314750,0.167513
0.315250,0.173920
0.315750,0.205042
0.316250,0.179944
0.316750,0.293984
0.317250,0.522026
0.317750,0.678092
0.318250,0.558367
0.318750,0.532426
0.319250,0.667634
0.319750,0.854321
0.320250,0.714235
0.320750,0.687762
0.321250,1.044248
0.321750,1.047648
0.322250,1.275171
0.322750,1.335122
0.323250,1.253753
0.323750,1.411126
0.324250,1.626220
0.324750,1.667457
0.325250,1.615526
0.325750,1.554487
0.326250,1.645836
0.326750,1.867751
0.327250,1.791647
0.327750,1.779179
0.328250,1.673364
0.328750,1.821732
0.329250,1.840034
0.329750,1.794339
0.330250,1.608363
0.330750,1.736351
0.331250,1.925353
0.331750,1.951198
0.332250,1.913489
0.332750,1.652513
0.333250,1.742691
0.333750,1.835706
0.334250,1.599842
0.334750,1.530136
0.335250,1.425509
0.335750,1.317466
0.336250,1.554895
0.336750,1.704481
0.337250,1.471104
0.337750,1.576930
0.338250,1.558980
0.338750,1.864797
0.339250,1.701295
0.339750,1.604866
0.340250,1.568295
0.340750,1.704011
0.341250,1.821399
0.341750,1.836000
0.342250,1.474811
0.342750,1.774593
0.343250,1.766882
0.343750,1.879774
0.344250,1.918913
0.344750,1.804360
0.345250,1.916751
0.345750,2.014974
0.346250,2.260612
0.346750,2.048275
0.347250,1.944902
0.347750,2.026937
0.348250,2.178142
0.348750,2.076787
0.349250,1.838573
0.349750,1.596840
0.350250,1.755973
0.350750,1.930076
0.351250,1.837065
0.351750,1.783786
0.352250,1.601796
0.352750,1.739535
0.353250,1.793954
0.353750,1.621219
0.354250,1.345050
0.354750,1.422283
0.355250,1.408655
0.355750,1.423857
0.356250,1.301049
0.356750,1.040623
0.357250,1.204078
0.357750,1.241711
0.358250,1.347427
0.358750,1.222838
0.359250,1.044258
0.359750,0.978434
0.360250,1.322844
0.360750,1.374532
0.361250,1.258295
0.361750,1.153648
0.362250,1.262700
0.362750,1.360008
0.363250,1.573225
0.363750,1.453507
0.364250,1.305205
0.364750,1.487548
0.365250,1.819434
0.365750,1.730821
0.366250,1.794474
0.366750,1.547462
0.367250,1.808134
0.367750,2.056450
0.368250,2.147621
0.368750,2.104047
0.369250,2.017867
0.369750,2.195513
0.370250,2.238929
0.370750,2.347012
0.371250,2.351602
0.371750,2.114750
0.372250,2.121877
0.372750,2.415964
0.373250,2.411121
0.373750,2.336258
0.374250,2.238485
0.374750,2.327505
0.375250,2.470062
0.375750,2.512807
0.376250,2.341432
0.376750,2.141176
0.377250,2.388438
0.377750,2.432184
0.378250,2.586895
0.378750,2.578073
0.379250,2.441684
0.379750,2.381977
0.380250,2.365889
0.380750,2.603476
0.381250,2.654397
0.381750,2.459611
0.382250,2.698274
0.382750,2.769739
0.383250,2.934508
0.383750,3.002370
0.384250,2.886280
0.384750,2.941882
0.385250,3.019874
0.385750,3.233226
0.386250,3.354992
0.386750,3.092984
0.387250,3.074821
0.387750,3.553133
0.388250,3.659225
0.388750,3.529054
0.389250,3.610653
0.389750,3.636792
0.390250,3.767287
0.390750,3.997067
0.391250,4.186962
0.391750,4.112641
0.392250,3.941496
0.392750,4.142635
0.393250,4.425534
0.393750,4.282240
0.394250,4.133966
0.394750,4.092773
0.395250,4.256557
0.395750,4.450042
0.396250,4.404831
0.396750,4.152813
0.397250,4.117430
0.397750,4.175786
0.398250,4.445842
0.398750,4.454450
0.399250,4.256032
0.399750,4.069920
0.400250,3.978123
0.400750,4.120814
0.401250,4.333636
0.401750,4.089365
0.402250,3.936036
0.402750,3.879408
0.403250,3.945846
0.403750,4.067204
0.404250,4.027921
0.404750,3.763974
0.405250,3.727080
0.405750,3.710115
0.406250,4.080160
0.406750,4.094789
0.407250,3.999424
0.407750,3.828339
0.408250,3.856885
0.408750,4.033687
0.409250,4.152861
0.409750,4.002477
0.410250,3.829735
0.410750,3.960081
0.411250,3.970685
0.411750,4.074143
0.412250,4.181225
0.412750,3.940143
0.413250,3.915312
0.413750,4.139059
0.414250,4.342246
0.414750,4.341747
0.415250,4.292932
0.415750,3.962030
0.416250,4.169301
0.416750,4.213544
0.417250,4.135785
0.417750,3.929802
0.418250,3.797480
0.418750,3.747264
0.419250,3.928054
0.419750,4.069945
0.420250,3.796921
0.420750,3.649529
0.421250,3.854833
0.421750,3.647458
0.422250,3.849288
0.422750,3.628665
0.423250,3.223249
0.423750,3.232799
0.424250,3.204298
0.424750,3.333752
0.425250,3.319348
0.425750,3.150297
0.426250,2.903117
0.426750,2.938719
0.427250,2.997810
0.427750,3.221021
0.428250,2.978139
0.428750,2.892136
0.429250,2.857062
0.429750,2.927504
0.430250,3.028976
0.430750,3.010440
0.431250,3.009328
0.431750,2.991440
0.432250,2.900164
0.432750,3.177753
0.433250,3.045964
0.433750,3.275326
0.434250,3.109398
0.434750,2.957672
0.435250,3.115810
0.435750,3.337742
0.436250,3.236737
0.436750,3.242355
0.437250,3.038271
0.437750,3.319784
0.438250,3.551197
0.438750,3.625314
0.439250,3.685267
0.439750,3.597877
0.440250,3.548500
0.440750,3.703525
0.441250,3.884361
0.441750,3.775564
0.442250,3.581926
0.442750,3.530026
0.443250,3.455611
0.443750,3.732236
0.444250,3.634907
0.444750,3.762358
0.445250,3.512101
0.445750,3.451961
0.446250,3.584736
0.446750,3.807442
0.447250,3.753242
0.447750,3.417773
0.448250,3.577179
0.448750,3.442136
0.449250,3.692289
0.449750,3.528098
0.450250,3.558203
0.450750,3.397391
0.451250,3.366115
0.451750,3.451442
0.452250,3.560139
0.452750,3.615196
0.453250,3.509721
0.453750,3.361207
0.454250,3.400172
0.454750,3.796476
0.455250,3.895259
0.455750,3.894229
0.456250,3.749320
0.456750,3.765021
0.457250,3.913312
0.457750,3.998488
0.458250,3.996937
0.458750,3.932382
0.459250,3.972515
0.459750,4.295041
0.460250,4.229138
0.460750,4.560023
0.461250,4.477750
0.461750,4.368952
0.462250,4.489170
0.462750,4.542043
0.463250,4.713728
0.463750,4.641298
0.464250,4.802931
0.464750,4.687570
0.465250,4.641940
0.465750,4.989333
0.466250,4.858066
0.466750,4.934585
0.467250,4.750103
0.467750,4.687344
0.468250,4.749651
0.468750,4.854232
0.469250,4.850246
0.469750,4.705545
0.470250,4.404159
0.470750,4.366327
0.471250,4.628147
0.471750,4.862699
0.472250,4.784957
0.472750,4.538291
0.473250,4.430201
0.473750,4.503492
0.474250,4.427907
0.474750,4.576624
0.475250,4.321366
0.475750,4.155433
0.476250,4.176659
0.476750,4.138731
0.477250,4.136415
0.477750,3.964600
0.478250,3.970263
0.478750,3.937387
0.479250,4.034231
0.479750,4.017585
0.480250,3.971086
0.480750,4.013566
0.481250,4.054718
0.481750,4.022189
0.482250,4.094276
0.482750,4.180478
0.483250,4.147420
0.483750,4.075918
0.484250,3.992290
0.484750,3.877927
0.485250,3.791799
0.485750,4.024216
0.486250,3.951100
0.486750,3.940749
0.487250,3.890738
0.487750,3.969896
0.488250,3.960310
0.488750,4.227456
0.489250,4.264986
0.489750,4.134493
0.490250,3.947059
0.490750,4.168328
0.491250,4.007139
0.491750,4.032301
0.492250,4.005864
0.492750,3.799440
0.493250,3.437473
0.493750,3.675359
0.494250,3.656254
0.494750,3.526542
0.495250,3.530418
0.495750,3.483454
0.496250,3.383769
0.496750,3.378186
0.497250,3.543678
0.497750,3.354361
0.498250,3.320818
0.498750,2.867208
0.499250,2.989380
0.499750,2.826103
0.500250,2.864083
0.500750,2.827071
0.501250,2.753655
0.501750,2.438364
0.502250,2.555457
0.502750,2.560555
0.503250,2.469249
0.503750,2.564047
0.504250,2.230782
0.504750,2.172914
0.505250,2.410598
0.505750,2.409497
0.506250,2.458667
0.506750,2.611985
0.507250,2.589132
0.507750,2.333133
0.508250,2.216127
0.508750,2.307559
0.509250,2.766171
0.509750,2.540626
0.510250,2.375018
0.510750,2.296189
0.511250,2.433575
0.511750,2.353538
0.512250,2.630282
0.512750,2.609260
0.513250,2.638236
0.513750,2.499867
0.514250,2.775950
0.514750,3.112706
0.515250,2.990959
0.515750,3.084541
0.516250,2.889021
0.516750,2.740829
0.517250,2.973168
0.517750,3.058564
0.518250,3.199734
0.518750,2.976003
0.519250,2.781666
0.519750,2.668752
0.520250,2.749847
0.520750,2.962620
0.521250,2.924052
0.521750,2.874139
0.522250,2.821716
0.522750,2.745004
0.523250,2.885940
0.523750,2.911580
0.524250,2.874559
0.524750,2.878613
0.525250,2.708860
0.525750,2.759802
0.526250,2.865887
0.526750,2.854831
0.527250,2.773929
0.527750,2.747056
0.528250,2.386922
0.528750,2.510493
0.529250,2.492090
0.529750,2.771510
0.530250,2.912980
0.530750,2.948720
0.531250,2.723469
0.531750,2.576693
0.532250,2.575292
0.532750,2.827857
0.533250,2.985674
0.533750,3.042995
0.534250,3.085473
0.534750,2.883765
0.535250,3.094974
0.535750,3.079785
0.536250,3.177640
0.536750,3.281143
0.537250,2.962801
0.537750,3.084405
0.538250,3.262269
0.538750,3.428158
0.539250,3.589168
0.539750,3.647093
0.540250,3.457848
0.540750,3.731197
0.541250,3.689874
0.541750,3.785372
0.542250,4.111475
0.542750,3.844122
0.543250,3.862830
0.543750,3.781247
0.544250,3.772913
0.544750,4.003961
0.545250,3.950355
0.545750,3.979616
0.546250,3.708823
0.546750,3.680755
0.547250,3.875078
0.547750,3.883929
0.548250,4.095692
0.548750,3.916715
0.549250,3.703365
0.549750,3.543173
0.550250,3.534355
0.550750,3.732750
0.551250,3.881912
0.551750,3.833181
0.552250,3.594922
0.552750,3.353170
0.553250,3.375231
0.553750,3.385814
0.554250,3.429012
0.554750,3.308875
0.555250,3.272472
0.555750,3.108297
0.556250,3.271052
0.556750,2.997958
0.557250,3.273164
0.557750,3.179709
0.558250,3.205998
0.558750,2.928762
0.559250,2.987484
0.559750,3.066813
0.560250,3.381414
0.560750,3.254328
0.561250,3.064111
0.561750,2.935292
0.562250,2.931685
0.562750,2.902466
0.563250,3.113146
0.563750,3.171674
0.564250,3.089257
0.564750,2.712281
0.565250,2.763271
0.565750,2.799042
0.566250,3.057929
0.566750,3.247062
0.567250,3.068198
0.567750,2.965431
0.568250,2.834698
0.568750,2.933237
0.569250,2.814551
0.569750,3.050867
0.570250,2.989747
0.570750,2.976236
0.571250,2.868404
0.571750,3.044285
0.572250,2.911325
0.572750,3.113930
0.573250,2.854753
0.573750,2.914437
0.574250,2.728937
0.574750,2.687064
0.575250,2.795362
0.575750,2.680495
0.576250,2.541870
0.576750,2.359440
0.577250,2.065522
0.577750,2.304753
0.578250,2.202143
0.578750,2.166004
0.579250,2.346918
0.579750,2.259265
0.580250,1.899770
0.580750,1.794239
0.581250,1.893079
0.581750,1.780445
0.582250,1.954279
0.582750,1.649769
0.583250,1.553576
0.583750,1.297876
0.584250,1.172906
0.584750,1.363328
0.585250,1.490192
0.585750,1.383590
0.586250,1.397015
0.586750,1.190705
0.587250,1.236584
0.587750,1.124496
0.588250,1.562478
0.588750,1.456895
0.589250,1.246328
0.589750,1.255558
0.590250,1.005832
0.590750,1.079713
0.591250,1.303585
0.591750,1.525137
0.592250,1.410614
0.592750,1.156808
0.593250,1.143675
0.593750,1.145988
0.594250,1.329749
0.594750,1.663403
0.595250,1.690122
0.595750,1.635338
0.596250,1.408731
0.596750,1.470675
0.597250,1.635413
0.597750,1.799082
0.598250,1.701139
0.598750,1.735047
0.599250,1.494320
0.599750,1.447764
0.600250,1.727475
0.600750,1.705797
0.601250,1.847646
0.601750,1.762698
0.602250,1.889107
0.602750,1.514443
0.603250,1.564902
0.603750,1.685414
0.604250,1.798033
0.604750,1.813044
0.605250,1.656806
0.605750,1.337783
0.606250,1.417937
0.606750,1.435352
0.607250,1.799951
0.607750,1.982533
0.608250,1.730541
0.608750,1.625826
0.609250,1.657768
0.609750,1.647311
0.610250,1.632086
0.610750,1.696770
0.611250,1.380547
0.611750,1.426118
0.612250,1.470760
0.612750,1.319059
0.613250,1.191353
0.613750,1.508276
0.614250,1.474824
0.614750,1.605063
0.615250,1.424089
0.615750,1.475271
0.616250,1.419318
0.616750,1.380669
0.617250,1.814557
0.617750,1.742147
0.618250,1.721153
0.618750,1.526073
0.619250,1.576280
0.619750,1.686517
0.620250,1.944587
0.620750,1.915149
0.621250,2.189281
0.621750,1.896600
0.622250,1.979800
0.622750,2.195064
0.623250,2.099739
0.623750,2.373570
0.624250,2.220458
0.624750,2.335863
0.625250,2.316622
0.625750,2.297260
0.626250,2.265492
0.626750,2.683264
0.627250,2.713556
0.627750,2.651215
0.628250,2.642396
0.628750,2.599134
0.629250,2.473289
0.629750,2.769594
0.630250,2.749067
0.630750,2.623173
0.631250,2.588660
0.631750,2.377110
0.632250,2.426477
0.632750,2.459669
0.633250,2.653861
0.633750,2.821391
0.634250,2.455947
0.634750,2.297415
0.635250,2.285601
0.635750,2.405566
0.636250,2.479393
0.636750,2.567250
0.637250,2.506031
0.637750,2.301722
0.638250,2.073446
0.638750,2.133521
0.639250,2.180153
0.639750,2.273022
0.640250,2.216981
0.640750,2.057458
0.641250,1.840135
0.641750,1.664200
0.642250,1.656712
0.642750,1.726001
0.643250,2.000142
0.643750,1.924510
0.644250,1.879282
0.644750,1.577323
0.645250,1.546889
0.645750,1.541743
0.646250,1.680667
0.646750,1.866025
0.647250,1.680987
0.647750,1.677010
0.648250,1.395990
0.648750,1.444989
0.649250,1.489348
0.649750,1.707061
0.650250,1.592792
0.650750,1.694803
0.651250,1.413480
0.651750,1.252795
0.652250,1.404981
0.652750,1.267475
0.653250,1.639330
0.653750,1.565462
0.654250,1.533582
0.654750,1.223682
0.655250,1.302760
0.655750,1.461576
0.656250,1.704148
0.656750,1.756634
0.657250,1.683164
0.657750,1.620230
0.658250,1.471755
0.658750,1.462044
0.659250,1.166476
0.659750,1.373111
0.660250,1.426156
0.660750,1.214418
0.661250,1.161662
0.661750,0.929180
0.662250,1.055785
0.662750,1.045643
0.663250,1.126489
0.663750,0.914919
0.664250,0.907330
0.664750,0.781969
0.665250,0.628048
0.665750,0.604291
0.666250,0.613036
0.666750,0.508108
0.667250,0.647022
0.667750,0.453503
0.668250,-0.026540
0.668750,0.183110
0.669250,0.313840
0.669750,0.200014
0.670250,0.212121
0.670750,0.036479
0.671250,-0.233298
0.671750,-0.304332
0.672250,-0.495678
0.672750,-0.499932
0.673250,-0.278221
0.673750,-0.297120
0.674250,-0.414005
0.674750,-0.551752
0.675250,-0.641714
0.675750,-0.611185
0.676250,-0.441695
0.676750,-0.340744
0.677250,-0.507059
0.677750,-0.292598
0.678250,-0.732596
0.678750,-0.555553
0.679250,-0.378035
0.679750,-0.521158
0.680250,-0.447765
0.680750,-0.602431
0.681250,-0.709511
0.681750,-0.902121
0.682250,-0.777610
0.682750,-0.701147
0.683250,-0.384567
0.683750,-0.111491
0.684250,-0.096467
0.684750,-0.449611
0.685250,-0.679842
0.685750,-0.384953
0.686250,-0.258177
0.686750,-0.230502
0.687250,-0.147307
0.687750,-0.127488
0.688250,-0.166827
0.688750,-0.513970
0.689250,-0.414609
0.689750,-0.298735
0.690250,0.027680
0.690750,0.083532
0.691250,-0.132086
0.691750,-0.420203
0.692250,-0.500543
0.692750,-0.402744
0.693250,-0.408506
0.693750,-0.026044
0.694250,-0.355709
0.694750,-0.355940
0.695250,-0.488481
0.695750,-0.535516
0.696250,-0.434833
0.696750,-0.409830
0.697250,0.011868
0.697750,-0.268465
0.698250,-0.396866
0.698750,-0.601794
0.699250,-0.718465
0.699750,-0.423317
0.700250,-0.602613
0.700750,-0.431431
0.701250,-0.537208
0.701750,-0.696967
0.702250,-0.911535
0.702750,-0.938766
0.703250,-0.884198
0.703750,-0.875713
0.704250,-0.480886
0.704750,-0.634278
0.705250,-0.502983
0.705750,-0.797570
0.706250,-0.900030
0.706750,-0.842609
0.707250,-0.616022
0.707750,-0.411513
0.708250,-0.612599
0.708750,-0.404152
0.709250,-0.636827
0.709750,-0.499242
0.710250,-0.507426
0.710750,-0.278672
0.711250,-0.162125
0.711750,-0.179699
0.712250,-0.256950
0.712750,-0.602757
0.713250,-0.296575
0.713750,-0.134856
0.714250,-0.025593
0.714750,-0.184904
0.715250,-0.115840
0.715750,-0.062768
0.716250,-0.120980
0.716750,-0.165895
0.717250,0.028927
0.717750,0.155339
0.718250,0.379483
0.718750,0.428592
0.719250,0.359792
0.719750,0.100729
0.720250,0.187782
0.720750,0.275588
0.721250,0.472646
0.721750,0.489355
0.722250,0.212042
0.722750,0.216385
0.723250,0.057225
0.723750,0.267049
0.724250,0.139179
0.724750,0.101486
0.725250,0.149140
0.725750,0.226192
0.726250,0.086876
0.726750,-0.109512
0.727250,-0.065834
0.727750,-0.127286
0.728250,-0.095589
0.728750,-0.228700
0.729250,-0.062766
0.729750,-0.203499
0.730250,-0.473521
0.730750,-0.207450
0.731250,-0.495739
0.731750,-0.246160
0.732250,-0.390317
0.732750,-0.531509
0.733250,-0.616401
0.733750,-1.045704
0.734250,-0.762169
0.734750,-0.954622
0.735250,-0.803408
0.735750,-0.742070
0.736250,-0.856353
0.736750,-0.936099
0.737250,-0.949679
0.737750,-0.913266
0.738250,-1.008915
0.738750,-1.073288
0.739250,-0.875101
0.739750,-0.917782
0.740250,-1.026626
0.740750,-1.035355
0.741250,-1.117266
0.741750,-0.874404
0.742250,-0.856576
0.742750,-0.713868
0.743250,-0.850933
0.743750,-1.030543
0.744250,-1.210977
0.744750,-1.078688
0.745250,-1.176555
0.745750,-1.132376
0.746250,-1.004557
0.746750,-1.262223
0.747250,-1.181237
0.747750,-1.280718
0.748250,-1.589400
0.748750,-1.192432
0.749250,-0.904210
0.749750,-0.851586
0.750250,-1.098568
0.750750,-1.135284
0.751250,-1.279771
0.751750,-1.298781
0.752250,-1.314510
0.752750,-1.360690
0.753250,-1.160075
0.753750,-1.400819
0.754250,-1.448248
0.754750,-1.520203
0.755250,-1.684981
0.755750,-1.668248
0.756250,-1.829919
0.756750,-1.493572
0.757250,-1.842486
0.757750,-1.851002
0.758250,-2.020300
0.758750,-2.288460
0.759250,-2.104152
0.759750,-2.112683
0.760250,-1.966720
0.760750,-1.841237
0.761250,-2.012050
0.761750,-2.188491
0.762250,-2.481308
0.762750,-2.273194
0.763250,-2.403201
0.763750,-2.557135
0.764250,-2.695739
0.764750,-2.766296
0.765250,-2.777644
0.765750,-3.055843
0.766250,-3.287183
0.766750,-3.096557
0.767250,-3.006619
0.767750,-3.097034
0.768250,-3.147248
0.768750,-3.070038
0.769250,-3.236393
0.769750,-3.285220
0.770250,-3.229699
0.770750,-3.182699
0.771250,-2.997879
0.771750,-3.090258
0.772250,-3.148416
0.772750,-3.385733
0.773250,-3.364492
0.773750,-3.227054
0.774250,-3.316850
0.774750,-3.123491
0.775250,-3.195239
0.775750,-3.241193
0.776250,-3.401237
0.776750,-3.404909
0.777250,-3.461563
0.777750,-3.284247
0.778250,-2.921574
0.778750,-3.092266
0.779250,-2.937949
0.779750,-3.076955
0.780250,-3.138494
0.780750,-3.093260
0.781250,-3.081682
0.781750,-2.756434
0.782250,-2.614718
0.782750,-2.461531
0.783250,-2.757463
0.783750,-2.795599
0.784250,-2.880010
0.784750,-2.821386
0.785250,-2.522056
0.785750,-2.518555
0.786250,-2.545774
0.786750,-2.730720
0.787250,-2.978410
0.787750,-2.948695
0.788250,-2.753398
0.788750,-2.816747
0.789250,-2.587820
0.789750,-2.720607
0.790250,-2.874858
0.790750,-2.941732
0.791250,-3.041961
0.791750,-3.281153
0.792250,-3.002482
0.792750,-2.879774
0.793250,-2.631392
0.793750,-2.762498
0.794250,-2.573292
0.794750,-3.106615
0.795250,-3.104039
0.795750,-3.043493
0.796250,-2.932550
0.796750,-2.846880
0.797250,-2.923167
0.797750,-2.936454
0.798250,-3.036670
0.798750,-3.096617
0.799250,-3.274417
0.799750,-3.209776
0.800250,-3.152819
0.800750,-2.990911
0.801250,-3.124988
0.801750,-3.053408
0.802250,-2.931457
0.802750,-2.997839
0.803250,-2.985958
0.803750,-2.832028
0.804250,-2.846273
0.804750,-2.734834
0.805250,-2.616128
0.805750,-2.937393
0.806250,-2.964616
0.806750,-2.760028
0.807250,-2.625454
0.807750,-2.292255
0.808250,-2.654928
0.808750,-2.462436
0.809250,-2.457745
0.809750,-2.524818
0.810250,-2.226641
0.810750,-2.438546
0.811250,-1.907658
0.811750,-2.016766
0.812250,-2.206967
0.812750,-1.974618
0.813250,-2.155530
0.813750,-2.210570
0.814250,-1.994775
0.814750,-1.792763
0.815250,-1.591452
0.815750,-1.583127
0.816250,-1.485431
0.816750,-1.836831
0.817250,-1.652960
0.817750,-1.570146
0.818250,-1.744349
0.818750,-1.579602
0.819250,-1.489055
0.819750,-1.532319
0.820250,-1.590182
0.820750,-1.692622
0.821250,-1.816206
0.821750,-1.666714
0.822250,-1.606829
0.822750,-1.458490
0.823250,-1.669917
0.823750,-1.643747
0.824250,-1.886376
0.824750,-1.793990
0.825250,-1.952416
0.825750,-1.858259
0.826250,-1.746054
0.826750,-1.630948
0.827250,-1.834921
0.827750,-1.941532
0.828250,-2.117371
0.828750,-2.103335
0.829250,-2.162334
0.829750,-2.169251
0.830250,-2.020978
0.830750,-2.123636
0.831250,-2.044091
0.831750,-2.347101
0.832250,-2.653374
0.832750,-2.560475
0.833250,-2.365368
0.833750,-2.116673
0.834250,-2.293959
0.834750,-2.278786
0.835250,-2.267708
0.835750,-2.548355
0.836250,-2.514256
0.836750,-2.357863
0.837250,-2.329767
0.837750,-2.302210
0.838250,-2.096760
0.838750,-2.462815
0.839250,-2.592415
0.839750,-2.553511
0.840250,-2.623413
0.840750,-2.421356
0.841250,-2.430786
0.841750,-2.388489
0.842250,-2.387534
0.842750,-2.363884
0.843250,-2.746132
0.843750,-2.621153
0.844250,-2.542220
0.844750,-2.556910
0.845250,-2.198195
0.845750,-2.279829
0.846250,-2.324763
0.846750,-2.400875
0.847250,-2.456162
0.847750,-2.717246
0.848250,-2.755891
0.848750,-2.439396
0.849250,-2.329839
0.849750,-2.135337
0.850250,-2.017931
0.850750,-2.550793
0.851250,-2.295478
0.851750,-2.478014
0.852250,-2.483449
0.852750,-2.137483
0.853250,-2.033862
0.853750,-2.439474
0.854250,-2.650356
0.854750,-2.721407
0.855250,-2.649246
0.855750,-2.688354
0.856250,-2.711981
0.856750,-2.695653
0.857250,-2.903725
0.857750,-3.034699
0.858250,-3.161660
0.858750,-3.133474
0.859250,-2.976340
0.859750,-2.866491
0.860250,-2.787664
0.860750,-3.227064
0.861250,-3.313422
0.861750,-3.229944
0.862250,-3.596436
0.862750,-3.378394
0.863250,-3.588445
0.863750,-3.536617
0.864250,-3.405568
0.864750,-3.431605
0.865250,-3.500301
0.865750,-3.626753
0.866250,-3.808096
0.866750,-3.913761
0.867250,-3.975519
0.867750,-3.839893
0.868250,-3.721227
0.868750,-3.825206
0.869250,-3.807542
0.869750,-4.045831
0.870250,-4.123195
0.870750,-4.097946
0.871250,-4.092701
0.871750,-3.603803
0.872250,-3.851701
0.872750,-3.870929
0.873250,-3.718335
0.873750,-4.033146
0.874250,-4.142313
0.874750,-4.050403
0.875250,-3.724931
0.875750,-3.610560
0.876250,-3.398292
0.876750,-3.627837
0.877250,-3.841800
0.877750,-3.808609
0.878250,-3.773748
0.878750,-3.655557
0.879250,-3.431236
0.879750,-3.533716
0.880250,-3.573341
0.880750,-3.586052
0.881250,-3.736107
0.881750,-3.603039
0.882250,-3.361597
0.882750,-3.491656
0.883250,-2.944806
0.883750,-3.183309
0.884250,-3.357925
0.884750,-3.409684
0.885250,-3.598349
0.885750,-3.300698
0.886250,-3.130189
0.886750,-2.957432
0.887250,-2.775494
0.887750,-3.072164
0.888250,-3.239654
0.888750,-3.140660
0.889250,-3.188342
0.889750,-3.188518
0.890250,-3.250259
0.890750,-3.010472
0.891250,-2.951805
0.891750,-3.076634
0.892250,-3.054806
0.892750,-3.232416
0.893250,-3.386285
0.893750,-3.227523
0.894250,-3.068962
0.894750,-2.882056
0.895250,-2.776961
0.895750,-2.824270
0.896250,-2.879451
0.896750,-2.976747
0.897250,-3.358598
0.897750,-3.231475
0.898250,-3.114019
0.898750,-3.024524
0.899250,-3.018245
0.899750,-3.029425
0.900250,-3.293582
0.900750,-3.383664
0.901250,-3.499990
0.901750,-3.184835
0.902250,-3.173079
0.902750,-2.785141
0.903250,-2.830543
0.903750,-3.307704
0.904250,-3.122481
0.904750,-3.278758
0.905250,-3.056815
0.905750,-2.949166
0.906250,-2.864568
0.906750,-2.705732
0.907250,-2.707514
0.907750,-2.648412
0.908250,-2.729291
0.908750,-2.753702
0.909250,-2.823505
0.909750,-2.678246
0.910250,-2.790808
0.910750,-2.326131
0.911250,-2.139864
0.911750,-2.225812
0.912250,-2.180698
0.912750,-2.571481
0.913250,-2.167867
0.913750,-2.166071
0.914250,-1.992602
0.914750,-1.875084
0.915250,-1.974070
0.915750,-1.961446
0.916250,-1.916227
0.916750,-1.993164
0.917250,-1.538358
0.917750,-1.771386
0.918250,-1.496737
0.918750,-1.159718
0.919250,-1.377559
0.919750,-1.644000
0.920250,-1.584891
0.920750,-1.532222
0.921250,-1.456062
0.921750,-1.188112
0.922250,-0.925861
0.922750,-0.834076
0.923250,-1.352880
0.923750,-1.368545
0.924250,-1.592407
0.924750,-1.602867
0.925250,-1.430426
0.925750,-1.477986
0.926250,-1.067015
0.926750,-1.043891
0.927250,-1.224547
0.927750,-1.174622
0.928250,-1.325356
0.928750,-1.328902
0.929250,-1.297296
0.929750,-1.373206
0.930250,-1.098415
0.930750,-1.117808
0.931250,-1.158923
0.931750,-1.007264
0.932250,-1.485607
0.932750,-1.578518
0.933250,-1.536381
0.933750,-1.737583
0.934250,-1.310421
0.934750,-1.581395
0.935250,-1.727943
0.935750,-1.718607
0.936250,-1.987399
0.936750,-2.160766
0.937250,-2.009006
0.937750,-1.853775
0.938250,-1.738185
0.938750,-1.781261
0.939250,-1.775563
0.939750,-1.900779
0.940250,-1.974890
0.940750,-2.037609
0.941250,-1.626388
0.941750,-1.836512
0.942250,-1.671847
0.942750,-1.656433
0.943250,-1.765840
0.943750,-1.697048
0.944250,-2.060120
0.944750,-2.089626
0.945250,-1.865559
0.945750,-2.000825
0.946250,-1.866724
0.946750,-1.727959
0.947250,-1.915279
0.947750,-1.726378
0.948250,-2.009867
0.948750,-1.977367
0.949250,-1.766648
0.949750,-1.794666
0.950250,-1.648161
0.950750,-1.761155
0.951250,-1.600722
0.951750,-1.701772
0.952250,-1.734292
0.952750,-1.789208
0.953250,-1.573081
0.953750,-1.570919
0.954250,-1.309052
0.954750,-1.438967
0.955250,-1.513329
0.955750,-1.461585
0.956250,-1.825949
0.956750,-1.860085
0.957250,-1.584388
0.957750,-1.485038
0.958250,-1.305376
0.958750,-1.768293
0.959250,-1.664683
0.959750,-1.835382
0.960250,-1.999232
0.960750,-2.194128
0.961250,-2.037058
0.961750,-2.060670
0.962250,-1.942147
0.962750,-1.860510
0.963250,-2.117115
0.963750,-1.992216
0.964250,-2.034816
0.964750,-2.269100
0.965250,-2.126702
0.965750,-2.172455
0.966250,-2.145532
0.966750,-2.165669
0.967250,-2.351618
0.967750,-2.296194
0.968250,-2.417437
0.968750,-2.629865
0.969250,-2.563963
0.969750,-2.560171
0.970250,-2.568498
0.970750,-2.569161
0.971250,-2.820381
0.971750,-2.960853
0.972250,-2.927789
0.972750,-3.218583
0.973250,-3.278186
0.973750,-3.157499
0.974250,-2.991322
0.974750,-2.797510
0.975250,-2.912293
0.975750,-3.043227
0.976250,-3.187079
0.976750,-3.377191
0.977250,-3.136681
0.977750,-3.131895
0.978250,-2.943366
0.978750,-2.985159
0.979250,-3.065293
0.979750,-2.906521
0.980250,-3.199277
0.980750,-3.307475
0.981250,-3.117431
0.981750,-2.842881
0.982250,-2.940056
0.982750,-2.625979
0.983250,-3.004586
0.983750,-3.011245
0.984250,-3.024122
0.984750,-3.104760
0.985250,-2.884704
0.985750,-2.800125
0.986250,-2.685611
0.986750,-2.584716
0.987250,-2.627494
0.987750,-2.671735
0.988250,-2.543587
0.988750,-2.752490
0.989250,-2.749875
0.989750,-2.469043
0.990250,-2.266670
0.990750,-2.086155
0.991250,-2.001152
0.991750,-2.079361
0.992250,-2.288738
0.992750,-2.374880
0.993250,-2.239544
0.993750,-2.177787
0.994250,-2.163927
0.994750,-1.790646
0.995250,-1.992283
0.995750,-2.036555
0.996250,-2.143196
0.996750,-2.289710
0.997250,-2.248520
0.997750,-2.305605
0.998250,-2.274566
0.998750,-1.835130
0.999250,-1.739643
0.999750,-2.069807
