0.000250,0.048609
0.000750,0.047658
0.001250,0.063513
0.001750,-0.006558
0.002250,0.005666
0.002750,0.072995
0.003250,0.092732
0.003750,0.092076
0.004250,0.153380
0.004750,0.256334
0.005250,0.310807
0.005750,0.293901
0.006250,0.265747
0.006750,0.251456
0.007250,0.293672
0.007750,0.311780
0.008250,0.323378
0.008750,0.274480
0.009250,0.213325
0.009750,0.181080
0.010250,0.181075
0.010750,0.232309
0.011250,0.294061
0.011750,0.329971
0.012250,0.345725
0.012750,0.338584
0.013250,0.329969
0.013750,0.345051
0.014250,0.381396
0.014750,0.447920
0.015250,0.518731
0.015750,0.591229
0.016250,0.614796
0.016750,0.625653
0.017250,0.600730
0.017750,0.568860
0.018250,0.534005
0.018750,0.536227
0.019250,0.536277
0.019750,0.555992
0.020250,0.587905
0.020750,0.606602
0.021250,0.603422
0.021750,0.571350
0.022250,0.529182
0.022750,0.471002
0.023250,0.426301
0.023750,0.391221
0.024250,0.390544
0.024750,0.402132
0.025250,0.424990
0.025750,0.462626
0.026250,0.533091
0.026750,0.535637
0.027250,0.556942
0.027750,0.560639
0.028250,0.548314
0.028750,0.530199
0.029250,0.528686
0.029750,0.531641
0.030250,0.526921
0.030750,0.575870
0.031250,0.647308
0.031750,0.678236
0.032250,0.715456
0.032750,0.801095
0.033250,0.805337
0.033750,0.810566
0.034250,0.819132
0.034750,0.799543
0.035250,0.724691
0.035750,0.728019
0.036250,0.692147
0.036750,0.668656
0.037250,0.665871
0.037750,0.636564
0.038250,0.681561
0.038750,0.711177
0.039250,0.700093
0.039750,0.723103
0.040250,0.680690
0.040750,0.713551
0.041250,0.653992
0.041750,0.599310
0.042250,0.567076
0.042750,0.499065
0.043250,0.467841
0.043750,0.426513
0.044250,0.386630
0.044750,0.404228
0.045250,0.389497
0.045750,0.442575
0.046250,0.422165
0.046750,0.471896
0.047250,0.524698
0.047750,0.504880
0.048250,0.551563
0.048750,0.524146
0.049250,0.562606
0.049750,0.489171
0.050250,0.519398
0.050750,0.467112
0.051250,0.482692
0.051750,0.459036
0.052250,0.438757
0.052750,0.492864
0.053250,0.497961
0.053750,0.558633
0.054250,0.544269
0.054750,0.621157
0.055250,0.645250
0.055750,0.709640
0.056250,0.718594
0.056750,0.740163
0.057250,0.700823
0.057750,0.721330
0.058250,0.711285
0.058750,0.681630
0.059250,0.596247
0.059750,0.610639
0.060250,0.544604
0.060750,0.527865
0.061250,0.519223
0.061750,0.489991
0.062250,0.472251
0.062750,0.520018
0.063250,0.489259
0.063750,0.522062
0.064250,0.508394
0.064750,0.529983
0.065250,0.508794
0.065750,0.502098
0.066250,0.502752
0.066750,0.444588
0.067250,0.410670
0.067750,0.340492
0.068250,0.307111
0.068750,0.259652
0.069250,0.232711
0.069750,0.135476
0.070250,0.133393
0.070750,0.097854
0.071250,0.104569
0.071750,0.092646
0.072250,0.114013
0.072750,0.097932
0.073250,0.130356
0.073750,0.188039
0.074250,0.150932
0.074750,0.216758
0.075250,0.188494
0.075750,0.220118
0.076250,0.231176
0.076750,0.214615
0.077250,0.203726
0.077750,0.146656
0.078250,0.165448
0.078750,0.132858
0.079250,0.134514
0.079750,0.071954
0.080250,0.110415
0.080750,0.073322
0.081250,0.091864
0.081750,0.151754
0.082250,0.117796
0.082750,0.170897
0.083250,0.172963
0.083750,0.246559
0.084250,0.275356
0.084750,0.288103
0.085250,0.351885
0.085750,0.314380
0.086250,0.366359
0.086750,0.356073
0.087250,0.304294
0.087750,0.331835
0.088250,0.270141
0.088750,0.279386
0.089250,0.241487
0.089750,0.187285
0.090250,0.181128
0.090750,0.077309
0.091250,0.104440
0.091750,0.054602
0.092250,0.075130
0.092750,0.063722
0.093250,0.033064
0.093750,0.063905
0.094250,0.035161
0.094750,0.043826
0.095250,0.078687
0.095750,0.025468
0.096250,0.076543
0.096750,0.058567
0.097250,0.055832
0.097750,0.024593
0.098250,-0.024814
0.098750,-0.028826
0.099250,-0.105324
0.099750,-0.138419
0.100250,-0.147199
0.100750,-0.252109
0.101250,-0.271016
0.101750,-0.302757
0.102250,-0.373131
0.102750,-0.373241
0.103250,-0.428540
0.103750,-0.440723
0.104250,-0.421621
0.104750,-0.462558
0.105250,-0.423916
0.105750,-0.377738
0.106250,-0.442668
0.106750,-0.378474
0.107250,-0.361194
0.107750,-0.367831
0.108250,-0.311452
0.108750,-0.317192
0.109250,-0.311734
0.109750,-0.315327
0.110250,-0.343520
0.110750,-0.296110
0.111250,-0.309811
0.111750,-0.387786
0.112250,-0.368253
0.112750,-0.420492
0.113250,-0.452163
0.113750,-0.400111
0.114250,-0.466715
0.114750,-0.439820
0.115250,-0.430671
0.115750,-0.489232
0.116250,-0.435631
0.116750,-0.425253
0.117250,-0.441789
0.117750,-0.350382
0.118250,-0.355461
0.118750,-0.323343
0.119250,-0.263285
0.119750,-0.250587
0.120250,-0.242375
0.120750,-0.170299
0.121250,-0.225600
0.121750,-0.179518
0.122250,-0.168672
0.122750,-0.161617
0.123250,-0.161452
0.123750,-0.181171
0.124250,-0.267894
0.124750,-0.251396
0.125250,-0.267101
0.125750,-0.343881
0.126250,-0.364501
0.126750,-0.345389
0.127250,-0.430710
0.127750,-0.429543
0.128250,-0.440143
0.128750,-0.531266
0.129250,-0.440415
0.129750,-0.488003
0.130250,-0.494521
0.130750,-0.487166
0.131250,-0.485402
0.131750,-0.506713
0.132250,-0.459457
0.132750,-0.433993
0.133250,-0.496129
0.133750,-0.431406
0.134250,-0.455470
0.134750,-0.537288
0.135250,-0.484768
0.135750,-0.478149
0.136250,-0.557857
0.136750,-0.557475
0.137250,-0.603571
0.137750,-0.672532
0.138250,-0.656219
0.138750,-0.714204
0.139250,-0.813196
0.139750,-0.823843
0.140250,-0.797519
0.140750,-0.922923
0.141250,-0.926021
0.141750,-0.892822
0.142250,-0.996311
0.142750,-0.961096
0.143250,-0.954954
0.143750,-0.987951
0.144250,-0.958753
0.144750,-0.924145
0.145250,-0.967233
0.145750,-0.931219
0.146250,-0.876244
0.146750,-0.891663
0.147250,-0.833944
0.147750,-0.793866
0.148250,-0.843229
0.148750,-0.860460
0.149250,-0.747042
0.149750,-0.788788
0.150250,-0.846804
0.150750,-0.826114
0.151250,-0.829048
0.151750,-0.844222
0.152250,-0.835342
0.152750,-0.813885
0.153250,-0.911123
0.153750,-0.922724
0.154250,-0.888589
0.154750,-0.939871
0.155250,-0.951130
0.155750,-0.893641
0.156250,-0.908690
0.156750,-0.945348
0.157250,-0.907374
0.157750,-0.854749
0.158250,-0.891042
0.158750,-0.816006
0.159250,-0.781711
0.159750,-0.833065
0.160250,-0.752645
0.160750,-0.645871
0.161250,-0.674682
0.161750,-0.703764
0.162250,-0.586606
0.162750,-0.598367
0.163250,-0.583908
0.163750,-0.583612
0.164250,-0.532034
0.164750,-0.588388
0.165250,-0.577618
0.165750,-0.556771
0.166250,-0.626403
0.166750,-0.629249
0.167250,-0.594642
0.167750,-0.663519
0.168250,-0.763880
0.168750,-0.730190
0.169250,-0.682558
0.169750,-0.795180
0.170250,-0.810110
0.170750,-0.782892
0.171250,-0.826753
0.171750,-0.864604
0.172250,-0.866367
0.172750,-0.805441
0.173250,-0.858899
0.173750,-0.827535
0.174250,-0.817903
0.174750,-0.815239
0.175250,-0.842060
0.175750,-0.776983
0.176250,-0.805773
0.176750,-0.833255
0.177250,-0.783086
0.177750,-0.721581
0.178250,-0.780322
0.178750,-0.841039
0.179250,-0.758416
0.179750,-0.823601
0.180250,-0.882205
0.180750,-0.865835
0.181250,-0.836154
0.181750,-0.928734
0.182250,-0.965071
0.182750,-0.954541
0.183250,-0.979939
0.183750,-1.116540
0.184250,-1.117369
0.184750,-1.128723
0.185250,-1.167376
0.185750,-1.209180
0.186250,-1.166031
0.186750,-1.169941
0.187250,-1.252905
0.187750,-1.272649
0.188250,-1.210582
0.188750,-1.233513
0.189250,-1.256299
0.189750,-1.175215
0.190250,-1.201112
0.190750,-1.224079
0.191250,-1.158087
0.191750,-1.097837
0.192250,-1.075399
0.192750,-1.148055
0.193250,-1.055299
0.193750,-1.011406
0.194250,-1.020702
0.194750,-1.035304
0.195250,-0.977922
0.195750,-0.976061
0.196250,-1.034778
0.196750,-0.994064
0.197250,-0.973225
0.197750,-0.966275
0.198250,-1.069140
0.198750,-1.039795
0.199250,-1.014652
0.199750,-1.044766
0.200250,-1.048124
0.200750,-1.031361
0.201250,-1.041741
0.201750,-1.111550
0.202250,-1.073910
0.202750,-1.030317
0.203250,-1.097818
0.203750,-1.088927
0.204250,-1.016638
0.204750,-0.962655
0.205250,-1.012322
0.205750,-0.994050
0.206250,-0.918941
0.206750,-0.854871
0.207250,-0.871820
0.207750,-0.822174
0.208250,-0.757501
0.208750,-0.768819
0.209250,-0.760975
0.209750,-0.698056
0.210250,-0.619140
0.210750,-0.646253
0.211250,-0.673720
0.211750,-0.604822
0.212250,-0.555804
0.212750,-0.584061
0.213250,-0.611398
0.213750,-0.590627
0.214250,-0.544035
0.214750,-0.621948
0.215250,-0.668928
0.215750,-0.625244
0.216250,-0.641791
0.216750,-0.742290
0.217250,-0.729826
0.217750,-0.692840
0.218250,-0.719321
0.218750,-0.807990
0.219250,-0.796664
0.219750,-0.724807
0.220250,-0.779872
0.220750,-0.847553
0.221250,-0.850391
0.221750,-0.773167
0.222250,-0.806909
0.222750,-0.828493
0.223250,-0.767102
0.223750,-0.748088
0.224250,-0.776976
0.224750,-0.774695
0.225250,-0.742163
0.225750,-0.709395
0.226250,-0.729371
0.226750,-0.696431
0.227250,-0.642152
0.227750,-0.629084
0.228250,-0.718141
0.228750,-0.738267
0.229250,-0.689721
0.229750,-0.699066
0.230250,-0.736992
0.230750,-0.788639
0.231250,-0.752392
0.231750,-0.706218
0.232250,-0.791022
0.232750,-0.831400
0.233250,-0.829319
0.233750,-0.864103
0.234250,-0.932543
0.234750,-0.972568
0.235250,-0.932726
0.235750,-1.011508
0.236250,-1.041060
0.236750,-1.035730
0.237250,-1.068736
0.237750,-1.041482
0.238250,-1.083917
0.238750,-1.075895
0.239250,-1.077066
0.239750,-1.053851
0.240250,-1.036030
0.240750,-1.056320
0.241250,-1.062333
0.241750,-0.966980
0.242250,-0.973674
0.242750,-1.024608
0.243250,-0.959911
0.243750,-0.888350
0.244250,-0.916069
0.244750,-0.877828
0.245250,-0.783469
0.245750,-0.772622
0.246250,-0.779883
0.246750,-0.819389
0.247250,-0.714121
0.247750,-0.732002
0.248250,-0.766068
0.248750,-0.795997
0.249250,-0.727518
0.249750,-0.689459
0.250250,-0.711874
0.250750,-0.775609
0.251250,-0.760283
0.251750,-0.722886
0.252250,-0.744264
0.252750,-0.781890
0.253250,-0.784394
0.253750,-0.737117
0.254250,-0.742698
0.254750,-0.802911
0.255250,-0.806361
0.255750,-0.735738
0.256250,-0.770075
0.256750,-0.783076
0.257250,-0.711670
0.257750,-0.601443
0.258250,-0.647968
0.258750,-0.711107
0.259250,-0.668777
0.259750,-0.588971
0.260250,-0.560704
0.260750,-0.512238
0.261250,-0.471000
0.261750,-0.429312
0.262250,-0.349901
0.262750,-0.356077
0.263250,-0.382634
0.263750,-0.320814
0.264250,-0.215273
0.264750,-0.237105
0.265250,-0.315501
0.265750,-0.225491
0.266250,-0.153367
0.266750,-0.156656
0.267250,-0.217508
0.267750,-0.186987
0.268250,-0.122784
0.268750,-0.133462
0.269250,-0.187372
0.269750,-0.214077
0.270250,-0.232760
0.270750,-0.172107
0.271250,-0.243137
0.271750,-0.283523
0.272250,-0.294958
0.272750,-0.254584
0.273250,-0.297925
0.273750,-0.355465
0.274250,-0.286067
0.274750,-0.303271
0.275250,-0.301349
0.275750,-0.351119
0.276250,-0.380928
0.276750,-0.362156
0.277250,-0.283180
0.277750,-0.333786
0.278250,-0.395084
0.278750,-0.298642
0.279250,-0.267439
0.279750,-0.241509
0.280250,-0.310332
0.280750,-0.259007
0.281250,-0.210838
0.281750,-0.201430
0.282250,-0.200578
0.282750,-0.228632
0.283250,-0.201876
0.283750,-0.138594
0.284250,-0.154241
0.284750,-0.246524
0.285250,-0.164552
0.285750,-0.104752
0.286250,-0.158895
0.286750,-0.228833
0.287250,-0.199926
0.287750,-0.181007
0.288250,-0.192960
0.288750,-0.255241
0.289250,-0.311901
0.289750,-0.332886
0.290250,-0.323643
0.290750,-0.362973
0.291250,-0.394290
0.291750,-0.391270
0.292250,-0.385741
0.292750,-0.402261
0.293250,-0.493719
0.293750,-0.540942
0.294250,-0.544750
0.294750,-0.471644
0.295250,-0.449621
0.295750,-0.482562
0.296250,-0.550233
0.296750,-0.537977
0.297250,-0.518591
0.297750,-0.522959
0.298250,-0.503475
0.298750,-0.469799
0.299250,-0.372757
0.299750,-0.400575
0.300250,-0.478824
0.300750,-0.444468
0.301250,-0.303854
0.301750,-0.258604
0.302250,-0.284475
0.302750,-0.271940
0.303250,-0.256334
0.303750,-0.176076
0.304250,-0.178333
0.304750,-0.215431
0.305250,-0.204065
0.305750,-0.159097
0.306250,-0.093919
0.306750,-0.113652
0.307250,-0.126793
0.307750,-0.109697
0.308250,-0.058394
0.308750,-0.083704
0.309250,-0.129154
0.309750,-0.103930
0.310250,-0.141077
0.310750,-0.082958
0.311250,-0.090289
0.311750,-0.182404
0.312250,-0.146523
0.312750,-0.109391
0.313250,-0.103183
0.313750,-0.129617
0.314250,-0.138893
0.314750,-0.139269
0.315250,-0.114914
0.315750,-0.092804
0.316250,-0.119846
0.316750,-0.096101
0.317250,-0.009348
0.317750,0.056495
0.318250,0.017779
0.318750,0.006848
0.319250,0.041088
0.319750,0.125515
0.320250,0.084989
0.320750,0.117328
0.321250,0.217724
0.321750,0.257495
0.322250,0.333811
0.322750,0.359830
0.323250,0.317742
0.323750,0.387990
0.324250,0.452796
0.324750,0.453869
0.325250,0.455404
0.325750,0.423749
0.326250,0.477595
0.326750,0.557963
0.327250,0.516963
0.327750,0.563569
0.328250,0.512151
0.328750,0.546375
0.329250,0.549766
0.329750,0.550461
0.330250,0.452239
0.330750,0.492485
0.331250,0.555886
0.331750,0.560243
0.332250,0.497859
0.332750,0.387572
0.333250,0.446140
0.333750,0.507682
0.334250,0.400231
0.334750,0.398406
0.335250,0.372499
0.335750,0.312795
0.336250,0.421586
0.336750,0.451521
0.337250,0.345463
0.337750,0.356828
0.338250,0.360980
0.338750,0.448338
0.339250,0.410008
0.339750,0.369728
0.340250,0.350831
0.340750,0.411788
0.341250,0.480845
0.341750,0.475676
0.342250,0.362982
0.342750,0.474586
0.343250,0.517692
0.343750,0.539353
0.344250,0.541144
0.344750,0.478234
0.345250,0.501336
0.345750,0.543042
0.346250,0.632570
0.346750,0.560397
0.347250,0.528538
0.347750,0.572378
0.348250,0.628082
0.348750,0.615484
0.349250,0.525245
0.349750,0.446186
0.350250,0.510599
0.350750,0.565263
0.351250,0.485562
0.351750,0.453328
0.352250,0.387283
0.352750,0.439156
0.353250,0.457633
0.353750,0.374436
0.354250,0.268940
0.354750,0.300961
0.355250,0.304841
0.355750,0.306003
0.356250,0.262095
0.356750,0.186946
0.357250,0.247464
0.357750,0.228096
0.358250,0.271311
0.358750,0.228234
0.359250,0.096741
0.359750,0.135389
0.360250,0.214839
0.360750,0.236954
0.361250,0.199287
0.361750,0.188437
0.362250,0.205641
0.362750,0.244758
0.363250,0.325589
0.363750,0.300627
0.364250,0.235253
0.364750,0.352971
0.365250,0.448197
0.365750,0.417393
0.366250,0.438416
0.366750,0.349786
0.367250,0.434710
0.367750,0.516690
0.368250,0.541856
0.368750,0.522790
0.369250,0.503337
0.369750,0.496459
0.370250,0.576071
0.370750,0.638754
0.371250,0.638040
0.371750,0.572274
0.372250,0.565346
0.372750,0.676380
0.373250,0.655071
0.373750,0.606662
0.374250,0.551858
0.374750,0.574484
0.375250,0.631304
0.375750,0.621267
0.376250,0.566519
0.376750,0.478138
0.377250,0.543795
0.377750,0.578650
0.378250,0.625544
0.378750,0.629398
0.379250,0.568986
0.379750,0.570837
0.380250,0.564630
0.380750,0.600857
0.381250,0.617829
0.381750,0.535148
0.382250,0.619399
0.382750,0.626100
0.383250,0.695935
0.383750,0.709822
0.384250,0.691020
0.384750,0.713669
0.385250,0.748349
0.385750,0.836646
0.386250,0.928184
0.386750,0.822874
0.387250,0.838882
0.387750,0.986788
0.388250,1.013268
0.388750,0.974059
0.389250,1.014074
0.389750,1.005644
0.390250,1.045464
0.390750,1.132492
0.391250,1.172077
0.391750,1.162842
0.392250,1.099325
0.392750,1.185477
0.393250,1.296638
0.393750,1.229864
0.394250,1.202202
0.394750,1.189654
0.395250,1.228805
0.395750,1.275983
0.396250,1.265902
0.396750,1.168055
0.397250,1.120769
0.397750,1.170841
0.398250,1.241497
0.398750,1.250954
0.399250,1.137285
0.399750,1.056239
0.400250,1.055137
0.400750,1.093820
0.401250,1.163965
0.401750,1.076827
0.402250,1.043385
0.402750,1.014678
0.403250,1.058155
0.403750,1.100196
0.404250,1.066563
0.404750,0.981453
0.405250,0.932607
0.405750,0.935252
0.406250,1.052204
0.406750,1.061657
0.407250,1.017279
0.407750,0.961733
0.408250,0.993662
0.408750,1.095517
0.409250,1.119795
0.409750,1.101585
0.410250,1.058463
0.410750,1.089174
0.411250,1.071741
0.411750,1.129598
0.412250,1.152563
0.412750,1.074625
0.413250,1.091990
0.413750,1.160874
0.414250,1.247035
0.414750,1.227454
0.415250,1.196203
0.415750,1.110151
0.416250,1.151252
0.416750,1.187110
0.417250,1.173152
0.417750,1.117210
0.418250,1.063610
0.418750,1.083665
0.419250,1.127079
0.419750,1.145997
0.420250,1.048184
0.420750,1.020098
0.421250,1.036321
0.421750,0.980764
0.422250,1.037450
0.422750,0.969006
0.423250,0.830790
0.423750,0.808947
0.424250,0.830744
0.424750,0.864788
0.425250,0.845321
0.425750,0.785124
0.426250,0.714469
0.426750,0.744446
0.427250,0.777100
0.427750,0.831695
0.428250,0.747097
0.428750,0.677628
0.429250,0.655560
0.429750,0.644438
0.430250,0.715149
0.430750,0.689900
0.431250,0.696363
0.431750,0.721959
0.432250,0.682302
0.432750,0.789735
0.433250,0.802318
0.433750,0.867816
0.434250,0.839025
0.434750,0.803086
0.435250,0.832394
0.435750,0.906233
0.436250,0.888573
0.436750,0.896546
0.437250,0.821874
0.437750,0.917948
0.438250,0.997908
0.438750,1.026657
0.439250,1.001188
0.439750,0.961883
0.440250,1.011776
0.440750,1.056812
0.441250,1.112376
0.441750,1.116428
0.442250,1.049003
0.442750,1.012598
0.443250,1.010347
0.443750,1.094241
0.444250,1.071659
0.444750,1.104995
0.445250,1.011678
0.445750,0.956231
0.446250,0.993237
0.446750,1.087560
0.447250,1.083188
0.447750,0.940079
0.448250,0.992538
0.448750,0.963127
0.449250,1.039823
0.449750,0.953493
0.450250,1.030113
0.450750,0.950904
0.451250,0.963156
0.451750,0.977438
0.452250,1.038866
0.452750,1.033491
0.453250,0.991507
0.453750,0.924507
0.454250,0.953137
0.454750,1.083749
0.455250,1.093719
0.455750,1.108288
0.456250,1.060014
0.456750,1.091611
0.457250,1.154119
0.457750,1.219106
0.458250,1.184371
0.458750,1.186598
0.459250,1.183126
0.459750,1.311735
0.460250,1.329531
0.460750,1.418389
0.461250,1.399851
0.461750,1.347089
0.462250,1.418233
0.462750,1.409222
0.463250,1.485950
0.463750,1.439889
0.464250,1.512215
0.464750,1.462258
0.465250,1.472140
0.465750,1.580204
0.466250,1.578816
0.466750,1.603683
0.467250,1.530910
0.467750,1.523962
0.468250,1.570454
0.468750,1.594412
0.469250,1.585385
0.469750,1.516393
0.470250,1.446128
0.470750,1.416615
0.471250,1.457277
0.471750,1.534425
0.472250,1.482972
0.472750,1.410969
0.473250,1.333875
0.473750,1.382471
0.474250,1.397733
0.474750,1.432999
0.475250,1.354916
0.475750,1.305030
0.476250,1.329046
0.476750,1.289000
0.477250,1.312055
0.477750,1.248007
0.478250,1.248842
0.478750,1.189487
0.479250,1.222396
0.479750,1.247382
0.480250,1.228539
0.480750,1.219490
0.481250,1.225157
0.481750,1.232471
0.482250,1.272802
0.482750,1.293213
0.483250,1.337194
0.483750,1.327610
0.484250,1.298197
0.484750,1.251599
0.485250,1.252892
0.485750,1.314621
0.486250,1.294036
0.486750,1.318590
0.487250,1.269010
0.487750,1.297110
0.488250,1.297756
0.488750,1.420809
0.489250,1.400991
0.489750,1.359734
0.490250,1.302112
0.490750,1.384050
0.491250,1.307548
0.491750,1.350843
0.492250,1.330211
0.492750,1.261156
0.493250,1.152927
0.493750,1.239744
0.494250,1.269097
0.494750,1.195207
0.495250,1.165950
0.495750,1.179460
0.496250,1.105299
0.496750,1.099931
0.497250,1.165469
0.497750,1.105241
0.498250,1.091599
0.498750,0.920624
0.499250,0.935132
0.499750,0.919492
0.500250,0.955016
0.500750,0.906408
0.501250,0.897365
0.501750,0.799717
0.502250,0.796289
0.502750,0.799946
0.503250,0.818441
0.503750,0.808685
0.504250,0.703131
0.504750,0.647448
0.505250,0.733631
0.505750,0.723223
0.506250,0.793103
0.506750,0.827947
0.507250,0.815912
0.507750,0.695225
0.508250,0.681119
0.508750,0.740328
0.509250,0.865798
0.509750,0.848628
0.510250,0.792236
0.510750,0.738601
0.511250,0.793122
0.511750,0.780938
0.512250,0.914464
0.512750,0.872368
0.513250,0.881443
0.513750,0.864923
0.514250,0.957513
0.514750,1.041672
0.515250,1.004205
0.515750,1.005913
0.516250,0.967151
0.516750,0.880529
0.517250,0.970067
0.517750,1.048443
0.518250,1.085202
0.518750,1.020113
0.519250,0.966599
0.519750,0.946268
0.520250,0.933716
0.520750,1.019442
0.521250,1.046839
0.521750,1.021292
0.522250,0.996940
0.522750,0.928834
0.523250,0.950867
0.523750,0.981809
0.524250,0.924509
0.524750,0.931446
0.525250,0.876648
0.525750,0.866730
0.526250,0.881591
0.526750,0.896013
0.527250,0.915185
0.527750,0.880332
0.528250,0.802169
0.528750,0.835799
0.529250,0.800824
0.529750,0.936686
0.530250,0.974607
0.530750,0.946420
0.531250,0.866127
0.531750,0.810281
0.532250,0.811467
0.532750,0.847290
0.533250,0.879917
0.533750,0.949727
0.534250,0.962487
0.534750,0.922183
0.535250,0.974498
0.535750,0.980542
0.536250,1.026777
0.536750,1.112018
0.537250,1.000948
0.537750,1.053459
0.538250,1.080419
0.538750,1.147580
0.539250,1.226284
0.539750,1.231063
0.540250,1.150709
0.540750,1.254570
0.541250,1.232240
0.541750,1.251952
0.542250,1.357611
0.542750,1.302792
0.543250,1.281686
0.543750,1.293108
0.544250,1.275914
0.544750,1.349998
0.545250,1.334259
0.545750,1.333369
0.546250,1.304763
0.546750,1.271649
0.547250,1.351020
0.547750,1.318475
0.548250,1.412360
0.548750,1.354684
0.549250,1.273599
0.549750,1.200954
0.550250,1.188209
0.550750,1.240790
0.551250,1.321324
0.551750,1.249970
0.552250,1.132527
0.552750,1.081693
0.553250,1.055818
0.553750,1.082847
0.554250,1.083289
0.554750,1.058438
0.555250,1.054970
0.555750,0.977441
0.556250,1.040816
0.556750,0.957766
0.557250,1.046924
0.557750,1.000807
0.558250,0.986406
0.558750,0.851608
0.559250,0.906846
0.559750,0.900289
0.560250,1.020583
0.560750,0.953130
0.561250,0.898599
0.561750,0.857168
0.562250,0.859483
0.562750,0.878508
0.563250,0.935964
0.563750,0.945646
0.564250,0.950055
0.564750,0.845173
0.565250,0.899623
0.565750,0.899807
0.566250,0.999089
0.566750,1.056721
0.567250,1.030387
0.567750,0.962804
0.568250,0.924942
0.568750,0.934737
0.569250,0.916865
0.569750,1.002250
0.570250,0.918777
0.570750,0.966151
0.571250,0.897428
0.571750,0.916098
0.572250,0.926902
0.572750,0.964834
0.573250,0.878921
0.573750,0.931990
0.574250,0.840094
0.574750,0.844061
0.575250,0.910316
0.575750,0.875297
0.576250,0.814097
0.576750,0.735096
0.577250,0.638866
0.577750,0.689838
0.578250,0.599950
0.578750,0.617378
0.579250,0.634259
0.579750,0.600538
0.580250,0.514317
0.580750,0.449003
0.581250,0.470700
0.581750,0.466105
0.582250,0.548807
0.582750,0.428992
0.583250,0.390741
0.583750,0.296828
0.584250,0.269786
0.584750,0.340096
0.585250,0.375781
0.585750,0.318469
0.586250,0.281871
0.586750,0.194785
0.587250,0.193248
0.587750,0.138695
0.588250,0.334367
0.588750,0.269416
0.589250,0.228008
0.589750,0.198336
0.590250,0.152662
0.590750,0.181992
0.591250,0.285282
0.591750,0.322777
0.592250,0.299562
0.592750,0.236394
0.593250,0.212705
0.593750,0.238833
0.594250,0.287628
0.594750,0.420238
0.595250,0.417597
0.595750,0.436508
0.596250,0.287849
0.596750,0.319612
0.597250,0.358477
0.597750,0.412448
0.598250,0.411637
0.598750,0.402955
0.599250,0.348801
0.599750,0.347528
0.600250,0.432984
0.600750,0.413212
0.601250,0.502773
0.601750,0.488541
0.602250,0.515793
0.602750,0.415674
0.603250,0.418048
0.603750,0.457586
0.604250,0.485196
0.604750,0.450208
0.605250,0.434457
0.605750,0.271456
0.606250,0.247111
0.606750,0.250728
0.607250,0.327166
0.607750,0.421945
0.608250,0.349391
0.608750,0.288410
0.609250,0.294875
0.609750,0.302267
0.610250,0.303041
0.610750,0.311165
0.611250,0.242353
0.611750,0.256840
0.612250,0.224163
0.612750,0.232291
0.613250,0.173010
0.613750,0.251742
0.614250,0.220598
0.614750,0.258772
0.615250,0.201659
0.615750,0.232324
0.616250,0.200036
0.616750,0.163982
0.617250,0.308665
0.617750,0.249517
0.618250,0.294267
0.618750,0.232335
0.619250,0.233591
0.619750,0.287679
0.620250,0.352026
0.620750,0.382353
0.621250,0.458158
0.621750,0.426560
0.622250,0.442023
0.622750,0.513151
0.623250,0.441045
0.623750,0.539696
0.624250,0.474724
0.624750,0.543262
0.625250,0.478777
0.625750,0.510987
0.626250,0.491538
0.626750,0.630396
0.627250,0.609153
0.627750,0.624033
0.628250,0.639056
0.628750,0.624938
0.629250,0.604741
0.629750,0.677192
0.630250,0.719428
0.630750,0.657968
0.631250,0.663739
0.631750,0.556056
0.632250,0.593185
0.632750,0.594030
0.633250,0.696763
0.633750,0.740238
0.634250,0.620048
0.634750,0.521369
0.635250,0.482053
0.635750,0.524280
0.636250,0.506920
0.636750,0.548365
0.637250,0.534077
0.637750,0.478628
0.638250,0.353451
0.638750,0.372319
0.639250,0.372449
0.639750,0.436794
0.640250,0.421208
0.640750,0.329356
0.641250,0.291315
0.641750,0.182906
0.642250,0.189220
0.642750,0.209263
0.643250,0.326953
0.643750,0.297972
0.644250,0.250431
0.644750,0.116230
0.645250,0.132553
0.645750,0.144214
0.646250,0.167922
0.646750,0.245294
0.647250,0.157418
0.647750,0.178506
0.648250,0.057291
0.648750,0.098221
0.649250,0.113933
0.649750,0.199432
0.650250,0.196010
0.650750,0.241048
0.651250,0.151083
0.651750,0.092208
0.652250,0.131643
0.652750,0.112089
0.653250,0.263077
0.653750,0.211761
0.654250,0.224711
0.654750,0.106814
0.655250,0.107836
0.655750,0.184621
0.656250,0.231119
0.656750,0.207056
0.657250,0.184477
0.657750,0.154034
0.658250,0.126855
0.658750,0.155344
0.659250,0.078952
0.659750,0.130600
0.660250,0.144913
0.660750,0.108146
0.661250,0.081957
0.661750,0.000819
0.662250,0.015687
0.662750,0.041017
0.663250,0.053384
0.663750,-0.023114
0.664250,-0.029483
0.664750,-0.079136
0.665250,-0.114143
0.665750,-0.175010
0.666250,-0.171766
0.666750,-0.205819
0.667250,-0.201007
0.667750,-0.258606
0.668250,-0.449637
0.668750,-0.349747
0.669250,-0.332176
0.669750,-0.323017
0.670250,-0.360243
0.670750,-0.409728
0.671250,-0.474117
0.671750,-0.535697
0.672250,-0.545177
0.672750,-0.560026
0.673250,-0.500019
0.673750,-0.546334
0.674250,-0.575213
0.674750,-0.626966
0.675250,-0.658592
0.675750,-0.662064
0.676250,-0.633900
0.676750,-0.558432
0.677250,-0.624907
0.677750,-0.567203
0.678250,-0.695640
0.678750,-0.632171
0.679250,-0.552287
0.679750,-0.578828
0.680250,-0.593813
0.680750,-0.605579
0.681250,-0.620036
0.681750,-0.711508
0.682250,-0.602992
0.682750,-0.576238
0.683250,-0.500716
0.683750,-0.414918
0.684250,-0.417647
0.684750,-0.537448
0.685250,-0.601042
0.685750,-0.494098
0.686250,-0.487104
0.686750,-0.453074
0.687250,-0.422433
0.687750,-0.379837
0.688250,-0.440688
0.688750,-0.585880
0.689250,-0.516891
0.689750,-0.440037
0.690250,-0.323023
0.690750,-0.323259
0.691250,-0.369411
0.691750,-0.473853
0.692250,-0.492490
0.692750,-0.465579
0.693250,-0.459781
0.693750,-0.350697
0.694250,-0.450448
0.694750,-0.472426
0.695250,-0.581815
0.695750,-0.537944
0.696250,-0.560154
0.696750,-0.485081
0.697250,-0.424995
0.697750,-0.499548
0.698250,-0.557378
0.698750,-0.619626
0.699250,-0.660804
0.699750,-0.569959
0.700250,-0.613442
0.700750,-0.536607
0.701250,-0.577318
0.701750,-0.620613
0.702250,-0.732314
0.702750,-0.701020
0.703250,-0.709494
0.703750,-0.672422
0.704250,-0.577371
0.704750,-0.640124
0.705250,-0.551987
0.705750,-0.642008
0.706250,-0.686864
0.706750,-0.727618
0.707250,-0.626447
0.707750,-0.588510
0.708250,-0.627422
0.708750,-0.590088
0.709250,-0.697119
0.709750,-0.607858
0.710250,-0.594639
0.710750,-0.507549
0.711250,-0.459835
0.711750,-0.422472
0.712250,-0.428008
0.712750,-0.531873
0.713250,-0.431711
0.713750,-0.386202
0.714250,-0.379533
0.714750,-0.370537
0.715250,-0.339748
0.715750,-0.315592
0.716250,-0.397599
0.716750,-0.348548
0.717250,-0.321227
0.717750,-0.285242
0.718250,-0.190762
0.718750,-0.163599
0.719250,-0.248214
0.719750,-0.310050
0.720250,-0.254167
0.720750,-0.225019
0.721250,-0.115674
0.721750,-0.159020
0.722250,-0.254561
0.722750,-0.224613
0.723250,-0.276388
0.723750,-0.159380
0.724250,-0.248722
0.724750,-0.243331
0.725250,-0.222569
0.725750,-0.190411
0.726250,-0.250058
0.726750,-0.335648
0.727250,-0.342305
0.727750,-0.347004
0.728250,-0.359229
0.728750,-0.361298
0.729250,-0.376798
0.729750,-0.422188
0.730250,-0.535665
0.730750,-0.433094
0.731250,-0.508946
0.731750,-0.407948
0.732250,-0.441933
0.732750,-0.529847
0.733250,-0.503384
0.733750,-0.651886
0.734250,-0.568317
0.734750,-0.633261
0.735250,-0.583944
0.735750,-0.604423
0.736250,-0.661954
0.736750,-0.687665
0.737250,-0.698266
0.737750,-0.675402
0.738250,-0.694068
0.738750,-0.713014
0.739250,-0.676440
0.739750,-0.707444
0.740250,-0.725961
0.740750,-0.765799
0.741250,-0.782230
0.741750,-0.702374
0.742250,-0.649121
0.742750,-0.578081
0.743250,-0.627139
0.743750,-0.664542
0.744250,-0.728285
0.744750,-0.695875
0.745250,-0.694088
0.745750,-0.645403
0.746250,-0.628792
0.746750,-0.678369
0.747250,-0.678577
0.747750,-0.701464
0.748250,-0.787050
0.748750,-0.687469
0.749250,-0.605554
0.749750,-0.570203
0.750250,-0.659384
0.750750,-0.615544
0.751250,-0.691005
0.751750,-0.693723
0.752250,-0.706998
0.752750,-0.705621
0.753250,-0.629045
0.753750,-0.703455
0.754250,-0.734324
0.754750,-0.782852
0.755250,-0.804568
0.755750,-0.814465
0.756250,-0.848707
0.756750,-0.766315
0.757250,-0.871791
0.757750,-0.870369
0.758250,-0.907322
0.758750,-1.008554
0.759250,-0.989703
0.759750,-0.998481
0.760250,-0.971963
0.760750,-0.947326
0.761250,-1.025997
0.761750,-1.082355
0.762250,-1.165522
0.762750,-1.119512
0.763250,-1.195206
0.763750,-1.179200
0.764250,-1.243061
0.764750,-1.247698
0.765250,-1.256305
0.765750,-1.358131
0.766250,-1.432729
0.766750,-1.347077
0.767250,-1.304004
0.767750,-1.339679
0.768250,-1.396789
0.768750,-1.385682
0.769250,-1.441749
0.769750,-1.463254
0.770250,-1.416462
0.770750,-1.432048
0.771250,-1.361493
0.771750,-1.412281
0.772250,-1.430122
0.772750,-1.501918
0.773250,-1.500397
0.773750,-1.448862
0.774250,-1.480825
0.774750,-1.332271
0.775250,-1.362646
0.775750,-1.367425
0.776250,-1.383181
0.776750,-1.393132
0.777250,-1.376522
0.777750,-1.397090
0.778250,-1.260336
0.778750,-1.279268
0.779250,-1.249451
0.779750,-1.258673
0.780250,-1.334255
0.780750,-1.293057
0.781250,-1.324137
0.781750,-1.256484
0.782250,-1.199352
0.782750,-1.157203
0.783250,-1.213215
0.783750,-1.231867
0.784250,-1.281916
0.784750,-1.203045
0.785250,-1.133376
0.785750,-1.096515
0.786250,-1.137264
0.786750,-1.190842
0.787250,-1.248518
0.787750,-1.236070
0.788250,-1.129206
0.788750,-1.211049
0.789250,-1.104410
0.789750,-1.146655
0.790250,-1.211048
0.790750,-1.260362
0.791250,-1.284560
0.791750,-1.329014
0.792250,-1.319676
0.792750,-1.234431
0.793250,-1.208805
0.793750,-1.232241
0.794250,-1.226154
0.794750,-1.385169
0.795250,-1.351547
0.795750,-1.390491
0.796250,-1.348937
0.796750,-1.269063
0.797250,-1.279570
0.797750,-1.305611
0.798250,-1.315982
0.798750,-1.357234
0.799250,-1.378244
0.799750,-1.391280
0.800250,-1.372578
0.800750,-1.314871
0.801250,-1.382507
0.801750,-1.360593
0.802250,-1.337135
0.802750,-1.382384
0.803250,-1.380689
0.803750,-1.332595
0.804250,-1.306025
0.804750,-1.321815
0.805250,-1.252497
0.805750,-1.367154
0.806250,-1.342350
0.806750,-1.242569
0.807250,-1.213948
0.807750,-1.105509
0.808250,-1.219428
0.808750,-1.170316
0.809250,-1.157941
0.809750,-1.145461
0.810250,-1.035199
0.810750,-1.097956
0.811250,-0.931797
0.811750,-0.959854
0.812250,-0.990260
0.812750,-0.948328
0.813250,-1.041711
0.813750,-1.033676
0.814250,-0.963401
0.814750,-0.937718
0.815250,-0.822589
0.815750,-0.851442
0.816250,-0.803045
0.816750,-0.922579
0.817250,-0.869683
0.817750,-0.878710
0.818250,-0.875050
0.818750,-0.808413
0.819250,-0.804596
0.819750,-0.782122
0.820250,-0.808041
0.820750,-0.867485
0.821250,-0.878910
0.821750,-0.805962
0.822250,-0.811464
0.822750,-0.725359
0.823250,-0.812220
0.823750,-0.830163
0.824250,-0.898695
0.824750,-0.909018
0.825250,-0.965602
0.825750,-0.973539
0.826250,-0.878059
0.826750,-0.900935
0.827250,-0.943414
0.827750,-1.006892
0.828250,-1.091785
0.828750,-1.047971
0.829250,-1.079531
0.829750,-1.057975
0.830250,-1.030891
0.830750,-1.089154
0.831250,-1.067362
0.831750,-1.151310
0.832250,-1.262388
0.832750,-1.203148
0.833250,-1.163819
0.833750,-1.115959
0.834250,-1.184119
0.834750,-1.151783
0.835250,-1.184659
0.835750,-1.240825
0.836250,-1.209797
0.836750,-1.221752
0.837250,-1.209268
0.837750,-1.219753
0.838250,-1.139130
0.838750,-1.214056
0.839250,-1.283135
0.839750,-1.320257
0.840250,-1.295800
0.840750,-1.287515
0.841250,-1.206079
0.841750,-1.183341
0.842250,-1.153271
0.842750,-1.129005
0.843250,-1.289230
0.843750,-1.219584
0.844250,-1.195553
0.844750,-1.206927
0.845250,-1.055596
0.845750,-1.101918
0.846250,-1.114925
0.846750,-1.152542
0.847250,-1.181524
0.847750,-1.259778
0.848250,-1.275231
0.848750,-1.152370
0.849250,-1.131738
0.849750,-1.067053
0.850250,-1.046329
0.850750,-1.230860
0.851250,-1.160510
0.851750,-1.200014
0.852250,-1.184272
0.852750,-1.044668
0.853250,-1.057136
0.853750,-1.131083
0.854250,-1.229115
0.854750,-1.260456
0.855250,-1.258651
0.855750,-1.260530
0.856250,-1.269772
0.856750,-1.253910
0.857250,-1.323197
0.857750,-1.387151
0.858250,-1.450996
0.858750,-1.442993
0.859250,-1.375053
0.859750,-1.342004
0.860250,-1.348728
0.860750,-1.467014
0.861250,-1.545383
0.861750,-1.504616
0.862250,-1.625458
0.862750,-1.544940
0.863250,-1.620668
0.863750,-1.653183
0.864250,-1.617912
0.864750,-1.606645
0.865250,-1.600705
0.865750,-1.686584
0.866250,-1.732190
0.866750,-1.744156
0.867250,-1.777107
0.867750,-1.756025
0.868250,-1.703362
0.868750,-1.692440
0.869250,-1.726492
0.869750,-1.854002
0.870250,-1.857010
0.870750,-1.902045
0.871250,-1.880269
0.871750,-1.720961
0.872250,-1.817786
0.872750,-1.822726
0.873250,-1.798919
0.873750,-1.885006
0.874250,-1.901190
0.874750,-1.895042
0.875250,-1.774302
0.875750,-1.689114
0.876250,-1.613349
0.876750,-1.673933
0.877250,-1.737146
0.877750,-1.709257
0.878250,-1.667844
0.878750,-1.710581
0.879250,-1.576265
0.879750,-1.626395
0.880250,-1.600673
0.880750,-1.604952
0.881250,-1.654763
0.881750,-1.644571
0.882250,-1.567437
0.882750,-1.592753
0.883250,-1.440741
0.883750,-1.483332
0.884250,-1.570305
0.884750,-1.565700
0.885250,-1.634444
0.885750,-1.522073
0.886250,-1.446372
0.886750,-1.384320
0.887250,-1.336864
0.887750,-1.435591
0.888250,-1.474997
0.888750,-1.465403
0.889250,-1.483597
0.889750,-1.450473
0.890250,-1.485890
0.890750,-1.441671
0.891250,-1.347193
0.891750,-1.402352
0.892250,-1.414853
0.892750,-1.509990
0.893250,-1.597666
0.893750,-1.540691
0.894250,-1.513492
0.894750,-1.411995
0.895250,-1.423674
0.895750,-1.473842
0.896250,-1.472776
0.896750,-1.544720
0.897250,-1.619193
0.897750,-1.557979
0.898250,-1.597016
0.898750,-1.495511
0.899250,-1.481270
0.899750,-1.518457
0.900250,-1.568449
0.900750,-1.641416
0.901250,-1.665345
0.901750,-1.591196
0.902250,-1.616865
0.902750,-1.416321
0.903250,-1.444070
0.903750,-1.593665
0.904250,-1.554342
0.904750,-1.595444
0.905250,-1.557372
0.905750,-1.504555
0.906250,-1.511185
0.906750,-1.413118
0.907250,-1.428380
0.907750,-1.446490
0.908250,-1.435311
0.908750,-1.467397
0.909250,-1.476398
0.909750,-1.436227
0.910250,-1.442628
0.910750,-1.289765
0.911250,-1.247851
0.911750,-1.238464
0.912250,-1.246777
0.912750,-1.325991
0.913250,-1.198445
0.913750,-1.143899
0.914250,-1.151313
0.914750,-1.070820
0.915250,-1.119063
0.915750,-1.092471
0.916250,-1.126506
0.916750,-1.155017
0.917250,-0.964879
0.917750,-1.023849
0.918250,-1.002635
0.918750,-0.888271
0.919250,-0.957763
0.919750,-0.983214
0.920250,-1.012978
0.920750,-0.988832
0.921250,-0.893937
0.921750,-0.821989
0.922250,-0.708410
0.922750,-0.710927
0.923250,-0.890255
0.923750,-0.898842
0.924250,-0.967614
0.924750,-0.989570
0.925250,-0.912087
0.925750,-0.898801
0.926250,-0.821273
0.926750,-0.817474
0.927250,-0.880173
0.927750,-0.809262
0.928250,-0.921279
0.928750,-0.931284
0.929250,-0.916084
0.929750,-1.004883
0.930250,-0.910280
0.930750,-0.892316
0.931250,-0.944549
0.931750,-0.872992
0.932250,-1.024047
0.932750,-1.070664
0.933250,-1.100197
0.933750,-1.128660
0.934250,-0.969221
0.934750,-1.029420
0.935250,-1.085266
0.935750,-1.061662
0.936250,-1.192123
0.936750,-1.160095
0.937250,-1.175913
0.937750,-1.189969
0.938250,-1.087092
0.938750,-1.096229
0.939250,-1.129980
0.939750,-1.181640
0.940250,-1.191743
0.940750,-1.224924
0.941250,-1.118030
0.941750,-1.189703
0.942250,-1.156941
0.942750,-1.099210
0.943250,-1.153197
0.943750,-1.110534
0.944250,-1.201297
0.944750,-1.254901
0.945250,-1.172857
0.945750,-1.231061
0.946250,-1.153526
0.946750,-1.123324
0.947250,-1.117406
0.947750,-1.033398
0.948250,-1.142435
0.948750,-1.152857
0.949250,-1.050435
0.949750,-1.042330
0.950250,-1.040767
0.950750,-1.053027
0.951250,-1.022900
0.951750,-1.015936
0.952250,-1.033483
0.952750,-1.059983
0.953250,-1.006303
0.953750,-1.031039
0.954250,-0.910904
0.954750,-0.976987
0.955250,-1.000606
0.955750,-0.965616
0.956250,-1.072925
0.956750,-1.053693
0.957250,-1.031915
0.957750,-0.992250
0.958250,-0.880419
0.958750,-1.015072
0.959250,-1.009872
0.959750,-1.009345
0.960250,-1.095169
0.960750,-1.130330
0.961250,-1.084514
0.961750,-1.122908
0.962250,-1.084120
0.962750,-1.085963
0.963250,-1.156357
0.963750,-1.105504
0.964250,-1.148092
0.964750,-1.201387
0.965250,-1.171565
0.965750,-1.200925
0.966250,-1.222157
0.966750,-1.215790
0.967250,-1.313431
0.967750,-1.274368
0.968250,-1.342707
0.968750,-1.376669
0.969250,-1.377890
0.969750,-1.346465
0.970250,-1.385668
0.970750,-1.361722
0.971250,-1.462291
0.971750,-1.484055
0.972250,-1.496972
0.972750,-1.596572
0.973250,-1.593627
0.973750,-1.568651
0.974250,-1.508657
0.974750,-1.423245
0.975250,-1.449227
0.975750,-1.494376
0.976250,-1.536245
0.976750,-1.625173
0.977250,-1.510407
0.977750,-1.559146
0.978250,-1.499939
0.978750,-1.507028
0.979250,-1.526988
0.979750,-1.502511
0.980250,-1.619395
0.980750,-1.640018
0.981250,-1.559345
0.981750,-1.487252
0.982250,-1.509990
0.982750,-1.365594
0.983250,-1.436635
0.983750,-1.513308
0.984250,-1.466457
0.984750,-1.523686
0.985250,-1.408708
0.985750,-1.345151
0.986250,-1.330009
0.986750,-1.234420
0.987250,-1.266051
0.987750,-1.306765
0.988250,-1.269379
0.988750,-1.352165
0.989250,-1.368698
0.989750,-1.235957
0.990250,-1.197257
0.990750,-1.147153
0.991250,-1.110578
0.991750,-1.159947
0.992250,-1.203048
0.992750,-1.207628
0.993250,-1.145820
0.993750,-1.116248
0.994250,-1.127226
0.994750,-1.027877
0.995250,-0.987144
0.995750,-1.042795
0.996250,-1.071377
0.996750,-1.127630
0.997250,-1.117482
0.997750,-1.093459
0.998250,-1.152426
0.998750,-0.987993
0.999250,-0.938717
0.999750,-1.016082
