0.000250,0.115267
0.000750,0.086756
0.001250,0.078083
0.001750,-0.101490
0.002250,-0.113549
0.002750,0.062675
0.003250,0.134046
0.003750,0.144339
0.004250,0.354882
0.004750,0.599059
0.005250,0.756220
0.005750,0.710078
0.006250,0.654579
0.006750,0.667533
0.007250,0.737284
0.007750,0.790161
0.008250,0.833491
0.008750,0.699874
0.009250,0.523655
0.009750,0.491111
0.010250,0.523935
0.010750,0.627501
0.011250,0.828423
0.011750,0.909252
0.012250,0.928235
0.012750,0.978079
0.013250,0.970854
0.013750,1.016957
0.014250,1.148732
0.014750,1.365502
0.015250,1.501331
0.015750,1.769691
0.016250,1.764211
0.016750,1.822535
0.017250,1.911282
0.017750,1.752047
0.018250,1.637727
0.018750,1.647423
0.019250,1.654214
0.019750,1.709498
0.020250,1.759843
0.020750,1.800558
0.021250,1.786718
0.021750,1.666373
0.022250,1.573697
0.022750,1.498484
0.023250,1.319197
0.023750,1.237040
0.024250,1.245615
0.024750,1.287429
0.025250,1.292054
0.025750,1.332846
0.026250,1.568259
0.026750,1.629528
0.027250,1.629700
0.027750,1.612784
0.028250,1.595158
0.028750,1.571607
0.029250,1.569583
0.029750,1.602625
0.030250,1.570416
0.030750,1.738074
0.031250,1.900330
0.031750,1.897111
0.032250,1.994624
0.032750,2.174923
0.033250,2.237207
0.033750,2.171225
0.034250,2.240546
0.034750,2.242398
0.035250,2.036330
0.035750,2.067548
0.036250,1.938820
0.036750,1.833895
0.037250,1.901260
0.037750,1.785026
0.038250,1.831702
0.038750,1.869744
0.039250,1.855500
0.039750,1.891484
0.040250,1.803095
0.040750,1.843952
0.041250,1.694362
0.041750,1.528980
0.042250,1.484100
0.042750,1.253472
0.043250,1.147519
0.043750,1.047128
0.044250,0.962017
0.044750,1.004438
0.045250,0.979106
0.045750,1.121350
0.046250,0.941004
0.046750,1.072245
0.047250,1.266633
0.047750,1.185122
0.048250,1.334091
0.048750,1.209134
0.049250,1.302685
0.049750,1.115917
0.050250,1.217610
0.050750,1.248100
0.051250,1.211316
0.051750,1.132635
0.052250,1.014775
0.052750,1.267443
0.053250,1.250078
0.053750,1.457974
0.054250,1.382088
0.054750,1.634071
0.055250,1.605874
0.055750,1.800922
0.056250,1.931059
0.056750,1.948032
0.057250,1.740017
0.057750,1.846348
0.058250,1.892287
0.058750,1.888646
0.059250,1.659691
0.059750,1.687940
0.060250,1.467375
0.060750,1.493806
0.061250,1.515384
0.061750,1.382864
0.062250,1.404512
0.062750,1.495224
0.063250,1.380730
0.063750,1.406795
0.064250,1.444898
0.064750,1.545825
0.065250,1.562689
0.065750,1.335637
0.066250,1.321102
0.066750,1.164914
0.067250,1.085319
0.067750,0.913932
0.068250,0.973640
0.068750,0.866234
0.069250,0.731830
0.069750,0.473660
0.070250,0.458771
0.070750,0.474106
0.071250,0.575681
0.071750,0.530946
0.072250,0.454387
0.072750,0.338935
0.073250,0.521031
0.073750,0.649501
0.074250,0.570415
0.074750,0.831111
0.075250,0.726620
0.075750,0.812146
0.076250,0.756487
0.076750,0.681527
0.077250,0.632289
0.077750,0.635352
0.078250,0.708953
0.078750,0.645940
0.079250,0.689751
0.079750,0.520719
0.080250,0.663901
0.080750,0.602264
0.081250,0.591124
0.081750,0.818012
0.082250,0.655367
0.082750,0.816683
0.083250,0.871256
0.083750,1.042997
0.084250,1.079537
0.084750,1.214931
0.085250,1.424198
0.085750,1.234381
0.086250,1.348767
0.086750,1.280318
0.087250,1.219059
0.087750,1.334380
0.088250,1.243314
0.088750,1.208795
0.089250,1.112446
0.089750,1.070483
0.090250,1.044463
0.090750,0.717415
0.091250,0.835212
0.091750,0.627416
0.092250,0.860570
0.092750,0.744640
0.093250,0.675439
0.093750,0.752481
0.094250,0.524760
0.094750,0.562618
0.095250,0.685083
0.095750,0.495907
0.096250,0.736908
0.096750,0.672958
0.097250,0.618039
0.097750,0.579812
0.098250,0.396861
0.098750,0.427629
0.099250,0.193361
0.099750,0.196976
0.100250,0.178243
0.100750,-0.156229
0.101250,-0.164533
0.101750,-0.267251
0.102250,-0.423085
0.102750,-0.451489
0.103250,-0.575372
0.103750,-0.658034
0.104250,-0.596446
0.104750,-0.643781
0.105250,-0.516165
0.105750,-0.439801
0.106250,-0.620564
0.106750,-0.496768
0.107250,-0.465887
0.107750,-0.390284
0.108250,-0.181666
0.108750,-0.395923
0.109250,-0.355742
0.109750,-0.323191
0.110250,-0.536785
0.110750,-0.388372
0.111250,-0.271150
0.111750,-0.440050
0.112250,-0.435477
0.112750,-0.484175
0.113250,-0.763288
0.113750,-0.404937
0.114250,-0.731666
0.114750,-0.610380
0.115250,-0.533218
0.115750,-0.716760
0.116250,-0.560162
0.116750,-0.380093
0.117250,-0.534271
0.117750,-0.383310
0.118250,-0.467953
0.118750,-0.350928
0.119250,-0.130102
0.119750,-0.108238
0.120250,-0.175376
0.120750,0.109602
0.121250,-0.083334
0.121750,0.120475
0.122250,0.002036
0.122750,0.088501
0.123250,-0.011465
0.123750,0.030588
0.124250,-0.203299
0.124750,-0.137531
0.125250,-0.180868
0.125750,-0.343874
0.126250,-0.336160
0.126750,-0.327861
0.127250,-0.631467
0.127750,-0.633717
0.128250,-0.651122
0.128750,-0.801593
0.129250,-0.532472
0.129750,-0.701103
0.130250,-0.779494
0.130750,-0.853026
0.131250,-0.878220
0.131750,-0.969590
0.132250,-0.709469
0.132750,-0.651791
0.133250,-0.945380
0.133750,-0.606278
0.134250,-0.844489
0.134750,-1.044900
0.135250,-0.799278
0.135750,-0.802933
0.136250,-1.148877
0.136750,-1.178229
0.137250,-1.339695
0.137750,-1.331934
0.138250,-1.287221
0.138750,-1.476151
0.139250,-1.669599
0.139750,-1.820621
0.140250,-1.764530
0.140750,-2.119752
0.141250,-2.113552
0.141750,-1.922323
0.142250,-2.293480
0.142750,-2.067669
0.143250,-2.112678
0.143750,-2.291374
0.144250,-2.149510
0.144750,-2.208735
0.145250,-2.255394
0.145750,-2.339846
0.146250,-1.966985
0.146750,-1.992452
0.147250,-1.792366
0.147750,-1.785189
0.148250,-2.020601
0.148750,-2.070711
0.149250,-1.854868
0.149750,-1.978320
0.150250,-2.087411
0.150750,-2.006569
0.151250,-1.973356
0.151750,-1.874498
0.152250,-1.951941
0.152750,-1.742521
0.153250,-1.972575
0.153750,-2.155179
0.154250,-2.097018
0.154750,-2.414689
0.155250,-2.238185
0.155750,-2.132545
0.156250,-2.015964
0.156750,-2.038326
0.157250,-2.086742
0.157750,-1.776282
0.158250,-1.963139
0.158750,-1.887432
0.159250,-1.643754
0.159750,-1.853983
0.160250,-1.710367
0.160750,-1.370661
0.161250,-1.355279
0.161750,-1.525082
0.162250,-1.183745
0.162750,-1.184848
0.163250,-1.184005
0.163750,-1.130988
0.164250,-1.180552
0.164750,-1.243942
0.165250,-1.204935
0.165750,-1.187678
0.166250,-1.356550
0.166750,-1.196418
0.167250,-1.126982
0.167750,-1.171563
0.168250,-1.599047
0.168750,-1.289791
0.169250,-1.302813
0.169750,-1.628906
0.170250,-1.704121
0.170750,-1.635364
0.171250,-1.790597
0.171750,-1.662883
0.172250,-1.613386
0.172750,-1.646483
0.173250,-1.758159
0.173750,-1.700625
0.174250,-1.622928
0.174750,-1.716015
0.175250,-1.812504
0.175750,-1.549044
0.176250,-1.864733
0.176750,-1.649430
0.177250,-1.537218
0.177750,-1.338316
0.178250,-1.655567
0.178750,-1.728902
0.179250,-1.600454
0.179750,-1.712426
0.180250,-1.871032
0.180750,-1.906495
0.181250,-1.626303
0.181750,-1.836453
0.182250,-2.034647
0.182750,-1.960145
0.183250,-2.044768
0.183750,-2.341665
0.184250,-2.391655
0.184750,-2.449241
0.185250,-2.501690
0.185750,-2.613990
0.186250,-2.710814
0.186750,-2.370755
0.187250,-2.693637
0.187750,-2.796153
0.188250,-2.489356
0.188750,-2.640396
0.189250,-2.556861
0.189750,-2.411074
0.190250,-2.582659
0.190750,-2.710116
0.191250,-2.586767
0.191750,-2.282841
0.192250,-2.440390
0.192750,-2.508442
0.193250,-2.172718
0.193750,-2.030117
0.194250,-2.057542
0.194750,-2.088026
0.195250,-1.848740
0.195750,-2.051563
0.196250,-2.150578
0.196750,-2.088639
0.197250,-2.022022
0.197750,-1.947952
0.198250,-2.147090
0.198750,-2.066565
0.199250,-1.796381
0.199750,-1.865789
0.200250,-1.924297
0.200750,-1.772896
0.201250,-1.940695
0.201750,-2.083135
0.202250,-2.080454
0.202750,-1.853899
0.203250,-1.933997
0.203750,-2.101779
0.204250,-1.817479
0.204750,-1.729669
0.205250,-1.638495
0.205750,-1.573567
0.206250,-1.442394
0.206750,-1.227268
0.207250,-1.421391
0.207750,-1.473097
0.208250,-1.192033
0.208750,-1.153236
0.209250,-1.285314
0.209750,-0.906923
0.210250,-0.708074
0.210750,-0.735817
0.211250,-0.704433
0.211750,-0.513321
0.212250,-0.542886
0.212750,-0.583056
0.213250,-0.780677
0.213750,-0.822360
0.214250,-0.513344
0.214750,-0.694631
0.215250,-0.749842
0.215750,-0.502532
0.216250,-0.592615
0.216750,-0.966283
0.217250,-1.085948
0.217750,-0.823065
0.218250,-0.930881
0.218750,-1.149782
0.219250,-1.168626
0.219750,-0.810995
0.220250,-1.171291
0.220750,-1.171064
0.221250,-1.127606
0.221750,-1.048022
0.222250,-0.921688
0.222750,-1.243836
0.223250,-1.133237
0.223750,-0.885823
0.224250,-1.017336
0.224750,-1.029996
0.225250,-1.154186
0.225750,-0.959540
0.226250,-0.951942
0.226750,-0.882895
0.227250,-0.598471
0.227750,-0.625029
0.228250,-0.826489
0.228750,-0.950266
0.229250,-0.918183
0.229750,-0.968642
0.230250,-1.046231
0.230750,-1.295524
0.231250,-1.022729
0.231750,-1.177904
0.232250,-1.214333
0.232750,-1.299554
0.233250,-1.238474
0.233750,-1.174105
0.234250,-1.586343
0.234750,-1.767595
0.235250,-1.536592
0.235750,-1.903229
0.236250,-1.863421
0.236750,-2.108636
0.237250,-2.068232
0.237750,-1.815652
0.238250,-1.929518
0.238750,-2.001016
0.239250,-1.944243
0.239750,-1.859673
0.240250,-1.824039
0.240750,-1.816848
0.241250,-1.796837
0.241750,-1.698074
0.242250,-1.786871
0.242750,-2.063522
0.243250,-1.995126
0.243750,-1.638209
0.244250,-1.791556
0.244750,-1.463733
0.245250,-1.201784
0.245750,-1.111775
0.246250,-1.144287
0.246750,-1.227014
0.247250,-1.126690
0.247750,-1.189020
0.248250,-1.355120
0.248750,-1.455015
0.249250,-1.364858
0.249750,-1.158847
0.250250,-1.014261
0.250750,-1.313334
0.251250,-1.255617
0.251750,-1.208103
0.252250,-1.049754
0.252750,-1.172505
0.253250,-0.959866
0.253750,-1.151980
0.254250,-0.921164
0.254750,-1.502707
0.255250,-1.414466
0.255750,-0.995986
0.256250,-1.262719
0.256750,-1.332328
0.257250,-0.888341
0.257750,-0.667336
0.258250,-0.688912
0.258750,-0.999925
0.259250,-0.879765
0.259750,-0.471701
0.260250,-0.531990
0.260750,-0.448851
0.261250,-0.419289
0.261750,-0.257567
0.262250,-0.132341
0.262750,-0.279756
0.263250,-0.258475
0.263750,-0.137695
0.264250,0.093545
0.264750,-0.021818
0.265250,0.004576
0.265750,0.030241
0.266250,0.414513
0.266750,0.406824
0.267250,0.193649
0.267750,0.241459
0.268250,0.451499
0.268750,0.434677
0.269250,0.246265
0.269750,0.232409
0.270250,0.270723
0.270750,0.362269
0.271250,-0.009961
0.271750,0.024118
0.272250,-0.155135
0.272750,0.089814
0.273250,-0.085123
0.273750,-0.210165
0.274250,0.133937
0.274750,-0.064988
0.275250,-0.113297
0.275750,-0.002673
0.276250,-0.302948
0.276750,-0.251251
0.277250,0.030830
0.277750,-0.014263
0.278250,-0.232666
0.278750,-0.079197
0.279250,0.022767
0.279750,0.033295
0.280250,-0.162080
0.280750,-0.131522
0.281250,0.099642
0.281750,0.064542
0.282250,0.152249
0.282750,-0.098760
0.283250,0.210763
0.283750,0.446708
0.284250,0.233307
0.284750,-0.171544
0.285250,0.068194
0.285750,0.294321
0.286250,0.233787
0.286750,0.003327
0.287250,0.085712
0.287750,-0.102026
0.288250,-0.057276
0.288750,-0.261936
0.289250,-0.504652
0.289750,-0.363967
0.290250,-0.417180
0.290750,-0.567779
0.291250,-0.493779
0.291750,-0.532239
0.292250,-0.421029
0.292750,-0.540122
0.293250,-0.765537
0.293750,-0.914446
0.294250,-0.857117
0.294750,-0.838136
0.295250,-0.570715
0.295750,-0.775539
0.296250,-0.880675
0.296750,-0.947420
0.297250,-0.829175
0.297750,-0.816802
0.298250,-0.807730
0.298750,-0.762818
0.299250,-0.507199
0.299750,-0.696704
0.300250,-0.907239
0.300750,-0.840280
0.301250,-0.438851
0.301750,-0.409557
0.302250,-0.373906
0.302750,-0.471222
0.303250,-0.360946
0.303750,-0.027253
0.304250,-0.227222
0.304750,-0.276780
0.305250,-0.165626
0.305750,-0.106023
0.306250,0.043299
0.306750,-0.036639
0.307250,-0.022085
0.307750,0.059938
0.308250,0.130303
0.308750,0.151597
0.309250,-0.020738
0.309750,-0.042585
0.310250,-0.009917
0.310750,0.143378
0.311250,0.108762
0.311750,-0.070388
0.312250,-0.040090
0.312750,0.221278
0.313250,0.238052
0.313750,-0.029590
0.314250,0.150255
0.314750,0.160575
0.315250,0.329906
0.315750,0.314589
0.316250,0.258944
0.316750,0.354922
0.317250,0.627771
0.317750,0.698818
0.318250,0.618983
0.318750,0.361141
0.319250,0.671735
0.319750,0.832374
0.320250,0.721261
0.320750,0.520710
0.321250,1.040072
0.321750,1.051068
0.322250,1.407062
0.322750,1.403969
0.323250,1.319916
0.323750,1.385735
0.324250,1.740819
0.324750,1.709904
0.325250,1.674182
0.325750,1.713304
0.326250,1.638766
0.326750,2.039930
0.327250,1.782143
0.327750,1.803507
0.328250,1.708333
0.328750,1.848064
0.329250,2.030998
0.329750,1.872542
0.330250,1.618748
0.330750,1.784215
0.331250,1.960436
0.331750,2.203003
0.332250,1.997397
0.332750,1.646677
0.333250,1.670935
0.333750,2.017151
0.334250,1.555173
0.334750,1.527105
0.335250,1.508621
0.335750,1.281761
0.336250,1.419174
0.336750,1.926529
0.337250,1.452710
0.337750,1.562263
0.338250,1.588851
0.338750,1.920252
0.339250,1.716980
0.339750,1.528428
0.340250,1.588949
0.340750,1.681722
0.341250,1.824476
0.341750,1.795235
0.342250,1.486019
0.342750,1.741878
0.343250,1.714843
0.343750,1.827040
0.344250,1.775676
0.344750,1.647918
0.345250,1.845498
0.345750,1.976439
0.346250,2.429479
0.346750,2.088980
0.347250,1.860654
0.347750,2.103037
0.348250,2.312856
0.348750,2.160925
0.349250,1.927904
0.349750,1.591286
0.350250,1.740649
0.350750,1.858056
0.351250,1.867325
0.351750,1.793221
0.352250,1.296721
0.352750,1.702965
0.353250,1.775487
0.353750,1.528850
0.354250,1.459765
0.354750,1.676090
0.355250,1.491281
0.355750,1.429600
0.356250,1.264964
0.356750,1.118080
0.357250,1.201813
0.357750,1.277657
0.358250,1.533410
0.358750,1.246714
0.359250,1.054856
0.359750,1.046666
0.360250,1.274508
0.360750,1.398447
0.361250,1.340696
0.361750,1.113422
0.362250,1.169114
0.362750,1.394809
0.363250,1.772208
0.363750,1.749251
0.364250,1.112494
0.364750,1.566543
0.365250,1.771184
0.365750,1.797559
0.366250,1.931142
0.366750,1.631269
0.367250,1.768605
0.367750,2.089868
0.368250,2.081414
0.368750,2.013689
0.369250,2.128937
0.369750,2.239886
0.370250,2.325719
0.370750,2.476174
0.371250,2.256432
0.371750,2.290620
0.372250,2.157929
0.372750,2.492849
0.373250,2.395086
0.373750,2.338182
0.374250,2.328445
0.374750,2.425836
0.375250,2.522538
0.375750,2.695462
0.376250,2.395401
0.376750,2.188951
0.377250,2.410328
0.377750,2.488256
0.378250,2.703355
0.378750,2.602102
0.379250,2.568781
0.379750,2.436098
0.380250,2.356168
0.380750,2.635844
0.381250,2.564205
0.381750,2.553626
0.382250,2.659191
0.382750,2.839095
0.383250,3.001950
0.383750,3.159878
0.384250,2.840190
0.384750,2.669325
0.385250,3.032667
0.385750,3.344764
0.386250,3.323178
0.386750,3.196240
0.387250,3.157468
0.387750,3.779815
0.388250,3.717386
0.388750,3.463551
0.389250,3.647888
0.389750,3.637059
0.390250,3.840398
0.390750,4.067234
0.391250,4.178109
0.391750,4.160883
0.392250,4.055500
0.392750,4.170946
0.393250,4.581855
0.393750,4.263205
0.394250,4.039839
0.394750,4.030122
0.395250,4.353170
0.395750,4.527743
0.396250,4.487964
0.396750,4.118354
0.397250,4.198399
0.397750,4.245299
0.398250,4.333053
0.398750,4.437323
0.399250,4.362599
0.399750,4.341345
0.400250,3.919364
0.400750,4.164455
0.401250,4.465640
0.401750,4.244582
0.402250,4.054404
0.402750,4.124907
0.403250,3.934393
0.403750,4.120334
0.404250,4.112457
0.404750,3.870552
0.405250,3.782833
0.405750,3.638709
0.406250,4.093040
0.406750,4.179994
0.407250,4.094151
0.407750,3.862836
0.408250,3.960083
0.408750,4.049370
0.409250,4.261753
0.409750,4.298570
0.410250,3.959247
0.410750,3.939003
0.411250,3.924784
0.411750,4.096606
0.412250,4.246181
0.412750,4.107935
0.413250,3.926582
0.413750,4.045033
0.414250,4.580531
0.414750,4.448195
0.415250,4.372178
0.415750,4.019338
0.416250,4.279881
0.416750,4.319930
0.417250,4.176394
0.417750,3.940507
0.418250,3.858875
0.418750,3.661449
0.419250,3.929290
0.419750,4.004708
0.420250,3.706506
0.420750,3.731906
0.421250,3.802576
0.421750,3.665489
0.422250,3.932112
0.422750,3.684407
0.423250,3.108790
0.423750,3.330404
0.424250,3.300034
0.424750,3.427156
0.425250,3.346099
0.425750,3.167619
0.426250,2.919651
0.426750,3.056876
0.427250,3.020170
0.427750,3.223322
0.428250,3.099234
0.428750,2.873708
0.429250,2.710874
0.429750,2.904949
0.430250,2.958373
0.430750,2.987360
0.431250,2.975210
0.431750,3.204420
0.432250,2.961958
0.432750,3.249126
0.433250,3.170863
0.433750,3.464224
0.434250,3.248262
0.434750,2.966538
0.435250,2.904928
0.435750,3.360716
0.436250,3.174804
0.436750,3.218943
0.437250,3.149373
0.437750,3.279745
0.438250,3.479243
0.438750,3.728801
0.439250,3.669667
0.439750,3.621718
0.440250,3.455798
0.440750,3.737091
0.441250,3.864351
0.441750,3.796005
0.442250,3.619005
0.442750,3.500736
0.443250,3.490810
0.443750,3.631933
0.444250,3.756113
0.444750,3.814621
0.445250,3.399858
0.445750,3.444734
0.446250,3.434220
0.446750,3.770651
0.447250,3.769973
0.447750,3.513070
0.448250,3.639798
0.448750,3.616728
0.449250,3.769918
0.449750,3.675148
0.450250,3.625641
0.450750,3.468760
0.451250,3.490930
0.451750,3.531596
0.452250,3.561970
0.452750,3.593153
0.453250,3.529593
0.453750,3.177596
0.454250,3.316569
0.454750,3.804852
0.455250,4.007273
0.455750,3.904066
0.456250,3.757999
0.456750,3.768438
0.457250,3.967600
0.457750,4.093982
0.458250,4.051321
0.458750,4.000622
0.459250,4.097943
0.459750,4.251144
0.460250,4.399511
0.460750,4.631452
0.461250,4.432136
0.461750,4.392370
0.462250,4.466911
0.462750,4.506068
0.463250,4.811190
0.463750,4.619171
0.464250,4.966737
0.464750,4.814239
0.465250,4.576822
0.465750,5.222776
0.466250,4.824051
0.466750,4.994279
0.467250,4.673131
0.467750,4.763410
0.468250,4.784243
0.468750,5.039865
0.469250,4.872168
0.469750,4.625103
0.470250,4.345446
0.470750,4.211476
0.471250,4.589021
0.471750,4.878551
0.472250,4.862020
0.472750,4.580302
0.473250,4.475841
0.473750,4.534063
0.474250,4.539219
0.474750,4.836024
0.475250,4.398644
0.475750,4.322867
0.476250,4.249833
0.476750,4.369852
0.477250,4.048200
0.477750,3.951688
0.478250,4.036485
0.478750,4.097220
0.479250,4.129936
0.479750,4.104958
0.480250,3.926329
0.480750,3.965962
0.481250,4.068777
0.481750,4.079472
0.482250,4.193839
0.482750,4.135510
0.483250,4.164638
0.483750,4.113540
0.484250,4.051063
0.484750,3.951153
0.485250,3.892275
0.485750,3.954957
0.486250,3.969457
0.486750,3.915733
0.487250,3.780155
0.487750,4.076947
0.488250,3.974451
0.488750,4.310998
0.489250,4.313044
0.489750,3.999327
0.490250,3.861910
0.490750,4.132695
0.491250,4.122040
0.491750,4.028389
0.492250,4.196593
0.492750,3.872618
0.493250,3.358685
0.493750,3.838085
0.494250,3.973389
0.494750,3.536857
0.495250,3.399021
0.495750,3.283742
0.496250,3.250483
0.496750,3.684561
0.497250,3.744687
0.497750,3.432571
0.498250,3.445769
0.498750,2.915813
0.499250,2.784840
0.499750,2.845626
0.500250,2.655961
0.500750,2.660294
0.501250,2.648941
0.501750,2.344944
0.502250,2.393089
0.502750,2.638180
0.503250,2.521804
0.503750,2.554757
0.504250,2.345962
0.504750,2.205508
0.505250,2.478661
0.505750,2.477114
0.506250,2.350776
0.506750,2.650734
0.507250,2.633309
0.507750,2.399885
0.508250,2.068006
0.508750,2.367903
0.509250,2.878288
0.509750,2.657731
0.510250,2.492039
0.510750,2.386536
0.511250,2.424583
0.511750,2.250034
0.512250,2.684801
0.512750,2.603420
0.513250,2.687211
0.513750,2.444472
0.514250,2.714249
0.514750,3.049360
0.515250,2.924552
0.515750,3.058654
0.516250,2.823577
0.516750,2.679744
0.517250,2.965409
0.517750,3.095734
0.518250,3.143642
0.518750,3.039678
0.519250,2.788352
0.519750,2.656316
0.520250,2.901632
0.520750,2.899271
0.521250,2.979376
0.521750,2.864600
0.522250,2.797737
0.522750,2.889992
0.523250,2.924644
0.523750,2.994105
0.524250,2.890867
0.524750,2.866750
0.525250,2.762386
0.525750,2.820299
0.526250,2.747189
0.526750,2.825468
0.527250,2.635345
0.527750,2.655176
0.528250,2.170571
0.528750,2.352928
0.529250,2.427042
0.529750,2.816219
0.530250,2.989437
0.530750,3.126161
0.531250,2.736398
0.531750,2.528185
0.532250,2.647464
0.532750,2.788849
0.533250,3.080131
0.533750,3.173840
0.534250,3.178264
0.534750,3.039457
0.535250,3.264846
0.535750,3.173182
0.536250,3.123499
0.536750,3.213310
0.537250,2.842191
0.537750,3.113495
0.538250,3.257142
0.538750,3.610278
0.539250,3.611172
0.539750,3.541070
0.540250,3.552600
0.540750,3.860470
0.541250,3.765348
0.541750,3.849246
0.542250,4.121985
0.542750,3.807014
0.543250,3.758596
0.543750,3.602541
0.544250,3.703901
0.544750,3.727889
0.545250,3.851195
0.545750,3.957335
0.546250,3.777576
0.546750,3.463501
0.547250,3.988267
0.547750,3.904263
0.548250,4.178644
0.548750,3.919094
0.549250,3.816639
0.549750,3.504520
0.550250,3.518596
0.550750,3.977797
0.551250,4.071581
0.551750,3.934200
0.552250,3.531475
0.552750,3.346827
0.553250,3.493278
0.553750,3.364966
0.554250,3.559350
0.554750,3.197403
0.555250,3.297564
0.555750,3.130736
0.556250,3.343678
0.556750,2.942147
0.557250,3.209911
0.557750,3.332807
0.558250,3.336109
0.558750,2.974903
0.559250,2.987089
0.559750,3.017148
0.560250,3.487169
0.560750,3.355370
0.561250,3.182642
0.561750,2.849799
0.562250,2.955015
0.562750,2.831590
0.563250,2.885588
0.563750,3.128616
0.564250,3.109403
0.564750,2.546738
0.565250,2.762193
0.565750,2.747304
0.566250,2.902058
0.566750,3.206134
0.567250,3.252115
0.567750,2.964404
0.568250,2.937484
0.568750,3.036097
0.569250,2.913045
0.569750,3.090073
0.570250,3.121453
0.570750,2.865411
0.571250,2.771182
0.571750,2.999643
0.572250,3.046713
0.572750,3.280720
0.573250,2.569594
0.573750,2.789732
0.574250,2.780347
0.574750,2.649100
0.575250,2.772119
0.575750,2.687317
0.576250,2.447937
0.576750,2.459180
0.577250,2.034875
0.577750,2.309068
0.578250,2.168452
0.578750,2.212853
0.579250,2.293303
0.579750,2.538768
0.580250,2.041751
0.580750,1.881175
0.581250,1.886584
0.581750,1.841666
0.582250,1.899427
0.582750,1.501680
0.583250,1.404125
0.583750,1.160256
0.584250,0.994952
0.584750,1.346703
0.585250,1.660520
0.585750,1.486187
0.586250,1.505606
0.586750,1.244515
0.587250,1.345269
0.587750,1.216428
0.588250,1.667936
0.588750,1.395092
0.589250,1.105384
0.589750,1.179380
0.590250,0.942976
0.590750,1.013643
0.591250,1.323129
0.591750,1.399027
0.592250,1.311048
0.592750,1.080094
0.593250,0.936004
0.593750,1.053692
0.594250,1.225797
0.594750,1.847727
0.595250,2.013508
0.595750,1.652931
0.596250,1.369717
0.596750,1.551021
0.597250,1.856068
0.597750,1.931591
0.598250,1.765583
0.598750,2.027109
0.599250,1.340414
0.599750,1.407909
0.600250,1.653629
0.600750,1.647816
0.601250,1.639360
0.601750,1.720960
0.602250,2.007651
0.602750,1.610425
0.603250,1.664927
0.603750,1.803664
0.604250,1.968145
0.604750,1.879019
0.605250,1.566444
0.605750,1.339821
0.606250,1.350736
0.606750,1.514944
0.607250,1.820866
0.607750,2.020062
0.608250,1.620147
0.608750,1.656835
0.609250,1.602200
0.609750,1.589373
0.610250,1.675517
0.610750,1.711702
0.611250,1.266080
0.611750,1.269638
0.612250,1.525402
0.612750,1.545275
0.613250,1.159567
0.613750,1.485960
0.614250,1.585490
0.614750,1.706379
0.615250,1.654271
0.615750,1.374316
0.616250,1.520659
0.616750,1.188116
0.617250,1.709436
0.617750,1.515834
0.618250,1.649593
0.618750,1.399087
0.619250,1.289653
0.619750,1.503905
0.620250,1.789388
0.620750,2.059536
0.621250,2.134953
0.621750,1.959685
0.622250,2.125124
0.622750,2.524375
0.623250,2.240265
0.623750,2.822981
0.624250,2.457233
0.624750,2.394606
0.625250,2.585195
0.625750,2.450284
0.626250,2.223514
0.626750,2.723719
0.627250,2.733824
0.627750,2.382340
0.628250,2.667160
0.628750,2.446688
0.629250,2.407572
0.629750,2.756406
0.630250,2.875169
0.630750,2.453782
0.631250,2.556179
0.631750,2.223050
0.632250,2.351037
0.632750,2.386378
0.633250,2.887654
0.633750,2.875232
0.634250,2.370386
0.634750,2.144087
0.635250,2.251425
0.635750,2.375041
0.636250,2.634233
0.636750,2.676432
0.637250,2.399504
0.637750,2.264159
0.638250,1.996553
0.638750,2.156241
0.639250,2.230085
0.639750,2.249382
0.640250,2.205333
0.640750,2.162792
0.641250,1.811609
0.641750,1.682599
0.642250,1.188085
0.642750,1.504850
0.643250,1.851140
0.643750,1.907774
0.644250,1.739420
0.644750,1.559973
0.645250,1.584234
0.645750,1.531847
0.646250,1.570317
0.646750,1.814635
0.647250,1.706925
0.647750,1.542688
0.648250,1.539228
0.648750,1.420576
0.649250,1.550898
0.649750,1.875778
0.650250,1.358518
0.650750,1.753907
0.651250,1.293883
0.651750,1.258393
0.652250,1.218319
0.652750,1.383881
0.653250,1.681577
0.653750,1.553421
0.654250,1.461929
0.654750,1.302607
0.655250,1.288772
0.655750,1.374636
0.656250,1.670978
0.656750,1.699046
0.657250,1.716612
0.657750,1.395891
0.658250,1.450624
0.658750,1.643677
0.659250,1.054246
0.659750,1.057309
0.660250,1.487014
0.660750,1.018867
0.661250,1.276244
0.661750,0.970334
0.662250,0.837511
0.662750,1.118840
0.663250,1.220963
0.663750,0.819908
0.664250,0.839377
0.664750,0.854408
0.665250,0.537914
0.665750,0.705798
0.666250,0.612999
0.666750,0.302708
0.667250,0.820315
0.667750,0.515830
0.668250,-0.269126
0.668750,0.015321
0.669250,0.239810
0.669750,0.111599
0.670250,0.185224
0.670750,-0.156602
0.671250,-0.399619
0.671750,-0.358731
0.672250,-0.611923
0.672750,-0.526345
0.673250,-0.374452
0.673750,-0.126129
0.674250,-0.400117
0.674750,-0.534324
0.675250,-0.368735
0.675750,-0.731614
0.676250,-0.511369
0.676750,-0.537629
0.677250,-0.620676
0.677750,-0.436684
0.678250,-0.885547
0.678750,-0.724705
0.679250,-0.492605
0.679750,-0.553297
0.680250,-0.562963
0.680750,-0.589602
0.681250,-0.637275
0.681750,-0.994710
0.682250,-1.058669
0.682750,-0.658478
0.683250,-0.264079
0.683750,-0.139991
0.684250,0.106106
0.684750,-0.744836
0.685250,-0.823009
0.685750,-0.435825
0.686250,-0.284235
0.686750,-0.350598
0.687250,-0.401351
0.687750,-0.179274
0.688250,-0.094894
0.688750,-0.365158
0.689250,-0.433596
0.689750,-0.141080
0.690250,-0.024655
0.690750,0.149110
0.691250,-0.015570
0.691750,-0.273559
0.692250,-0.630159
0.692750,-0.579407
0.693250,-0.436251
0.693750,0.022384
0.694250,-0.199520
0.694750,-0.354192
0.695250,-0.677319
0.695750,-0.557165
0.696250,-0.464423
0.696750,-0.297111
0.697250,-0.146730
0.697750,-0.213555
0.698250,-0.344169
0.698750,-0.457087
0.699250,-0.716820
0.699750,-0.413923
0.700250,-0.504359
0.700750,-0.467542
0.701250,-0.568833
0.701750,-0.778925
0.702250,-0.868474
0.702750,-0.870548
0.703250,-0.962032
0.703750,-0.988566
0.704250,-0.435457
0.704750,-0.582479
0.705250,-0.468389
0.705750,-0.810109
0.706250,-0.922791
0.706750,-0.883394
0.707250,-0.582005
0.707750,-0.548308
0.708250,-0.660877
0.708750,-0.449265
0.709250,-0.578700
0.709750,-0.533807
0.710250,-0.643424
0.710750,-0.374181
0.711250,-0.281129
0.711750,-0.323273
0.712250,-0.313449
0.712750,-0.546586
0.713250,-0.208387
0.713750,0.011126
0.714250,-0.156284
0.714750,-0.362313
0.715250,-0.271603
0.715750,-0.008792
0.716250,-0.507194
0.716750,-0.321983
0.717250,0.053024
0.717750,-0.110591
0.718250,0.499245
0.718750,0.442779
0.719250,0.351731
0.719750,0.180936
0.720250,0.325972
0.720750,0.321580
0.721250,0.371332
0.721750,0.673197
0.722250,0.325805
0.722750,0.204602
0.723250,0.010549
0.723750,0.456671
0.724250,-0.340373
0.724750,-0.176473
0.725250,0.170841
0.725750,0.181047
0.726250,0.118082
0.726750,-0.060185
0.727250,-0.146579
0.727750,0.037541
0.728250,0.013046
0.728750,-0.187245
0.729250,-0.031608
0.729750,0.038710
0.730250,-0.461568
0.730750,-0.292961
0.731250,-0.568855
0.731750,-0.298103
0.732250,-0.634530
0.732750,-0.740009
0.733250,-0.608006
0.733750,-1.300621
0.734250,-0.853424
0.734750,-0.967766
0.735250,-0.900604
0.735750,-0.693344
0.736250,-0.689869
0.736750,-0.825338
0.737250,-1.056684
0.737750,-0.793177
0.738250,-0.897299
0.738750,-0.902137
0.739250,-1.019617
0.739750,-1.070425
0.740250,-1.141359
0.740750,-1.076506
0.741250,-1.202443
0.741750,-1.024608
0.742250,-0.907729
0.742750,-0.738153
0.743250,-1.016864
0.743750,-0.931487
0.744250,-1.368060
0.744750,-1.056514
0.745250,-1.248568
0.745750,-1.188199
0.746250,-0.886783
0.746750,-1.270469
0.747250,-1.238970
0.747750,-1.226053
0.748250,-1.814129
0.748750,-1.020716
0.749250,-1.015394
0.749750,-0.942635
0.750250,-1.466496
0.750750,-1.448746
0.751250,-1.379479
0.751750,-1.337630
0.752250,-1.338420
0.752750,-1.389318
0.753250,-1.251694
0.753750,-1.660794
0.754250,-1.440042
0.754750,-1.451922
0.755250,-1.625463
0.755750,-2.060828
0.756250,-1.778019
0.756750,-1.379748
0.757250,-1.650134
0.757750,-1.891586
0.758250,-1.961701
0.758750,-2.310214
0.759250,-2.323285
0.759750,-2.267956
0.760250,-2.175294
0.760750,-2.057094
0.761250,-1.962472
0.761750,-2.320868
0.762250,-2.396692
0.762750,-2.259409
0.763250,-2.377336
0.763750,-2.558797
0.764250,-2.852325
0.764750,-2.805787
0.765250,-2.930300
0.765750,-3.149435
0.766250,-3.238829
0.766750,-3.039723
0.767250,-3.025099
0.767750,-3.248863
0.768250,-3.193508
0.768750,-3.220988
0.769250,-3.407199
0.769750,-3.080584
0.770250,-3.412121
0.770750,-3.260105
0.771250,-2.860463
0.771750,-3.165367
0.772250,-3.084474
0.772750,-3.476332
0.773250,-3.283125
0.773750,-3.217470
0.774250,-3.335693
0.774750,-2.999225
0.775250,-3.121941
0.775750,-3.385439
0.776250,-3.490710
0.776750,-3.240742
0.777250,-3.489610
0.777750,-3.425058
0.778250,-3.011794
0.778750,-3.230550
0.779250,-2.935553
0.779750,-3.037113
0.780250,-3.338254
0.780750,-3.259721
0.781250,-3.269352
0.781750,-2.751340
0.782250,-2.583864
0.782750,-2.364457
0.783250,-2.700480
0.783750,-2.673378
0.784250,-2.932386
0.784750,-2.676417
0.785250,-2.372298
0.785750,-2.470410
0.786250,-2.602198
0.786750,-2.701355
0.787250,-2.996948
0.787750,-3.064007
0.788250,-2.701017
0.788750,-3.007906
0.789250,-2.581839
0.789750,-2.633599
0.790250,-2.793873
0.790750,-3.069879
0.791250,-3.092647
0.791750,-3.484739
0.792250,-3.216040
0.792750,-2.949110
0.793250,-2.547509
0.793750,-2.749360
0.794250,-2.609588
0.794750,-2.973402
0.795250,-3.102092
0.795750,-2.906058
0.796250,-2.838360
0.796750,-2.822116
0.797250,-2.811821
0.797750,-2.862139
0.798250,-2.897771
0.798750,-3.034665
0.799250,-3.541136
0.799750,-3.343914
0.800250,-3.406446
0.800750,-2.944410
0.801250,-3.293865
0.801750,-2.978653
0.802250,-2.963093
0.802750,-3.103480
0.803250,-3.004309
0.803750,-2.957551
0.804250,-2.938209
0.804750,-2.906572
0.805250,-2.597718
0.805750,-2.900546
0.806250,-2.994287
0.806750,-2.650486
0.807250,-2.540139
0.807750,-2.122467
0.808250,-2.657381
0.808750,-2.478564
0.809250,-2.566107
0.809750,-2.582944
0.810250,-2.163161
0.810750,-2.484847
0.811250,-1.809139
0.811750,-1.876241
0.812250,-2.137281
0.812750,-2.108008
0.813250,-2.104280
0.813750,-2.288845
0.814250,-2.297631
0.814750,-2.048213
0.815250,-1.767350
0.815750,-1.616291
0.816250,-1.470828
0.816750,-1.898877
0.817250,-1.771030
0.817750,-1.730839
0.818250,-1.909127
0.818750,-1.381230
0.819250,-1.591415
0.819750,-1.633024
0.820250,-1.310310
0.820750,-1.483572
0.821250,-1.901659
0.821750,-1.820898
0.822250,-1.672956
0.822750,-1.294482
0.823250,-1.762615
0.823750,-1.842153
0.824250,-1.937510
0.824750,-1.753605
0.825250,-2.014813
0.825750,-1.721276
0.826250,-1.565121
0.826750,-1.524650
0.827250,-1.774112
0.827750,-2.001716
0.828250,-2.199041
0.828750,-2.116643
0.829250,-2.265626
0.829750,-2.240598
0.830250,-2.198669
0.830750,-2.426704
0.831250,-2.184448
0.831750,-2.517472
0.832250,-2.906248
0.832750,-2.764101
0.833250,-2.445012
0.833750,-2.431595
0.834250,-2.192600
0.834750,-2.312743
0.835250,-2.329451
0.835750,-2.525391
0.836250,-2.576063
0.836750,-2.542576
0.837250,-2.246539
0.837750,-2.494598
0.838250,-2.176590
0.838750,-2.413324
0.839250,-2.759496
0.839750,-2.286723
0.840250,-2.525138
0.840750,-2.331947
0.841250,-2.445342
0.841750,-2.681274
0.842250,-2.391738
0.842750,-2.233050
0.843250,-2.884931
0.843750,-2.528499
0.844250,-2.464353
0.844750,-2.561345
0.845250,-2.225288
0.845750,-2.411709
0.846250,-2.339525
0.846750,-2.459486
0.847250,-2.605629
0.847750,-2.688454
0.848250,-3.018340
0.848750,-2.676108
0.849250,-2.193083
0.849750,-2.103003
0.850250,-1.693754
0.850750,-2.430345
0.851250,-2.304788
0.851750,-2.478135
0.852250,-2.342633
0.852750,-1.858489
0.853250,-2.185417
0.853750,-2.488821
0.854250,-2.866916
0.854750,-2.715404
0.855250,-2.781399
0.855750,-2.703436
0.856250,-2.876867
0.856750,-2.927242
0.857250,-3.034373
0.857750,-3.042250
0.858250,-3.138680
0.858750,-3.301363
0.859250,-3.207781
0.859750,-2.915555
0.860250,-2.896908
0.860750,-3.158960
0.861250,-3.226498
0.861750,-3.205598
0.862250,-3.743971
0.862750,-3.306521
0.863250,-3.658331
0.863750,-3.443102
0.864250,-3.329521
0.864750,-3.444897
0.865250,-3.662356
0.865750,-3.515843
0.866250,-3.645573
0.866750,-4.153579
0.867250,-4.116052
0.867750,-3.852543
0.868250,-3.754610
0.868750,-3.869912
0.869250,-3.923816
0.869750,-4.273971
0.870250,-4.095011
0.870750,-4.107889
0.871250,-4.189494
0.871750,-3.464512
0.872250,-4.053254
0.872750,-3.791611
0.873250,-3.908353
0.873750,-3.900052
0.874250,-4.348927
0.874750,-4.002918
0.875250,-3.876382
0.875750,-3.575290
0.876250,-3.153219
0.876750,-3.247883
0.877250,-3.686491
0.877750,-3.861082
0.878250,-3.854086
0.878750,-3.528670
0.879250,-3.495948
0.879750,-3.493244
0.880250,-3.395631
0.880750,-3.710565
0.881250,-3.699860
0.881750,-3.757688
0.882250,-3.430215
0.882750,-3.444804
0.883250,-2.777337
0.883750,-3.426777
0.884250,-3.453848
0.884750,-3.320568
0.885250,-3.632930
0.885750,-3.338782
0.886250,-3.258649
0.886750,-3.180244
0.887250,-2.600675
0.887750,-3.265382
0.888250,-3.360986
0.888750,-3.209645
0.889250,-3.408126
0.889750,-3.253514
0.890250,-3.317385
0.890750,-2.966484
0.891250,-2.927178
0.891750,-3.157180
0.892250,-3.225710
0.892750,-3.354647
0.893250,-3.390824
0.893750,-3.378197
0.894250,-2.948612
0.894750,-2.817342
0.895250,-2.684034
0.895750,-2.818345
0.896250,-2.770148
0.896750,-2.792067
0.897250,-3.417558
0.897750,-3.086728
0.898250,-3.065408
0.898750,-2.984348
0.899250,-3.276641
0.899750,-3.208901
0.900250,-3.469796
0.900750,-3.695822
0.901250,-3.692258
0.901750,-3.281234
0.902250,-3.225028
0.902750,-2.802971
0.903250,-3.135019
0.903750,-3.332246
0.904250,-3.158203
0.904750,-3.498537
0.905250,-3.089000
0.905750,-3.017413
0.906250,-3.158139
0.906750,-2.669176
0.907250,-2.915655
0.907750,-2.646622
0.908250,-2.750919
0.908750,-2.783248
0.909250,-2.782462
0.909750,-2.784643
0.910250,-2.579000
0.910750,-2.357803
0.911250,-2.221083
0.911750,-2.179453
0.912250,-2.101306
0.912750,-2.651432
0.913250,-2.053979
0.913750,-2.198039
0.914250,-2.113590
0.914750,-1.992922
0.915250,-2.131955
0.915750,-2.018405
0.916250,-1.907959
0.916750,-2.027254
0.917250,-1.721416
0.917750,-1.681235
0.918250,-1.564678
0.918750,-1.140394
0.919250,-1.389431
0.919750,-1.723206
0.920250,-1.542039
0.920750,-1.718831
0.921250,-1.611289
0.921750,-1.126020
0.922250,-1.095155
0.922750,-0.698218
0.923250,-1.339332
0.923750,-1.474107
0.924250,-1.490245
0.924750,-1.582722
0.925250,-1.546283
0.925750,-1.447739
0.926250,-1.140479
0.926750,-1.239699
0.927250,-1.136989
0.927750,-1.185326
0.928250,-1.197766
0.928750,-1.263260
0.929250,-1.303635
0.929750,-1.270793
0.930250,-1.198932
0.930750,-1.108677
0.931250,-1.338479
0.931750,-1.108451
0.932250,-1.707515
0.932750,-1.763342
0.933250,-1.795091
0.933750,-1.688601
0.934250,-1.520047
0.934750,-1.687858
0.935250,-1.912023
0.935750,-1.791145
0.936250,-2.025360
0.936750,-2.223518
0.937250,-1.889409
0.937750,-2.067017
0.938250,-1.775270
0.938750,-1.957285
0.939250,-1.787318
0.939750,-2.093290
0.940250,-1.883440
0.940750,-2.027894
0.941250,-1.700677
0.941750,-1.802003
0.942250,-1.758885
0.942750,-1.627167
0.943250,-1.768721
0.943750,-1.702183
0.944250,-1.940226
0.944750,-1.941391
0.945250,-1.834184
0.945750,-1.959956
0.946250,-1.899549
0.946750,-1.690602
0.947250,-2.053495
0.947750,-1.811306
0.948250,-2.221954
0.948750,-1.864819
0.949250,-1.781390
0.949750,-1.893297
0.950250,-1.740288
0.950750,-1.716033
0.951250,-1.699058
0.951750,-1.845578
0.952250,-1.840949
0.952750,-1.908297
0.953250,-1.627200
0.953750,-1.720395
0.954250,-1.221984
0.954750,-1.610041
0.955250,-1.546862
0.955750,-1.720315
0.956250,-2.095045
0.956750,-1.808585
0.957250,-1.561600
0.957750,-1.460369
0.958250,-1.216515
0.958750,-1.846634
0.959250,-1.532655
0.959750,-1.651577
0.960250,-2.172323
0.960750,-2.370689
0.961250,-1.862186
0.961750,-2.094256
0.962250,-1.793512
0.962750,-1.825982
0.963250,-2.212753
0.963750,-2.050808
0.964250,-1.841400
0.964750,-2.518678
0.965250,-2.170027
0.965750,-1.966209
0.966250,-2.085586
0.966750,-2.055742
0.967250,-2.546216
0.967750,-2.360855
0.968250,-2.546819
0.968750,-2.650755
0.969250,-2.592321
0.969750,-2.593920
0.970250,-2.776842
0.970750,-2.259082
0.971250,-2.817219
0.971750,-3.209864
0.972250,-2.671358
0.972750,-3.537440
0.973250,-3.475616
0.973750,-3.291840
0.974250,-3.169400
0.974750,-2.961700
0.975250,-3.178723
0.975750,-3.034612
0.976250,-3.361279
0.976750,-3.295176
0.977250,-3.403789
0.977750,-3.144040
0.978250,-2.703874
0.978750,-2.885658
0.979250,-3.380458
0.979750,-2.944044
0.980250,-3.263037
0.980750,-3.275037
0.981250,-3.172479
0.981750,-3.080404
0.982250,-2.989359
0.982750,-2.748804
0.983250,-3.292832
0.983750,-3.062817
0.984250,-2.960417
0.984750,-2.940679
0.985250,-2.872481
0.985750,-2.762210
0.986250,-2.465912
0.986750,-2.348586
0.987250,-2.688495
0.987750,-2.769608
0.988250,-2.718840
0.988750,-2.583528
0.989250,-2.619679
0.989750,-2.322605
0.990250,-2.219150
0.990750,-2.035549
0.991250,-2.093022
0.991750,-2.145107
0.992250,-2.175912
0.992750,-2.304645
0.993250,-2.400955
0.993750,-2.244740
0.994250,-2.317603
0.994750,-1.921864
0.995250,-2.054474
0.995750,-1.803235
0.996250,-2.261901
0.996750,-2.208745
0.997250,-2.325456
0.997750,-2.444949
0.998250,-2.342663
0.998750,-1.961262
0.999250,-1.688756
0.999750,-2.024237
