0.000250,0.119310
0.000750,0.095024
0.001250,0.091260
0.001750,-0.089246
0.002250,-0.084893
0.002750,0.080421
0.003250,0.138769
0.003750,0.158038
0.004250,0.347781
0.004750,0.614765
0.005250,0.754778
0.005750,0.732101
0.006250,0.675306
0.006750,0.680210
0.007250,0.741837
0.007750,0.805822
0.008250,0.815767
0.008750,0.728917
0.009250,0.576973
0.009750,0.504486
0.010250,0.559996
0.010750,0.644195
0.011250,0.800401
0.011750,0.920256
0.012250,0.952697
0.012750,1.002912
0.013250,0.991337
0.013750,1.032719
0.014250,1.186030
0.014750,1.339571
0.015250,1.529175
0.015750,1.728494
0.016250,1.787525
0.016750,1.827488
0.017250,1.831622
0.017750,1.761550
0.018250,1.639523
0.018750,1.669362
0.019250,1.684886
0.019750,1.691548
0.020250,1.746045
0.020750,1.813104
0.021250,1.800362
0.021750,1.675440
0.022250,1.582530
0.022750,1.472124
0.023250,1.359570
0.023750,1.251725
0.024250,1.279558
0.024750,1.284947
0.025250,1.299780
0.025750,1.383807
0.026250,1.579963
0.026750,1.577402
0.027250,1.595207
0.027750,1.618039
0.028250,1.596676
0.028750,1.592069
0.029250,1.563987
0.029750,1.578014
0.030250,1.615557
0.030750,1.717306
0.031250,1.870281
0.031750,1.912632
0.032250,2.018581
0.032750,2.233008
0.033250,2.248938
0.033750,2.205284
0.034250,2.234525
0.034750,2.217796
0.035250,2.083429
0.035750,2.052762
0.036250,1.880918
0.036750,1.844548
0.037250,1.896835
0.037750,1.777618
0.038250,1.843287
0.038750,1.841109
0.039250,1.850631
0.039750,1.911593
0.040250,1.794043
0.040750,1.795034
0.041250,1.669646
0.041750,1.505197
0.042250,1.495965
0.042750,1.288921
0.043250,1.168111
0.043750,1.025664
0.044250,0.949189
0.044750,1.025553
0.045250,0.958510
0.045750,1.078671
0.046250,0.949971
0.046750,1.131028
0.047250,1.241115
0.047750,1.232523
0.048250,1.297956
0.048750,1.207272
0.049250,1.271786
0.049750,1.211034
0.050250,1.301004
0.050750,1.178307
0.051250,1.210194
0.051750,1.148803
0.052250,1.105766
0.052750,1.267283
0.053250,1.325104
0.053750,1.444375
0.054250,1.389497
0.054750,1.612446
0.055250,1.633290
0.055750,1.807319
0.056250,1.850077
0.056750,1.934246
0.057250,1.786891
0.057750,1.869388
0.058250,1.850852
0.058750,1.856860
0.059250,1.669319
0.059750,1.683121
0.060250,1.462851
0.060750,1.451614
0.061250,1.407368
0.061750,1.443522
0.062250,1.395352
0.062750,1.484727
0.063250,1.351754
0.063750,1.433157
0.064250,1.401731
0.064750,1.472350
0.065250,1.500258
0.065750,1.418367
0.066250,1.359099
0.066750,1.166101
0.067250,1.141401
0.067750,0.954596
0.068250,0.921653
0.068750,0.807597
0.069250,0.713883
0.069750,0.502886
0.070250,0.474153
0.070750,0.440452
0.071250,0.513365
0.071750,0.448489
0.072250,0.498215
0.072750,0.401185
0.073250,0.442864
0.073750,0.641686
0.074250,0.602235
0.074750,0.798538
0.075250,0.699190
0.075750,0.762585
0.076250,0.729451
0.076750,0.668082
0.077250,0.695566
0.077750,0.670440
0.078250,0.745093
0.078750,0.630705
0.079250,0.671352
0.079750,0.482645
0.080250,0.610310
0.080750,0.539406
0.081250,0.605450
0.081750,0.795509
0.082250,0.736473
0.082750,0.897713
0.083250,0.868507
0.083750,1.029122
0.084250,1.066286
0.084750,1.122384
0.085250,1.348524
0.085750,1.243560
0.086250,1.379188
0.086750,1.296996
0.087250,1.202710
0.087750,1.336415
0.088250,1.192118
0.088750,1.219854
0.089250,1.103552
0.089750,1.059869
0.090250,0.984985
0.090750,0.701059
0.091250,0.813053
0.091750,0.695453
0.092250,0.772887
0.092750,0.744792
0.093250,0.604030
0.093750,0.709627
0.094250,0.588860
0.094750,0.583134
0.095250,0.681553
0.095750,0.546252
0.096250,0.713392
0.096750,0.617849
0.097250,0.592975
0.097750,0.521217
0.098250,0.358312
0.098750,0.373914
0.099250,0.208219
0.099750,0.144072
0.100250,0.180389
0.100750,-0.100003
0.101250,-0.169909
0.101750,-0.256495
0.102250,-0.528509
0.102750,-0.478800
0.103250,-0.606289
0.103750,-0.598305
0.104250,-0.528512
0.104750,-0.697697
0.105250,-0.565839
0.105750,-0.478822
0.106250,-0.670132
0.106750,-0.477285
0.107250,-0.499208
0.107750,-0.459418
0.108250,-0.272706
0.108750,-0.384062
0.109250,-0.337651
0.109750,-0.331620
0.110250,-0.516970
0.110750,-0.373380
0.111250,-0.385294
0.111750,-0.510268
0.112250,-0.412437
0.112750,-0.536486
0.113250,-0.598394
0.113750,-0.434816
0.114250,-0.709845
0.114750,-0.650152
0.115250,-0.568266
0.115750,-0.680203
0.116250,-0.489081
0.116750,-0.475226
0.117250,-0.537363
0.117750,-0.326493
0.118250,-0.419656
0.118750,-0.373632
0.119250,-0.179398
0.119750,-0.179871
0.120250,-0.108088
0.120750,0.169489
0.121250,-0.028109
0.121750,0.137435
0.122250,0.040190
0.122750,0.017152
0.123250,-0.007186
0.123750,-0.005239
0.124250,-0.215684
0.124750,-0.100223
0.125250,-0.136552
0.125750,-0.314671
0.126250,-0.334064
0.126750,-0.363203
0.127250,-0.632832
0.127750,-0.594618
0.128250,-0.622891
0.128750,-0.793059
0.129250,-0.593617
0.129750,-0.706475
0.130250,-0.750867
0.130750,-0.726862
0.131250,-0.799072
0.131750,-0.901420
0.132250,-0.759748
0.132750,-0.743536
0.133250,-0.901861
0.133750,-0.696154
0.134250,-0.745790
0.134750,-0.970103
0.135250,-0.875095
0.135750,-0.917499
0.136250,-1.158600
0.136750,-1.167296
0.137250,-1.259145
0.137750,-1.391498
0.138250,-1.320466
0.138750,-1.468415
0.139250,-1.702184
0.139750,-1.763462
0.140250,-1.766179
0.140750,-2.138872
0.141250,-2.133066
0.141750,-2.007039
0.142250,-2.259466
0.142750,-2.165811
0.143250,-2.099396
0.143750,-2.213055
0.144250,-2.128036
0.144750,-2.136330
0.145250,-2.236173
0.145750,-2.215351
0.146250,-2.027953
0.146750,-2.086428
0.147250,-2.000416
0.147750,-1.799169
0.148250,-1.930689
0.148750,-2.004058
0.149250,-1.722454
0.149750,-1.825114
0.150250,-2.034437
0.150750,-1.887447
0.151250,-1.938898
0.151750,-1.997120
0.152250,-1.938917
0.152750,-1.816510
0.153250,-2.040172
0.153750,-2.067739
0.154250,-2.027067
0.154750,-2.173034
0.155250,-2.163279
0.155750,-2.026289
0.156250,-2.090911
0.156750,-2.096781
0.157250,-1.965746
0.157750,-1.837431
0.158250,-1.925336
0.158750,-1.755851
0.159250,-1.670288
0.159750,-1.818318
0.160250,-1.708318
0.160750,-1.395449
0.161250,-1.432339
0.161750,-1.468464
0.162250,-1.140765
0.162750,-1.204372
0.163250,-1.153856
0.163750,-1.154751
0.164250,-1.067604
0.164750,-1.223000
0.165250,-1.228541
0.165750,-1.133038
0.166250,-1.326213
0.166750,-1.296562
0.167250,-1.142629
0.167750,-1.291146
0.168250,-1.487717
0.168750,-1.385668
0.169250,-1.341530
0.169750,-1.624733
0.170250,-1.670618
0.170750,-1.568498
0.171250,-1.672371
0.171750,-1.752560
0.172250,-1.699452
0.172750,-1.574633
0.173250,-1.737136
0.173750,-1.716202
0.174250,-1.635160
0.174750,-1.691652
0.175250,-1.772689
0.175750,-1.633570
0.176250,-1.699184
0.176750,-1.772914
0.177250,-1.574459
0.177750,-1.398329
0.178250,-1.607641
0.178750,-1.731939
0.179250,-1.543107
0.179750,-1.746854
0.180250,-1.936294
0.180750,-1.829228
0.181250,-1.763986
0.181750,-1.998403
0.182250,-2.054229
0.182750,-1.974150
0.183250,-1.994363
0.183750,-2.330779
0.184250,-2.307203
0.184750,-2.359345
0.185250,-2.532769
0.185750,-2.647502
0.186250,-2.589965
0.186750,-2.539756
0.187250,-2.704516
0.187750,-2.691287
0.188250,-2.457962
0.188750,-2.557235
0.189250,-2.578893
0.189750,-2.489959
0.190250,-2.474733
0.190750,-2.585450
0.191250,-2.513113
0.191750,-2.325986
0.192250,-2.303396
0.192750,-2.479076
0.193250,-2.185312
0.193750,-1.978815
0.194250,-2.045286
0.194750,-2.045779
0.195250,-1.899991
0.195750,-1.942068
0.196250,-2.096708
0.196750,-2.019971
0.197250,-1.914666
0.197750,-1.848647
0.198250,-2.061244
0.198750,-1.957485
0.199250,-1.865383
0.199750,-1.919495
0.200250,-1.969127
0.200750,-1.928659
0.201250,-1.968035
0.201750,-2.175171
0.202250,-2.067752
0.202750,-1.863902
0.203250,-1.949735
0.203750,-1.986770
0.204250,-1.786259
0.204750,-1.576772
0.205250,-1.687408
0.205750,-1.634585
0.206250,-1.458812
0.206750,-1.388448
0.207250,-1.482783
0.207750,-1.350958
0.208250,-1.111332
0.208750,-1.156531
0.209250,-1.127027
0.209750,-0.946552
0.210250,-0.755383
0.210750,-0.735584
0.211250,-0.843106
0.211750,-0.712941
0.212250,-0.621893
0.212750,-0.674279
0.213250,-0.707946
0.213750,-0.648266
0.214250,-0.576100
0.214750,-0.714243
0.215250,-0.803944
0.215750,-0.645051
0.216250,-0.601690
0.216750,-0.933656
0.217250,-0.894853
0.217750,-0.806105
0.218250,-0.900663
0.218750,-1.160622
0.219250,-1.153174
0.219750,-1.011485
0.220250,-1.078810
0.220750,-1.207279
0.221250,-1.118667
0.221750,-0.952454
0.222250,-1.039974
0.222750,-1.094120
0.223250,-1.044708
0.223750,-0.956109
0.224250,-1.054408
0.224750,-1.067442
0.225250,-1.025049
0.225750,-0.983193
0.226250,-0.980582
0.226750,-0.951117
0.227250,-0.749290
0.227750,-0.694913
0.228250,-0.903234
0.228750,-0.981786
0.229250,-0.860556
0.229750,-0.911735
0.230250,-1.063001
0.230750,-1.225877
0.231250,-1.112716
0.231750,-1.040359
0.232250,-1.223002
0.232750,-1.359498
0.233250,-1.321498
0.233750,-1.279987
0.234250,-1.493603
0.234750,-1.610682
0.235250,-1.480914
0.235750,-1.737544
0.236250,-1.871014
0.236750,-1.895849
0.237250,-1.923449
0.237750,-1.792340
0.238250,-1.947969
0.238750,-1.937089
0.239250,-1.852303
0.239750,-1.790840
0.240250,-1.856093
0.240750,-1.862597
0.241250,-1.858688
0.241750,-1.698017
0.242250,-1.762884
0.242750,-1.900362
0.243250,-1.764600
0.243750,-1.581845
0.244250,-1.646514
0.244750,-1.468409
0.245250,-1.279634
0.245750,-1.197482
0.246250,-1.263422
0.246750,-1.386948
0.247250,-1.151161
0.247750,-1.149010
0.248250,-1.244063
0.248750,-1.359367
0.249250,-1.167542
0.249750,-1.100574
0.250250,-1.067699
0.250750,-1.266098
0.251250,-1.239769
0.251750,-1.018637
0.252250,-1.064708
0.252750,-1.196352
0.253250,-1.189592
0.253750,-1.059293
0.254250,-1.125784
0.254750,-1.331914
0.255250,-1.232989
0.255750,-1.047878
0.256250,-1.120476
0.256750,-1.217733
0.257250,-0.996597
0.257750,-0.799441
0.258250,-0.775935
0.258750,-0.930590
0.259250,-0.829370
0.259750,-0.569033
0.260250,-0.569907
0.260750,-0.577759
0.261250,-0.525029
0.261750,-0.377823
0.262250,-0.156130
0.262750,-0.247272
0.263250,-0.178447
0.263750,-0.060511
0.264250,0.248975
0.264750,0.190709
0.265250,0.062761
0.265750,0.138839
0.266250,0.290246
0.266750,0.331794
0.267250,0.146147
0.267750,0.171518
0.268250,0.325978
0.268750,0.327385
0.269250,0.200345
0.269750,0.180479
0.270250,0.147272
0.270750,0.327514
0.271250,0.178332
0.271750,0.094717
0.272250,0.008825
0.272750,0.140459
0.273250,-0.020589
0.273750,-0.198821
0.274250,-0.131301
0.274750,-0.078791
0.275250,-0.049491
0.275750,-0.244580
0.276250,-0.247018
0.276750,-0.161443
0.277250,0.013982
0.277750,-0.124050
0.278250,-0.248740
0.278750,-0.084278
0.279250,-0.019936
0.279750,0.064998
0.280250,-0.198443
0.280750,-0.124594
0.281250,0.019665
0.281750,0.106250
0.282250,0.065123
0.282750,-0.030625
0.283250,0.139071
0.283750,0.274133
0.284250,0.228439
0.284750,-0.062318
0.285250,0.113471
0.285750,0.298947
0.286250,0.069526
0.286750,-0.148566
0.287250,-0.070346
0.287750,-0.056565
0.288250,-0.053246
0.288750,-0.185165
0.289250,-0.431557
0.289750,-0.415065
0.290250,-0.290179
0.290750,-0.419608
0.291250,-0.477115
0.291750,-0.480223
0.292250,-0.466937
0.292750,-0.562762
0.293250,-0.795029
0.293750,-0.927920
0.294250,-0.973549
0.294750,-0.771156
0.295250,-0.701917
0.295750,-0.835898
0.296250,-0.980416
0.296750,-0.875107
0.297250,-0.752929
0.297750,-0.779965
0.298250,-0.767061
0.298750,-0.654053
0.299250,-0.523324
0.299750,-0.637607
0.300250,-0.872862
0.300750,-0.834395
0.301250,-0.449310
0.301750,-0.301759
0.302250,-0.461229
0.302750,-0.397043
0.303250,-0.278451
0.303750,-0.046403
0.304250,-0.096067
0.304750,-0.218776
0.305250,-0.179892
0.305750,-0.023468
0.306250,0.047220
0.306750,0.006521
0.307250,-0.110001
0.307750,0.076764
0.308250,0.154375
0.308750,0.142451
0.309250,-0.049855
0.309750,0.046523
0.310250,0.075847
0.310750,0.218143
0.311250,0.113520
0.311750,-0.102710
0.312250,-0.081961
0.312750,0.178186
0.313250,0.105969
0.313750,0.036546
0.314250,0.105615
0.314750,0.167463
0.315250,0.178975
0.315750,0.190154
0.316250,0.138828
0.316750,0.287931
0.317250,0.495737
0.317750,0.642840
0.318250,0.579038
0.318750,0.558979
0.319250,0.676496
0.319750,0.856845
0.320250,0.808551
0.320750,0.713754
0.321250,0.971656
0.321750,1.036010
0.322250,1.265331
0.322750,1.318311
0.323250,1.203755
0.323750,1.391226
0.324250,1.633553
0.324750,1.659539
0.325250,1.620841
0.325750,1.560338
0.326250,1.644298
0.326750,1.862432
0.327250,1.818868
0.327750,1.829908
0.328250,1.687492
0.328750,1.830565
0.329250,1.907585
0.329750,1.865570
0.330250,1.640164
0.330750,1.751620
0.331250,1.886582
0.331750,1.952248
0.332250,1.862465
0.332750,1.642401
0.333250,1.741907
0.333750,1.877503
0.334250,1.610473
0.334750,1.486932
0.335250,1.409589
0.335750,1.337820
0.336250,1.590374
0.336750,1.702299
0.337250,1.478490
0.337750,1.530293
0.338250,1.579008
0.338750,1.799620
0.339250,1.740806
0.339750,1.573466
0.340250,1.645279
0.340750,1.708856
0.341250,1.793534
0.341750,1.781893
0.342250,1.550342
0.342750,1.777000
0.343250,1.794936
0.343750,1.871104
0.344250,1.934009
0.344750,1.802284
0.345250,1.893491
0.345750,2.051149
0.346250,2.193023
0.346750,2.032785
0.347250,1.914543
0.347750,2.021587
0.348250,2.109424
0.348750,2.072983
0.349250,1.802751
0.349750,1.609627
0.350250,1.755843
0.350750,1.953414
0.351250,1.839739
0.351750,1.747325
0.352250,1.636956
0.352750,1.735083
0.353250,1.887459
0.353750,1.621745
0.354250,1.385650
0.354750,1.409226
0.355250,1.424388
0.355750,1.399775
0.356250,1.314092
0.356750,1.060864
0.357250,1.226894
0.357750,1.225285
0.358250,1.338569
0.358750,1.169200
0.359250,1.000362
0.359750,1.012301
0.360250,1.294427
0.360750,1.397621
0.361250,1.344226
0.361750,1.143636
0.362250,1.264494
0.362750,1.414750
0.363250,1.587258
0.363750,1.453357
0.364250,1.322197
0.364750,1.476119
0.365250,1.766992
0.365750,1.712848
0.366250,1.761213
0.366750,1.571029
0.367250,1.872789
0.367750,2.031228
0.368250,2.116117
0.368750,2.108918
0.369250,2.032276
0.369750,2.137837
0.370250,2.239918
0.370750,2.344944
0.371250,2.296988
0.371750,2.129044
0.372250,2.153872
0.372750,2.403602
0.373250,2.426306
0.373750,2.365101
0.374250,2.203601
0.374750,2.342826
0.375250,2.503894
0.375750,2.520349
0.376250,2.368893
0.376750,2.107129
0.377250,2.353776
0.377750,2.465088
0.378250,2.527551
0.378750,2.504022
0.379250,2.378557
0.379750,2.355968
0.380250,2.392072
0.380750,2.656441
0.381250,2.629600
0.381750,2.469380
0.382250,2.650012
0.382750,2.769202
0.383250,2.882587
0.383750,3.030638
0.384250,2.924918
0.384750,2.951257
0.385250,3.019544
0.385750,3.331117
0.386250,3.340540
0.386750,3.086195
0.387250,3.058111
0.387750,3.519745
0.388250,3.644743
0.388750,3.664224
0.389250,3.615627
0.389750,3.641057
0.390250,3.766112
0.390750,4.056207
0.391250,4.224661
0.391750,4.146779
0.392250,4.008654
0.392750,4.133918
0.393250,4.376833
0.393750,4.322909
0.394250,4.171798
0.394750,4.070175
0.395250,4.205498
0.395750,4.446341
0.396250,4.429405
0.396750,4.199841
0.397250,4.131833
0.397750,4.192184
0.398250,4.383540
0.398750,4.454006
0.399250,4.237615
0.399750,4.083872
0.400250,3.988629
0.400750,4.150954
0.401250,4.298074
0.401750,4.015312
0.402250,3.919874
0.402750,3.857266
0.403250,3.867657
0.403750,4.055676
0.404250,3.942989
0.404750,3.819381
0.405250,3.749456
0.405750,3.772688
0.406250,4.038241
0.406750,4.105150
0.407250,3.953830
0.407750,3.823376
0.408250,3.892196
0.408750,4.012904
0.409250,4.109944
0.409750,4.012071
0.410250,3.794192
0.410750,3.919519
0.411250,3.973974
0.411750,4.084221
0.412250,4.149493
0.412750,3.926436
0.413250,3.935201
0.413750,4.152447
0.414250,4.311745
0.414750,4.311860
0.415250,4.230999
0.415750,4.035948
0.416250,4.150556
0.416750,4.194495
0.417250,4.151511
0.417750,3.965667
0.418250,3.814889
0.418750,3.804529
0.419250,3.960215
0.419750,4.069575
0.420250,3.785090
0.420750,3.701053
0.421250,3.741119
0.421750,3.629714
0.422250,3.895668
0.422750,3.612367
0.423250,3.295084
0.423750,3.217522
0.424250,3.231212
0.424750,3.328829
0.425250,3.309309
0.425750,3.148887
0.426250,2.931810
0.426750,2.943652
0.427250,3.013031
0.427750,3.211903
0.428250,2.981473
0.428750,2.878113
0.429250,2.836349
0.429750,2.905026
0.430250,3.083966
0.430750,3.066168
0.431250,3.035580
0.431750,3.027096
0.432250,2.898896
0.432750,3.203399
0.433250,3.032744
0.433750,3.211883
0.434250,3.037075
0.434750,3.004023
0.435250,3.101547
0.435750,3.354941
0.436250,3.286853
0.436750,3.292731
0.437250,3.076565
0.437750,3.351369
0.438250,3.623920
0.438750,3.615003
0.439250,3.650962
0.439750,3.583355
0.440250,3.551949
0.440750,3.612972
0.441250,3.844633
0.441750,3.711995
0.442250,3.541280
0.442750,3.525409
0.443250,3.461003
0.443750,3.725516
0.444250,3.623152
0.444750,3.729387
0.445250,3.492741
0.445750,3.474849
0.446250,3.615402
0.446750,3.825486
0.447250,3.806752
0.447750,3.479639
0.448250,3.532012
0.448750,3.428574
0.449250,3.673980
0.449750,3.575519
0.450250,3.571373
0.450750,3.325401
0.451250,3.315613
0.451750,3.519531
0.452250,3.572768
0.452750,3.576167
0.453250,3.499365
0.453750,3.323589
0.454250,3.470540
0.454750,3.850573
0.455250,3.846880
0.455750,3.880280
0.456250,3.713682
0.456750,3.721600
0.457250,3.912345
0.457750,3.988697
0.458250,4.012277
0.458750,4.006497
0.459250,3.987347
0.459750,4.170751
0.460250,4.250804
0.460750,4.472074
0.461250,4.477415
0.461750,4.364437
0.462250,4.441948
0.462750,4.531917
0.463250,4.740917
0.463750,4.679431
0.464250,4.804873
0.464750,4.689218
0.465250,4.715332
0.465750,4.920831
0.466250,4.895170
0.466750,4.956041
0.467250,4.724857
0.467750,4.648758
0.468250,4.736042
0.468750,4.811288
0.469250,4.824563
0.469750,4.682494
0.470250,4.438496
0.470750,4.429397
0.471250,4.657235
0.471750,4.837263
0.472250,4.797915
0.472750,4.581047
0.473250,4.455136
0.473750,4.511224
0.474250,4.385106
0.474750,4.553876
0.475250,4.352142
0.475750,4.170826
0.476250,4.161477
0.476750,4.078397
0.477250,4.181552
0.477750,4.012546
0.478250,4.036964
0.478750,3.928606
0.479250,3.973106
0.479750,4.045073
0.480250,4.048545
0.480750,4.077238
0.481250,4.055497
0.481750,3.961103
0.482250,4.037941
0.482750,4.074267
0.483250,4.159512
0.483750,4.089657
0.484250,3.988238
0.484750,3.836476
0.485250,3.857661
0.485750,4.000912
0.486250,3.980786
0.486750,3.943787
0.487250,3.939939
0.487750,3.944975
0.488250,3.986121
0.488750,4.263980
0.489250,4.274052
0.489750,4.143863
0.490250,3.926763
0.490750,4.128949
0.491250,3.957152
0.491750,4.066321
0.492250,3.955130
0.492750,3.786231
0.493250,3.466819
0.493750,3.639774
0.494250,3.629711
0.494750,3.590182
0.495250,3.594078
0.495750,3.439113
0.496250,3.367707
0.496750,3.277829
0.497250,3.475152
0.497750,3.340020
0.498250,3.259655
0.498750,2.907563
0.499250,2.957858
0.499750,2.869157
0.500250,2.896794
0.500750,2.931807
0.501250,2.747427
0.501750,2.507152
0.502250,2.495827
0.502750,2.554654
0.503250,2.499449
0.503750,2.578446
0.504250,2.314211
0.504750,2.212510
0.505250,2.402185
0.505750,2.328225
0.506250,2.497980
0.506750,2.634687
0.507250,2.553723
0.507750,2.337120
0.508250,2.198188
0.508750,2.369091
0.509250,2.683878
0.509750,2.551769
0.510250,2.351442
0.510750,2.261202
0.511250,2.423777
0.511750,2.378411
0.512250,2.654740
0.512750,2.617837
0.513250,2.656547
0.513750,2.544333
0.514250,2.765262
0.514750,3.126117
0.515250,3.006624
0.515750,3.020134
0.516250,2.838356
0.516750,2.726527
0.517250,2.920822
0.517750,3.040405
0.518250,3.160631
0.518750,2.991435
0.519250,2.775782
0.519750,2.642606
0.520250,2.770132
0.520750,2.938039
0.521250,2.970759
0.521750,2.944079
0.522250,2.836151
0.522750,2.722880
0.523250,2.858815
0.523750,2.936358
0.524250,2.934425
0.524750,2.827498
0.525250,2.763876
0.525750,2.748743
0.526250,2.883243
0.526750,2.889698
0.527250,2.808573
0.527750,2.706969
0.528250,2.436462
0.528750,2.538784
0.529250,2.533780
0.529750,2.735982
0.530250,2.798088
0.530750,2.880732
0.531250,2.685077
0.531750,2.609114
0.532250,2.630422
0.532750,2.869591
0.533250,3.018699
0.533750,3.041877
0.534250,3.047291
0.534750,2.893113
0.535250,3.082546
0.535750,3.101226
0.536250,3.216786
0.536750,3.229268
0.537250,3.045060
0.537750,3.069635
0.538250,3.222099
0.538750,3.445266
0.539250,3.619487
0.539750,3.589189
0.540250,3.468165
0.540750,3.659932
0.541250,3.660762
0.541750,3.819099
0.542250,4.067736
0.542750,3.888601
0.543250,3.869300
0.543750,3.795896
0.544250,3.825660
0.544750,4.003875
0.545250,3.973773
0.545750,3.996958
0.546250,3.733279
0.546750,3.704445
0.547250,3.843043
0.547750,3.836183
0.548250,4.083410
0.548750,3.905034
0.549250,3.705116
0.549750,3.483602
0.550250,3.613495
0.550750,3.774805
0.551250,3.951974
0.551750,3.787119
0.552250,3.563347
0.552750,3.426384
0.553250,3.415268
0.553750,3.469177
0.554250,3.468042
0.554750,3.339812
0.555250,3.278100
0.555750,3.099874
0.556250,3.214675
0.556750,3.001230
0.557250,3.294183
0.557750,3.153399
0.558250,3.121858
0.558750,2.926580
0.559250,3.064206
0.559750,3.039205
0.560250,3.325544
0.560750,3.248164
0.561250,3.092551
0.561750,2.946298
0.562250,2.931944
0.562750,2.924611
0.563250,3.098739
0.563750,3.182421
0.564250,3.127077
0.564750,2.745776
0.565250,2.815666
0.565750,2.812731
0.566250,3.009864
0.566750,3.208898
0.567250,3.092807
0.567750,2.903265
0.568250,2.868969
0.568750,2.936001
0.569250,2.887200
0.569750,3.075279
0.570250,3.039655
0.570750,3.022323
0.571250,2.887977
0.571750,3.001725
0.572250,2.925524
0.572750,3.107516
0.573250,2.806201
0.573750,2.849950
0.574250,2.687058
0.574750,2.671967
0.575250,2.708919
0.575750,2.666671
0.576250,2.502368
0.576750,2.467276
0.577250,2.151903
0.577750,2.288479
0.578250,2.170925
0.578750,2.184277
0.579250,2.271336
0.579750,2.248027
0.580250,1.933662
0.580750,1.798411
0.581250,1.839672
0.581750,1.808969
0.582250,1.866645
0.582750,1.619908
0.583250,1.521720
0.583750,1.240173
0.584250,1.176273
0.584750,1.327191
0.585250,1.454115
0.585750,1.350206
0.586250,1.341174
0.586750,1.149700
0.587250,1.147339
0.587750,1.148121
0.588250,1.560337
0.588750,1.451802
0.589250,1.296685
0.589750,1.175313
0.590250,1.056250
0.590750,1.102100
0.591250,1.244370
0.591750,1.487883
0.592250,1.377638
0.592750,1.164556
0.593250,1.158149
0.593750,1.190524
0.594250,1.337730
0.594750,1.593938
0.595250,1.614451
0.595750,1.643109
0.596250,1.389965
0.596750,1.445075
0.597250,1.660033
0.597750,1.746897
0.598250,1.755454
0.598750,1.737144
0.599250,1.551632
0.599750,1.534488
0.600250,1.688629
0.600750,1.710759
0.601250,1.894437
0.601750,1.800230
0.602250,1.923316
0.602750,1.553907
0.603250,1.560846
0.603750,1.721795
0.604250,1.846224
0.604750,1.805779
0.605250,1.724032
0.605750,1.386900
0.606250,1.468648
0.606750,1.489356
0.607250,1.776894
0.607750,1.938573
0.608250,1.738122
0.608750,1.555789
0.609250,1.591539
0.609750,1.591812
0.610250,1.604944
0.610750,1.713124
0.611250,1.427917
0.611750,1.406458
0.612250,1.365683
0.612750,1.306269
0.613250,1.238229
0.613750,1.437373
0.614250,1.430026
0.614750,1.603961
0.615250,1.511682
0.615750,1.447037
0.616250,1.453589
0.616750,1.428338
0.617250,1.778368
0.617750,1.765619
0.618250,1.720031
0.618750,1.532936
0.619250,1.559952
0.619750,1.748375
0.620250,1.978751
0.620750,2.005158
0.621250,2.159164
0.621750,1.902650
0.622250,1.921952
0.622750,2.130926
0.623250,2.079464
0.623750,2.338473
0.624250,2.212881
0.624750,2.340664
0.625250,2.232914
0.625750,2.330288
0.626250,2.303493
0.626750,2.763548
0.627250,2.752379
0.627750,2.666936
0.628250,2.671596
0.628750,2.656210
0.629250,2.562158
0.629750,2.726343
0.630250,2.732251
0.630750,2.603903
0.631250,2.615098
0.631750,2.342288
0.632250,2.407215
0.632750,2.394329
0.633250,2.635598
0.633750,2.746807
0.634250,2.481570
0.634750,2.383175
0.635250,2.296634
0.635750,2.398174
0.636250,2.498433
0.636750,2.502123
0.637250,2.525424
0.637750,2.340394
0.638250,2.080944
0.638750,2.144510
0.639250,2.126948
0.639750,2.193591
0.640250,2.151904
0.640750,2.050823
0.641250,1.908631
0.641750,1.701930
0.642250,1.633075
0.642750,1.772221
0.643250,2.016828
0.643750,1.901428
0.644250,1.849267
0.644750,1.540084
0.645250,1.549197
0.645750,1.524333
0.646250,1.648072
0.646750,1.883417
0.647250,1.607396
0.647750,1.653923
0.648250,1.409584
0.648750,1.514678
0.649250,1.433704
0.649750,1.715095
0.650250,1.645510
0.650750,1.646925
0.651250,1.461881
0.651750,1.326592
0.652250,1.444727
0.652750,1.301835
0.653250,1.601660
0.653750,1.412063
0.654250,1.545628
0.654750,1.257233
0.655250,1.328808
0.655750,1.463940
0.656250,1.724701
0.656750,1.763212
0.657250,1.710972
0.657750,1.631363
0.658250,1.406015
0.658750,1.509313
0.659250,1.231006
0.659750,1.421940
0.660250,1.476764
0.660750,1.252846
0.661250,1.167686
0.661750,0.928283
0.662250,1.012713
0.662750,1.048216
0.663250,1.074403
0.663750,0.889244
0.664250,0.814219
0.664750,0.710917
0.665250,0.629359
0.665750,0.583489
0.666250,0.603556
0.666750,0.589645
0.667250,0.655835
0.667750,0.489358
0.668250,0.032138
0.668750,0.140119
0.669250,0.267055
0.669750,0.219939
0.670250,0.181458
0.670750,0.018530
0.671250,-0.192642
0.671750,-0.333122
0.672250,-0.520668
0.672750,-0.393286
0.673250,-0.228518
0.673750,-0.319419
0.674250,-0.391396
0.674750,-0.602787
0.675250,-0.662504
0.675750,-0.572004
0.676250,-0.513777
0.676750,-0.354981
0.677250,-0.455130
0.677750,-0.366551
0.678250,-0.653874
0.678750,-0.580311
0.679250,-0.449001
0.679750,-0.458254
0.680250,-0.447525
0.680750,-0.578809
0.681250,-0.715335
0.681750,-0.983998
0.682250,-0.701420
0.682750,-0.628386
0.683250,-0.468885
0.683750,-0.134995
0.684250,-0.144029
0.684750,-0.385215
0.685250,-0.671558
0.685750,-0.384527
0.686250,-0.338152
0.686750,-0.262162
0.687250,-0.239614
0.687750,-0.037730
0.688250,-0.140215
0.688750,-0.461882
0.689250,-0.324765
0.689750,-0.217961
0.690250,-0.011327
0.690750,0.043808
0.691250,-0.120073
0.691750,-0.409174
0.692250,-0.625963
0.692750,-0.403182
0.693250,-0.447984
0.693750,-0.052418
0.694250,-0.307624
0.694750,-0.282307
0.695250,-0.529335
0.695750,-0.621495
0.696250,-0.399524
0.696750,-0.363455
0.697250,-0.058167
0.697750,-0.260663
0.698250,-0.443817
0.698750,-0.650573
0.699250,-0.653416
0.699750,-0.454962
0.700250,-0.519646
0.700750,-0.527870
0.701250,-0.566091
0.701750,-0.725262
0.702250,-0.915957
0.702750,-0.942431
0.703250,-0.842497
0.703750,-0.872333
0.704250,-0.527530
0.704750,-0.688196
0.705250,-0.546195
0.705750,-0.834226
0.706250,-0.848231
0.706750,-0.881114
0.707250,-0.525363
0.707750,-0.423341
0.708250,-0.597017
0.708750,-0.459637
0.709250,-0.627329
0.709750,-0.502574
0.710250,-0.462876
0.710750,-0.238298
0.711250,-0.116554
0.711750,-0.232948
0.712250,-0.381894
0.712750,-0.544417
0.713250,-0.370821
0.713750,-0.150420
0.714250,-0.094874
0.714750,-0.155305
0.715250,-0.081365
0.715750,0.016354
0.716250,-0.122850
0.716750,-0.093214
0.717250,0.125133
0.717750,0.195482
0.718250,0.402183
0.718750,0.448413
0.719250,0.317267
0.719750,0.119054
0.720250,0.119200
0.720750,0.245059
0.721250,0.415045
0.721750,0.404349
0.722250,0.240858
0.722750,0.239625
0.723250,0.071934
0.723750,0.274885
0.724250,0.227483
0.724750,0.130114
0.725250,0.197745
0.725750,0.263670
0.726250,0.145009
0.726750,-0.089315
0.727250,-0.097068
0.727750,-0.123962
0.728250,-0.093517
0.728750,-0.113070
0.729250,-0.093051
0.729750,-0.159026
0.730250,-0.507271
0.730750,-0.265317
0.731250,-0.546219
0.731750,-0.275864
0.732250,-0.373471
0.732750,-0.537797
0.733250,-0.683229
0.733750,-0.933738
0.734250,-0.797093
0.734750,-0.936981
0.735250,-0.800050
0.735750,-0.736342
0.736250,-0.891408
0.736750,-0.974495
0.737250,-0.979454
0.737750,-0.965588
0.738250,-1.035935
0.738750,-0.972254
0.739250,-0.879733
0.739750,-0.837833
0.740250,-0.943489
0.740750,-1.033589
0.741250,-1.156018
0.741750,-0.873961
0.742250,-0.886402
0.742750,-0.751471
0.743250,-0.925570
0.743750,-1.094159
0.744250,-1.211507
0.744750,-1.179568
0.745250,-1.275411
0.745750,-1.185263
0.746250,-0.971249
0.746750,-1.123690
0.747250,-1.172267
0.747750,-1.250673
0.748250,-1.426106
0.748750,-1.208197
0.749250,-0.918953
0.749750,-0.924622
0.750250,-1.031585
0.750750,-1.091168
0.751250,-1.376016
0.751750,-1.312890
0.752250,-1.319522
0.752750,-1.308623
0.753250,-1.138720
0.753750,-1.361621
0.754250,-1.381683
0.754750,-1.551007
0.755250,-1.695371
0.755750,-1.675738
0.756250,-1.807072
0.756750,-1.536729
0.757250,-1.836294
0.757750,-1.878047
0.758250,-1.988320
0.758750,-2.225466
0.759250,-2.115583
0.759750,-2.044379
0.760250,-1.990293
0.760750,-1.948028
0.761250,-2.069502
0.761750,-2.305771
0.762250,-2.442252
0.762750,-2.327238
0.763250,-2.485441
0.763750,-2.493461
0.764250,-2.602502
0.764750,-2.749133
0.765250,-2.740464
0.765750,-3.120477
0.766250,-3.204140
0.766750,-3.111891
0.767250,-2.958527
0.767750,-3.044285
0.768250,-3.079506
0.768750,-3.018968
0.769250,-3.316837
0.769750,-3.288688
0.770250,-3.244458
0.770750,-3.197808
0.771250,-2.954407
0.771750,-3.089751
0.772250,-3.141162
0.772750,-3.347965
0.773250,-3.341497
0.773750,-3.271061
0.774250,-3.325647
0.774750,-3.072626
0.775250,-3.174163
0.775750,-3.242518
0.776250,-3.466751
0.776750,-3.393669
0.777250,-3.425136
0.777750,-3.262333
0.778250,-2.981125
0.778750,-3.015166
0.779250,-2.933387
0.779750,-3.001325
0.780250,-3.081837
0.780750,-3.057103
0.781250,-3.056709
0.781750,-2.749570
0.782250,-2.674313
0.782750,-2.672719
0.783250,-2.695752
0.783750,-2.873390
0.784250,-2.897072
0.784750,-2.791791
0.785250,-2.533949
0.785750,-2.522536
0.786250,-2.616539
0.786750,-2.741791
0.787250,-3.018983
0.787750,-2.973756
0.788250,-2.818426
0.788750,-2.891822
0.789250,-2.613091
0.789750,-2.741341
0.790250,-2.827748
0.790750,-2.840860
0.791250,-3.062811
0.791750,-3.131790
0.792250,-2.909685
0.792750,-2.848588
0.793250,-2.686041
0.793750,-2.756653
0.794250,-2.633915
0.794750,-3.064225
0.795250,-3.086687
0.795750,-3.076257
0.796250,-2.965876
0.796750,-2.796306
0.797250,-2.880887
0.797750,-2.942060
0.798250,-3.123807
0.798750,-3.139231
0.799250,-3.227376
0.799750,-3.259716
0.800250,-3.133800
0.800750,-2.987440
0.801250,-3.085588
0.801750,-3.011964
0.802250,-2.976686
0.802750,-2.972888
0.803250,-2.954601
0.803750,-2.812511
0.804250,-2.789066
0.804750,-2.723782
0.805250,-2.622215
0.805750,-2.886883
0.806250,-2.843019
0.806750,-2.705687
0.807250,-2.653631
0.807750,-2.417275
0.808250,-2.568421
0.808750,-2.446117
0.809250,-2.503039
0.809750,-2.566199
0.810250,-2.314205
0.810750,-2.486285
0.811250,-1.946274
0.811750,-2.064121
0.812250,-2.228910
0.812750,-2.033238
0.813250,-2.120904
0.813750,-2.218528
0.814250,-1.933959
0.814750,-1.795712
0.815250,-1.535717
0.815750,-1.591029
0.816250,-1.472921
0.816750,-1.757081
0.817250,-1.651599
0.817750,-1.614642
0.818250,-1.768660
0.818750,-1.577972
0.819250,-1.516287
0.819750,-1.504417
0.820250,-1.635945
0.820750,-1.789823
0.821250,-1.840222
0.821750,-1.643744
0.822250,-1.594618
0.822750,-1.483365
0.823250,-1.668460
0.823750,-1.674389
0.824250,-1.815409
0.824750,-1.956880
0.825250,-2.008399
0.825750,-1.964562
0.826250,-1.712920
0.826750,-1.681742
0.827250,-1.772352
0.827750,-1.909627
0.828250,-2.153998
0.828750,-2.099301
0.829250,-2.091432
0.829750,-2.153450
0.830250,-2.013007
0.830750,-2.118885
0.831250,-2.058716
0.831750,-2.311406
0.832250,-2.573190
0.832750,-2.470183
0.833250,-2.368049
0.833750,-2.127463
0.834250,-2.338615
0.834750,-2.327106
0.835250,-2.285042
0.835750,-2.600384
0.836250,-2.521872
0.836750,-2.422960
0.837250,-2.366485
0.837750,-2.356568
0.838250,-2.165202
0.838750,-2.450317
0.839250,-2.561281
0.839750,-2.534194
0.840250,-2.555653
0.840750,-2.444126
0.841250,-2.389975
0.841750,-2.308257
0.842250,-2.334061
0.842750,-2.371600
0.843250,-2.689384
0.843750,-2.620883
0.844250,-2.515931
0.844750,-2.517538
0.845250,-2.256731
0.845750,-2.241933
0.846250,-2.334251
0.846750,-2.420630
0.847250,-2.462571
0.847750,-2.579949
0.848250,-2.601339
0.848750,-2.370167
0.849250,-2.265458
0.849750,-2.219806
0.850250,-2.104946
0.850750,-2.489351
0.851250,-2.395223
0.851750,-2.491069
0.852250,-2.456835
0.852750,-2.157464
0.853250,-2.135596
0.853750,-2.521745
0.854250,-2.690889
0.854750,-2.744733
0.855250,-2.700136
0.855750,-2.716581
0.856250,-2.723511
0.856750,-2.654643
0.857250,-2.795493
0.857750,-2.965611
0.858250,-3.130627
0.858750,-3.137783
0.859250,-3.006144
0.859750,-2.914047
0.860250,-2.783219
0.860750,-3.172714
0.861250,-3.254423
0.861750,-3.286786
0.862250,-3.557856
0.862750,-3.340391
0.863250,-3.609968
0.863750,-3.560496
0.864250,-3.345039
0.864750,-3.542512
0.865250,-3.482858
0.865750,-3.679780
0.866250,-3.849308
0.866750,-3.937169
0.867250,-3.989124
0.867750,-3.843978
0.868250,-3.731345
0.868750,-3.809984
0.869250,-3.812589
0.869750,-4.061822
0.870250,-4.038741
0.870750,-4.088106
0.871250,-3.996117
0.871750,-3.672785
0.872250,-3.755515
0.872750,-3.797577
0.873250,-3.722511
0.873750,-3.980930
0.874250,-4.086653
0.874750,-4.026092
0.875250,-3.719973
0.875750,-3.581726
0.876250,-3.547329
0.876750,-3.709177
0.877250,-3.828635
0.877750,-3.871124
0.878250,-3.858553
0.878750,-3.765683
0.879250,-3.495098
0.879750,-3.539629
0.880250,-3.565149
0.880750,-3.605942
0.881250,-3.695818
0.881750,-3.588962
0.882250,-3.349339
0.882750,-3.523022
0.883250,-3.044342
0.883750,-3.206103
0.884250,-3.352698
0.884750,-3.472760
0.885250,-3.482797
0.885750,-3.287236
0.886250,-3.171747
0.886750,-3.016596
0.887250,-2.794382
0.887750,-3.020777
0.888250,-3.170932
0.888750,-3.151462
0.889250,-3.156809
0.889750,-3.145819
0.890250,-3.187336
0.890750,-3.064972
0.891250,-2.990558
0.891750,-3.070413
0.892250,-3.101234
0.892750,-3.235929
0.893250,-3.449263
0.893750,-3.247874
0.894250,-3.028672
0.894750,-2.808770
0.895250,-2.770461
0.895750,-2.878682
0.896250,-2.867594
0.896750,-3.014610
0.897250,-3.325133
0.897750,-3.136386
0.898250,-3.125519
0.898750,-2.995755
0.899250,-2.920244
0.899750,-3.002776
0.900250,-3.238177
0.900750,-3.423146
0.901250,-3.418202
0.901750,-3.185455
0.902250,-3.198386
0.902750,-2.887602
0.903250,-2.888443
0.903750,-3.173616
0.904250,-3.067075
0.904750,-3.295357
0.905250,-2.995780
0.905750,-2.986610
0.906250,-2.927901
0.906750,-2.697704
0.907250,-2.645733
0.907750,-2.672431
0.908250,-2.681459
0.908750,-2.740404
0.909250,-2.874196
0.909750,-2.656472
0.910250,-2.715863
0.910750,-2.284514
0.911250,-2.138207
0.911750,-2.243540
0.912250,-2.224325
0.912750,-2.589908
0.913250,-2.169894
0.913750,-2.233745
0.914250,-1.953425
0.914750,-1.861228
0.915250,-1.950657
0.915750,-1.865894
0.916250,-1.905192
0.916750,-1.949176
0.917250,-1.657453
0.917750,-1.719131
0.918250,-1.522816
0.918750,-1.199194
0.919250,-1.375993
0.919750,-1.549081
0.920250,-1.576403
0.920750,-1.596602
0.921250,-1.474396
0.921750,-1.231653
0.922250,-0.993059
0.922750,-0.927397
0.923250,-1.276148
0.923750,-1.332485
0.924250,-1.537802
0.924750,-1.548702
0.925250,-1.420217
0.925750,-1.381750
0.926250,-1.069174
0.926750,-1.101712
0.927250,-1.241023
0.927750,-1.243124
0.928250,-1.352156
0.928750,-1.342951
0.929250,-1.301211
0.929750,-1.377921
0.930250,-1.082517
0.930750,-1.076784
0.931250,-1.222675
0.931750,-1.080925
0.932250,-1.467557
0.932750,-1.605977
0.933250,-1.629782
0.933750,-1.725147
0.934250,-1.397785
0.934750,-1.533717
0.935250,-1.737138
0.935750,-1.753881
0.936250,-1.925306
0.936750,-2.122504
0.937250,-1.909659
0.937750,-1.848890
0.938250,-1.636977
0.938750,-1.711286
0.939250,-1.776490
0.939750,-1.882776
0.940250,-1.956892
0.940750,-1.945628
0.941250,-1.662208
0.941750,-1.903317
0.942250,-1.713096
0.942750,-1.588406
0.943250,-1.772943
0.943750,-1.745700
0.944250,-1.966303
0.944750,-2.068270
0.945250,-1.842033
0.945750,-1.981624
0.946250,-1.811828
0.946750,-1.718781
0.947250,-1.867949
0.947750,-1.674367
0.948250,-1.997957
0.948750,-1.893139
0.949250,-1.835767
0.949750,-1.792229
0.950250,-1.652461
0.950750,-1.730135
0.951250,-1.657261
0.951750,-1.587417
0.952250,-1.786695
0.952750,-1.783487
0.953250,-1.651139
0.953750,-1.639700
0.954250,-1.354573
0.954750,-1.384696
0.955250,-1.540674
0.955750,-1.563385
0.956250,-1.864006
0.956750,-1.784626
0.957250,-1.574779
0.957750,-1.625740
0.958250,-1.274218
0.958750,-1.699363
0.959250,-1.665141
0.959750,-1.877606
0.960250,-2.010283
0.960750,-2.181113
0.961250,-1.992271
0.961750,-2.026013
0.962250,-1.870241
0.962750,-1.902683
0.963250,-2.103543
0.963750,-2.038386
0.964250,-2.187140
0.964750,-2.324795
0.965250,-2.107544
0.965750,-2.189946
0.966250,-2.088193
0.966750,-2.140098
0.967250,-2.357271
0.967750,-2.279849
0.968250,-2.506735
0.968750,-2.618708
0.969250,-2.528250
0.969750,-2.593672
0.970250,-2.581251
0.970750,-2.534464
0.971250,-2.821506
0.971750,-2.871641
0.972250,-2.952492
0.972750,-3.193936
0.973250,-3.187369
0.973750,-3.120788
0.974250,-2.993192
0.974750,-2.802788
0.975250,-2.910477
0.975750,-3.060088
0.976250,-3.174435
0.976750,-3.364152
0.977250,-3.131988
0.977750,-3.119963
0.978250,-3.013675
0.978750,-2.942589
0.979250,-3.020608
0.979750,-2.981136
0.980250,-3.167248
0.980750,-3.311246
0.981250,-3.064737
0.981750,-2.889656
0.982250,-2.924638
0.982750,-2.670475
0.983250,-2.949006
0.983750,-3.014025
0.984250,-3.037261
0.984750,-3.105500
0.985250,-2.907634
0.985750,-2.859264
0.986250,-2.664754
0.986750,-2.546659
0.987250,-2.615334
0.987750,-2.623084
0.988250,-2.537683
0.988750,-2.793084
0.989250,-2.798942
0.989750,-2.494154
0.990250,-2.279416
0.990750,-2.064575
0.991250,-2.042889
0.991750,-2.126937
0.992250,-2.237854
0.992750,-2.372502
0.993250,-2.237016
0.993750,-2.151900
0.994250,-2.117395
0.994750,-1.857403
0.995250,-1.957081
0.995750,-2.019696
0.996250,-2.054650
0.996750,-2.360798
0.997250,-2.193778
0.997750,-2.276733
0.998250,-2.311435
0.998750,-1.950674
0.999250,-1.773688
0.999750,-2.082882
