0.000250,0.117162
0.000750,0.091102
0.001250,0.085589
0.001750,-0.102010
0.002250,-0.100073
0.002750,0.075502
0.003250,0.126961
0.003750,0.151151
0.004250,0.340827
0.004750,0.608319
0.005250,0.752119
0.005750,0.726531
0.006250,0.663234
0.006750,0.674670
0.007250,0.724954
0.007750,0.799392
0.008250,0.809856
0.008750,0.723713
0.009250,0.568103
0.009750,0.499554
0.010250,0.543970
0.010750,0.633184
0.011250,0.795782
0.011750,0.920373
0.012250,0.940518
0.012750,0.995331
0.013250,0.981935
0.013750,1.025102
0.014250,1.182240
0.014750,1.342276
0.015250,1.520697
0.015750,1.730433
0.016250,1.796089
0.016750,1.849766
0.017250,1.843864
0.017750,1.766175
0.018250,1.647956
0.018750,1.690528
0.019250,1.687553
0.019750,1.691708
0.020250,1.755630
0.020750,1.817246
0.021250,1.812704
0.021750,1.682174
0.022250,1.576741
0.022750,1.469627
0.023250,1.354887
0.023750,1.247701
0.024250,1.286598
0.024750,1.289997
0.025250,1.305128
0.025750,1.380697
0.026250,1.589520
0.026750,1.593291
0.027250,1.603267
0.027750,1.631999
0.028250,1.608877
0.028750,1.594467
0.029250,1.562335
0.029750,1.588793
0.030250,1.618219
0.030750,1.734412
0.031250,1.895234
0.031750,1.917656
0.032250,2.038828
0.032750,2.248719
0.033250,2.282749
0.033750,2.223561
0.034250,2.250452
0.034750,2.236375
0.035250,2.112528
0.035750,2.077417
0.036250,1.907282
0.036750,1.857363
0.037250,1.902162
0.037750,1.802796
0.038250,1.845905
0.038750,1.862892
0.039250,1.853197
0.039750,1.930705
0.040250,1.830259
0.040750,1.791056
0.041250,1.661140
0.041750,1.497426
0.042250,1.479129
0.042750,1.273482
0.043250,1.179996
0.043750,1.042975
0.044250,0.965364
0.044750,1.031666
0.045250,0.959155
0.045750,1.078443
0.046250,0.940979
0.046750,1.149710
0.047250,1.259312
0.047750,1.218113
0.048250,1.305392
0.048750,1.214417
0.049250,1.283527
0.049750,1.201180
0.050250,1.293392
0.050750,1.214631
0.051250,1.241546
0.051750,1.169642
0.052250,1.104869
0.052750,1.276793
0.053250,1.326198
0.053750,1.462905
0.054250,1.398460
0.054750,1.621867
0.055250,1.653189
0.055750,1.824785
0.056250,1.870414
0.056750,1.950789
0.057250,1.804872
0.057750,1.896483
0.058250,1.875479
0.058750,1.896663
0.059250,1.677652
0.059750,1.695185
0.060250,1.494341
0.060750,1.448640
0.061250,1.409386
0.061750,1.446797
0.062250,1.401304
0.062750,1.484206
0.063250,1.357382
0.063750,1.465587
0.064250,1.387514
0.064750,1.491094
0.065250,1.498001
0.065750,1.431308
0.066250,1.355564
0.066750,1.184254
0.067250,1.147065
0.067750,0.944259
0.068250,0.938550
0.068750,0.813803
0.069250,0.732881
0.069750,0.521988
0.070250,0.501286
0.070750,0.449349
0.071250,0.518629
0.071750,0.449829
0.072250,0.507372
0.072750,0.407795
0.073250,0.454572
0.073750,0.661366
0.074250,0.592225
0.074750,0.815295
0.075250,0.713571
0.075750,0.769209
0.076250,0.741729
0.076750,0.689203
0.077250,0.698077
0.077750,0.676880
0.078250,0.752233
0.078750,0.616008
0.079250,0.700996
0.079750,0.457379
0.080250,0.613734
0.080750,0.548394
0.081250,0.603602
0.081750,0.814644
0.082250,0.741046
0.082750,0.903497
0.083250,0.867244
0.083750,1.031960
0.084250,1.084477
0.084750,1.127040
0.085250,1.366031
0.085750,1.258171
0.086250,1.423461
0.086750,1.311232
0.087250,1.212648
0.087750,1.367947
0.088250,1.182796
0.088750,1.233173
0.089250,1.092832
0.089750,1.082167
0.090250,0.991376
0.090750,0.723520
0.091250,0.829456
0.091750,0.721204
0.092250,0.801298
0.092750,0.745267
0.093250,0.618036
0.093750,0.724498
0.094250,0.610355
0.094750,0.579442
0.095250,0.677123
0.095750,0.549722
0.096250,0.704490
0.096750,0.627726
0.097250,0.611982
0.097750,0.525426
0.098250,0.375984
0.098750,0.372792
0.099250,0.184049
0.099750,0.162619
0.100250,0.171246
0.100750,-0.131732
0.101250,-0.160567
0.101750,-0.262276
0.102250,-0.542329
0.102750,-0.493766
0.103250,-0.622336
0.103750,-0.595279
0.104250,-0.528705
0.104750,-0.697975
0.105250,-0.579210
0.105750,-0.506528
0.106250,-0.686168
0.106750,-0.481305
0.107250,-0.530173
0.107750,-0.452392
0.108250,-0.275094
0.108750,-0.417169
0.109250,-0.371161
0.109750,-0.335712
0.110250,-0.527953
0.110750,-0.401560
0.111250,-0.416422
0.111750,-0.520303
0.112250,-0.425755
0.112750,-0.518907
0.113250,-0.628454
0.113750,-0.418241
0.114250,-0.707379
0.114750,-0.642897
0.115250,-0.594215
0.115750,-0.696909
0.116250,-0.514883
0.116750,-0.499199
0.117250,-0.530105
0.117750,-0.332426
0.118250,-0.418735
0.118750,-0.396416
0.119250,-0.202909
0.119750,-0.200494
0.120250,-0.092125
0.120750,0.143397
0.121250,-0.056318
0.121750,0.100968
0.122250,0.041885
0.122750,0.002831
0.123250,-0.005517
0.123750,0.012187
0.124250,-0.200845
0.124750,-0.112151
0.125250,-0.153936
0.125750,-0.288076
0.126250,-0.342982
0.126750,-0.370812
0.127250,-0.640649
0.127750,-0.605646
0.128250,-0.656908
0.128750,-0.809029
0.129250,-0.589574
0.129750,-0.717459
0.130250,-0.776389
0.130750,-0.755288
0.131250,-0.814744
0.131750,-0.921387
0.132250,-0.786363
0.132750,-0.765534
0.133250,-0.960982
0.133750,-0.691926
0.134250,-0.762942
0.134750,-1.047108
0.135250,-0.918667
0.135750,-0.914030
0.136250,-1.180609
0.136750,-1.179518
0.137250,-1.292246
0.137750,-1.426299
0.138250,-1.366257
0.138750,-1.494395
0.139250,-1.731963
0.139750,-1.791326
0.140250,-1.786885
0.140750,-2.186368
0.141250,-2.200637
0.141750,-2.042914
0.142250,-2.308667
0.142750,-2.206857
0.143250,-2.109987
0.143750,-2.270112
0.144250,-2.158953
0.144750,-2.194520
0.145250,-2.293932
0.145750,-2.254765
0.146250,-2.052715
0.146750,-2.108353
0.147250,-2.049449
0.147750,-1.831749
0.148250,-1.953907
0.148750,-2.033721
0.149250,-1.735610
0.149750,-1.850755
0.150250,-2.055671
0.150750,-1.952832
0.151250,-1.953950
0.151750,-2.020801
0.152250,-1.950538
0.152750,-1.849501
0.153250,-2.075656
0.153750,-2.101845
0.154250,-2.091892
0.154750,-2.184409
0.155250,-2.203494
0.155750,-2.058133
0.156250,-2.114528
0.156750,-2.132479
0.157250,-2.022362
0.157750,-1.886347
0.158250,-1.964634
0.158750,-1.781042
0.159250,-1.684426
0.159750,-1.886706
0.160250,-1.739492
0.160750,-1.429853
0.161250,-1.465590
0.161750,-1.448070
0.162250,-1.187048
0.162750,-1.249742
0.163250,-1.184959
0.163750,-1.194191
0.164250,-1.101486
0.164750,-1.225686
0.165250,-1.264497
0.165750,-1.143924
0.166250,-1.393135
0.166750,-1.324318
0.167250,-1.178916
0.167750,-1.324470
0.168250,-1.525907
0.168750,-1.358368
0.169250,-1.360541
0.169750,-1.639534
0.170250,-1.694914
0.170750,-1.629008
0.171250,-1.709113
0.171750,-1.758895
0.172250,-1.729382
0.172750,-1.589929
0.173250,-1.790616
0.173750,-1.750889
0.174250,-1.623914
0.174750,-1.706845
0.175250,-1.816350
0.175750,-1.654566
0.176250,-1.719660
0.176750,-1.798482
0.177250,-1.592804
0.177750,-1.404878
0.178250,-1.641442
0.178750,-1.760840
0.179250,-1.592325
0.179750,-1.750567
0.180250,-1.997785
0.180750,-1.831233
0.181250,-1.774257
0.181750,-2.044893
0.182250,-2.077534
0.182750,-1.986055
0.183250,-2.079279
0.183750,-2.388139
0.184250,-2.342998
0.184750,-2.379983
0.185250,-2.600645
0.185750,-2.693810
0.186250,-2.671699
0.186750,-2.550138
0.187250,-2.725122
0.187750,-2.726695
0.188250,-2.464160
0.188750,-2.595128
0.189250,-2.620886
0.189750,-2.543164
0.190250,-2.525762
0.190750,-2.611598
0.191250,-2.548788
0.191750,-2.381952
0.192250,-2.348406
0.192750,-2.515831
0.193250,-2.214927
0.193750,-2.010527
0.194250,-2.084030
0.194750,-2.075309
0.195250,-1.963557
0.195750,-2.005177
0.196250,-2.123025
0.196750,-2.081890
0.197250,-1.940838
0.197750,-1.872148
0.198250,-2.083384
0.198750,-1.997286
0.199250,-1.874850
0.199750,-1.924523
0.200250,-2.001337
0.200750,-1.969889
0.201250,-2.011199
0.201750,-2.228621
0.202250,-2.128521
0.202750,-1.860397
0.203250,-2.000786
0.203750,-2.047300
0.204250,-1.824373
0.204750,-1.627925
0.205250,-1.680307
0.205750,-1.643222
0.206250,-1.498696
0.206750,-1.415756
0.207250,-1.502047
0.207750,-1.413268
0.208250,-1.101475
0.208750,-1.158068
0.209250,-1.134913
0.209750,-0.924324
0.210250,-0.786047
0.210750,-0.784412
0.211250,-0.830392
0.211750,-0.734647
0.212250,-0.642251
0.212750,-0.663642
0.213250,-0.726205
0.213750,-0.684972
0.214250,-0.604152
0.214750,-0.750586
0.215250,-0.808872
0.215750,-0.662180
0.216250,-0.595317
0.216750,-0.966413
0.217250,-0.899040
0.217750,-0.824426
0.218250,-0.973791
0.218750,-1.211171
0.219250,-1.189652
0.219750,-1.016954
0.220250,-1.067703
0.220750,-1.219822
0.221250,-1.196199
0.221750,-0.994499
0.222250,-1.112829
0.222750,-1.136675
0.223250,-1.084002
0.223750,-0.975653
0.224250,-1.098175
0.224750,-1.102164
0.225250,-1.087409
0.225750,-0.987769
0.226250,-0.993743
0.226750,-0.962838
0.227250,-0.735980
0.227750,-0.672017
0.228250,-0.928210
0.228750,-0.961314
0.229250,-0.859573
0.229750,-0.895308
0.230250,-1.092843
0.230750,-1.260374
0.231250,-1.159560
0.231750,-1.072131
0.232250,-1.242322
0.232750,-1.388379
0.233250,-1.366893
0.233750,-1.283067
0.234250,-1.487803
0.234750,-1.657884
0.235250,-1.560662
0.235750,-1.816056
0.236250,-1.928068
0.236750,-1.941244
0.237250,-1.967232
0.237750,-1.820326
0.238250,-2.013112
0.238750,-1.974340
0.239250,-1.906758
0.239750,-1.824953
0.240250,-1.898013
0.240750,-1.883455
0.241250,-1.926145
0.241750,-1.698956
0.242250,-1.811117
0.242750,-1.941740
0.243250,-1.785906
0.243750,-1.587877
0.244250,-1.645556
0.244750,-1.508004
0.245250,-1.290969
0.245750,-1.152082
0.246250,-1.300564
0.246750,-1.450958
0.247250,-1.140274
0.247750,-1.188916
0.248250,-1.272338
0.248750,-1.379168
0.249250,-1.246840
0.249750,-1.109626
0.250250,-1.089048
0.250750,-1.255244
0.251250,-1.250289
0.251750,-1.060486
0.252250,-1.077457
0.252750,-1.164848
0.253250,-1.212642
0.253750,-1.080993
0.254250,-1.126854
0.254750,-1.352459
0.255250,-1.218891
0.255750,-1.020247
0.256250,-1.140506
0.256750,-1.200392
0.257250,-0.985724
0.257750,-0.812993
0.258250,-0.805578
0.258750,-0.961367
0.259250,-0.843340
0.259750,-0.598660
0.260250,-0.561707
0.260750,-0.518628
0.261250,-0.484493
0.261750,-0.440992
0.262250,-0.143543
0.262750,-0.272280
0.263250,-0.140275
0.263750,-0.050598
0.264250,0.313960
0.264750,0.159157
0.265250,0.038528
0.265750,0.152714
0.266250,0.333818
0.266750,0.352509
0.267250,0.187475
0.267750,0.236645
0.268250,0.353162
0.268750,0.308537
0.269250,0.183044
0.269750,0.189612
0.270250,0.156488
0.270750,0.372546
0.271250,0.130950
0.271750,0.090126
0.272250,-0.015635
0.272750,0.151005
0.273250,0.023280
0.273750,-0.177342
0.274250,-0.070329
0.274750,-0.071966
0.275250,-0.075310
0.275750,-0.279090
0.276250,-0.285310
0.276750,-0.177890
0.277250,0.014710
0.277750,-0.163989
0.278250,-0.226392
0.278750,-0.054962
0.279250,-0.044626
0.279750,0.074737
0.280250,-0.227157
0.280750,-0.128232
0.281250,0.058181
0.281750,0.083069
0.282250,0.079445
0.282750,-0.055837
0.283250,0.151819
0.283750,0.243302
0.284250,0.258370
0.284750,-0.092568
0.285250,0.104151
0.285750,0.311440
0.286250,0.052566
0.286750,-0.125721
0.287250,-0.064860
0.287750,-0.074221
0.288250,-0.073062
0.288750,-0.205823
0.289250,-0.419900
0.289750,-0.423874
0.290250,-0.287633
0.290750,-0.402396
0.291250,-0.473563
0.291750,-0.490504
0.292250,-0.536182
0.292750,-0.559780
0.293250,-0.819216
0.293750,-0.954424
0.294250,-1.027586
0.294750,-0.764743
0.295250,-0.687564
0.295750,-0.861905
0.296250,-1.030078
0.296750,-0.816136
0.297250,-0.723526
0.297750,-0.765686
0.298250,-0.736706
0.298750,-0.688709
0.299250,-0.517841
0.299750,-0.660101
0.300250,-0.926530
0.300750,-0.883654
0.301250,-0.503372
0.301750,-0.326304
0.302250,-0.435505
0.302750,-0.411474
0.303250,-0.295666
0.303750,-0.057567
0.304250,-0.106557
0.304750,-0.193727
0.305250,-0.155713
0.305750,-0.041001
0.306250,0.052764
0.306750,0.034182
0.307250,-0.095761
0.307750,0.106175
0.308250,0.158826
0.308750,0.238176
0.309250,-0.065313
0.309750,0.049539
0.310250,0.046355
0.310750,0.277625
0.311250,0.104710
0.311750,-0.114973
0.312250,-0.055922
0.312750,0.185971
0.313250,0.115615
0.313750,0.035751
0.314250,0.074010
0.314750,0.180511
0.315250,0.204369
0.315750,0.216955
0.316250,0.144627
0.316750,0.240599
0.317250,0.508622
0.317750,0.644774
0.318250,0.616065
0.318750,0.567188
0.319250,0.713961
0.319750,0.910075
0.320250,0.817936
0.320750,0.697618
0.321250,0.999812
0.321750,1.021947
0.322250,1.314530
0.322750,1.392587
0.323250,1.199940
0.323750,1.457417
0.324250,1.689860
0.324750,1.712738
0.325250,1.660628
0.325750,1.610220
0.326250,1.714920
0.326750,1.898820
0.327250,1.841248
0.327750,1.877073
0.328250,1.739626
0.328750,1.845968
0.329250,1.934129
0.329750,1.916436
0.330250,1.711389
0.330750,1.777520
0.331250,1.919657
0.331750,1.958129
0.332250,1.877707
0.332750,1.694748
0.333250,1.777351
0.333750,1.924249
0.334250,1.649792
0.334750,1.517654
0.335250,1.424681
0.335750,1.390563
0.336250,1.675618
0.336750,1.761033
0.337250,1.510388
0.337750,1.582611
0.338250,1.621889
0.338750,1.831076
0.339250,1.784331
0.339750,1.636967
0.340250,1.652563
0.340750,1.729269
0.341250,1.843646
0.341750,1.783658
0.342250,1.630414
0.342750,1.842178
0.343250,1.860882
0.343750,1.900728
0.344250,1.937377
0.344750,1.836490
0.345250,1.964562
0.345750,2.100164
0.346250,2.255748
0.346750,2.118205
0.347250,1.970590
0.347750,2.029382
0.348250,2.180884
0.348750,2.094656
0.349250,1.824174
0.349750,1.590030
0.350250,1.783405
0.350750,1.979861
0.351250,1.916945
0.351750,1.826446
0.352250,1.648801
0.352750,1.768744
0.353250,1.928800
0.353750,1.591911
0.354250,1.467035
0.354750,1.536442
0.355250,1.497071
0.355750,1.476431
0.356250,1.397050
0.356750,1.125317
0.357250,1.231749
0.357750,1.260199
0.358250,1.328978
0.358750,1.196059
0.359250,1.065329
0.359750,1.050690
0.360250,1.341296
0.360750,1.417587
0.361250,1.397085
0.361750,1.148051
0.362250,1.300006
0.362750,1.390965
0.363250,1.616126
0.363750,1.510759
0.364250,1.341918
0.364750,1.527787
0.365250,1.812727
0.365750,1.682577
0.366250,1.819339
0.366750,1.649633
0.367250,1.898539
0.367750,2.065644
0.368250,2.150245
0.368750,2.161347
0.369250,2.064143
0.369750,2.114499
0.370250,2.253209
0.370750,2.404153
0.371250,2.332965
0.371750,2.191394
0.372250,2.214460
0.372750,2.433509
0.373250,2.532793
0.373750,2.431262
0.374250,2.266638
0.374750,2.341078
0.375250,2.572108
0.375750,2.562072
0.376250,2.370212
0.376750,2.129929
0.377250,2.371493
0.377750,2.497312
0.378250,2.593955
0.378750,2.510748
0.379250,2.407752
0.379750,2.373328
0.380250,2.436631
0.380750,2.711216
0.381250,2.669169
0.381750,2.525613
0.382250,2.726834
0.382750,2.784415
0.383250,2.960095
0.383750,3.142477
0.384250,2.992790
0.384750,3.002610
0.385250,3.086205
0.385750,3.452804
0.386250,3.437160
0.386750,3.143592
0.387250,3.105884
0.387750,3.597018
0.388250,3.759385
0.388750,3.720674
0.389250,3.640295
0.389750,3.707548
0.390250,3.819252
0.390750,4.154932
0.391250,4.280701
0.391750,4.187259
0.392250,4.086031
0.392750,4.184537
0.393250,4.456153
0.393750,4.436481
0.394250,4.198009
0.394750,4.198357
0.395250,4.286421
0.395750,4.524624
0.396250,4.504335
0.396750,4.313200
0.397250,4.186128
0.397750,4.237476
0.398250,4.465674
0.398750,4.486531
0.399250,4.281744
0.399750,4.166048
0.400250,4.028429
0.400750,4.203818
0.401250,4.414732
0.401750,4.082147
0.402250,4.020723
0.402750,3.911844
0.403250,3.852873
0.403750,4.135490
0.404250,3.990372
0.404750,3.878439
0.405250,3.787908
0.405750,3.827456
0.406250,4.132049
0.406750,4.076787
0.407250,4.033547
0.407750,3.854964
0.408250,3.971917
0.408750,4.096246
0.409250,4.158372
0.409750,4.111155
0.410250,3.880655
0.410750,3.914786
0.411250,4.000592
0.411750,4.127904
0.412250,4.182688
0.412750,4.058946
0.413250,4.011610
0.413750,4.241898
0.414250,4.375028
0.414750,4.428882
0.415250,4.355627
0.415750,4.145232
0.416250,4.238983
0.416750,4.251987
0.417250,4.199849
0.417750,4.013012
0.418250,3.850352
0.418750,3.888390
0.419250,4.059361
0.419750,4.149635
0.420250,3.861073
0.420750,3.709638
0.421250,3.772692
0.421750,3.720497
0.422250,3.994724
0.422750,3.649370
0.423250,3.323806
0.423750,3.330256
0.424250,3.310166
0.424750,3.419132
0.425250,3.375809
0.425750,3.189269
0.426250,2.988268
0.426750,3.021117
0.427250,3.087036
0.427750,3.274891
0.428250,3.086776
0.428750,2.894473
0.429250,2.842927
0.429750,2.956885
0.430250,3.153478
0.430750,3.078476
0.431250,3.103354
0.431750,3.109272
0.432250,2.951771
0.432750,3.315335
0.433250,3.150970
0.433750,3.291106
0.434250,3.187519
0.434750,3.068304
0.435250,3.118637
0.435750,3.451573
0.436250,3.410329
0.436750,3.428054
0.437250,3.141509
0.437750,3.416884
0.438250,3.677684
0.438750,3.640738
0.439250,3.790367
0.439750,3.690641
0.440250,3.576050
0.440750,3.674684
0.441250,3.922603
0.441750,3.793527
0.442250,3.630039
0.442750,3.624149
0.443250,3.517970
0.443750,3.725465
0.444250,3.694415
0.444750,3.801775
0.445250,3.571105
0.445750,3.609602
0.446250,3.675033
0.446750,3.902375
0.447250,3.866191
0.447750,3.536907
0.448250,3.644464
0.448750,3.475800
0.449250,3.703797
0.449750,3.656807
0.450250,3.650907
0.450750,3.388474
0.451250,3.350662
0.451750,3.556928
0.452250,3.628043
0.452750,3.563917
0.453250,3.541926
0.453750,3.362968
0.454250,3.494208
0.454750,3.965528
0.455250,3.917797
0.455750,3.906919
0.456250,3.761476
0.456750,3.743777
0.457250,3.943774
0.457750,4.048208
0.458250,4.086638
0.458750,4.055983
0.459250,4.090801
0.459750,4.245155
0.460250,4.305195
0.460750,4.509191
0.461250,4.545445
0.461750,4.417036
0.462250,4.496534
0.462750,4.609239
0.463250,4.851277
0.463750,4.769345
0.464250,4.865564
0.464750,4.792108
0.465250,4.808035
0.465750,5.039470
0.466250,4.915208
0.466750,5.079937
0.467250,4.828869
0.467750,4.743072
0.468250,4.808484
0.468750,4.901131
0.469250,4.893474
0.469750,4.719456
0.470250,4.486845
0.470750,4.398259
0.471250,4.805987
0.471750,4.935370
0.472250,4.868084
0.472750,4.677257
0.473250,4.499674
0.473750,4.614829
0.474250,4.451820
0.474750,4.587760
0.475250,4.406020
0.475750,4.269237
0.476250,4.248877
0.476750,4.107846
0.477250,4.205293
0.477750,4.071333
0.478250,4.190615
0.478750,3.942210
0.479250,4.073439
0.479750,4.101718
0.480250,4.145984
0.480750,4.159595
0.481250,4.092487
0.481750,4.025646
0.482250,4.106005
0.482750,4.057384
0.483250,4.199267
0.483750,4.151216
0.484250,3.996995
0.484750,3.837814
0.485250,3.864042
0.485750,4.078109
0.486250,4.053841
0.486750,4.025547
0.487250,3.974587
0.487750,4.036779
0.488250,4.070392
0.488750,4.376985
0.489250,4.353544
0.489750,4.195349
0.490250,3.957505
0.490750,4.202975
0.491250,3.989417
0.491750,4.145442
0.492250,4.028516
0.492750,3.860126
0.493250,3.567307
0.493750,3.694499
0.494250,3.728222
0.494750,3.660250
0.495250,3.640790
0.495750,3.502893
0.496250,3.445260
0.496750,3.293705
0.497250,3.555283
0.497750,3.360227
0.498250,3.293343
0.498750,2.943379
0.499250,3.002463
0.499750,2.875662
0.500250,2.920909
0.500750,2.979053
0.501250,2.792104
0.501750,2.533687
0.502250,2.498768
0.502750,2.606021
0.503250,2.545930
0.503750,2.568213
0.504250,2.389886
0.504750,2.250194
0.505250,2.422352
0.505750,2.379868
0.506250,2.475584
0.506750,2.682163
0.507250,2.557703
0.507750,2.414586
0.508250,2.189364
0.508750,2.429917
0.509250,2.775022
0.509750,2.603805
0.510250,2.368207
0.510750,2.274927
0.511250,2.457306
0.511750,2.388456
0.512250,2.700834
0.512750,2.605510
0.513250,2.712701
0.513750,2.546968
0.514250,2.851031
0.514750,3.160593
0.515250,3.048743
0.515750,3.029695
0.516250,2.910869
0.516750,2.755128
0.517250,2.950173
0.517750,3.107444
0.518250,3.181994
0.518750,3.103427
0.519250,2.852164
0.519750,2.600229
0.520250,2.807981
0.520750,2.988172
0.521250,2.943986
0.521750,2.947954
0.522250,2.897336
0.522750,2.785760
0.523250,2.924436
0.523750,2.983462
0.524250,2.922874
0.524750,2.769767
0.525250,2.786131
0.525750,2.789530
0.526250,2.859782
0.526750,2.944781
0.527250,2.791169
0.527750,2.704848
0.528250,2.439167
0.528750,2.569769
0.529250,2.591355
0.529750,2.783113
0.530250,2.827489
0.530750,2.862335
0.531250,2.701431
0.531750,2.641459
0.532250,2.676076
0.532750,2.938235
0.533250,3.103401
0.533750,3.124676
0.534250,3.065751
0.534750,2.969122
0.535250,3.151306
0.535750,3.156540
0.536250,3.156373
0.536750,3.156225
0.537250,3.068408
0.537750,3.125034
0.538250,3.323738
0.538750,3.401624
0.539250,3.608496
0.539750,3.635359
0.540250,3.523279
0.540750,3.750251
0.541250,3.729474
0.541750,3.907248
0.542250,4.127538
0.542750,3.983044
0.543250,3.918110
0.543750,3.779725
0.544250,3.877881
0.544750,4.081343
0.545250,4.032055
0.545750,4.100698
0.546250,3.830104
0.546750,3.776946
0.547250,3.923503
0.547750,3.878026
0.548250,4.195860
0.548750,3.943914
0.549250,3.767570
0.549750,3.574067
0.550250,3.695432
0.550750,3.872357
0.551250,3.975278
0.551750,3.840425
0.552250,3.606936
0.552750,3.467480
0.553250,3.487528
0.553750,3.516315
0.554250,3.488026
0.554750,3.355821
0.555250,3.279346
0.555750,3.111419
0.556250,3.289207
0.556750,3.056663
0.557250,3.379075
0.557750,3.248772
0.558250,3.185894
0.558750,2.958726
0.559250,3.098952
0.559750,3.076810
0.560250,3.368285
0.560750,3.283004
0.561250,3.161070
0.561750,2.975123
0.562250,2.957285
0.562750,2.964544
0.563250,3.118622
0.563750,3.246860
0.564250,3.196474
0.564750,2.758898
0.565250,2.890128
0.565750,2.846778
0.566250,2.995515
0.566750,3.262198
0.567250,3.161385
0.567750,2.995360
0.568250,2.893707
0.568750,3.036850
0.569250,2.923652
0.569750,3.107273
0.570250,3.098791
0.570750,3.043377
0.571250,2.921062
0.571750,3.015699
0.572250,3.022573
0.572750,3.154421
0.573250,2.785852
0.573750,2.879713
0.574250,2.753270
0.574750,2.710652
0.575250,2.751482
0.575750,2.717244
0.576250,2.508375
0.576750,2.551430
0.577250,2.185311
0.577750,2.296353
0.578250,2.206495
0.578750,2.260496
0.579250,2.344012
0.579750,2.243642
0.580250,1.972170
0.580750,1.866111
0.581250,1.807692
0.581750,1.841038
0.582250,1.883047
0.582750,1.597958
0.583250,1.498570
0.583750,1.252904
0.584250,1.226304
0.584750,1.395032
0.585250,1.512780
0.585750,1.349925
0.586250,1.355684
0.586750,1.150828
0.587250,1.152985
0.587750,1.145121
0.588250,1.600616
0.588750,1.436933
0.589250,1.355489
0.589750,1.217046
0.590250,1.088670
0.590750,1.139789
0.591250,1.235999
0.591750,1.486294
0.592250,1.383551
0.592750,1.255921
0.593250,1.230505
0.593750,1.195392
0.594250,1.360449
0.594750,1.662912
0.595250,1.604388
0.595750,1.601109
0.596250,1.414481
0.596750,1.443217
0.597250,1.727677
0.597750,1.814914
0.598250,1.797556
0.598750,1.818286
0.599250,1.582915
0.599750,1.553974
0.600250,1.731748
0.600750,1.657694
0.601250,1.862377
0.601750,1.877593
0.602250,1.922122
0.602750,1.603768
0.603250,1.586343
0.603750,1.754090
0.604250,1.833305
0.604750,1.885034
0.605250,1.740957
0.605750,1.401993
0.606250,1.419076
0.606750,1.454577
0.607250,1.725626
0.607750,1.983528
0.608250,1.795250
0.608750,1.589734
0.609250,1.649888
0.609750,1.603763
0.610250,1.617383
0.610750,1.719341
0.611250,1.445544
0.611750,1.292790
0.612250,1.358817
0.612750,1.294748
0.613250,1.243239
0.613750,1.467357
0.614250,1.430246
0.614750,1.562979
0.615250,1.528743
0.615750,1.485183
0.616250,1.464327
0.616750,1.422656
0.617250,1.801789
0.617750,1.784607
0.618250,1.731731
0.618750,1.537096
0.619250,1.615709
0.619750,1.762637
0.620250,2.016128
0.620750,2.045885
0.621250,2.192447
0.621750,1.980926
0.622250,1.942099
0.622750,2.117925
0.623250,2.064965
0.623750,2.432527
0.624250,2.269646
0.624750,2.418883
0.625250,2.222580
0.625750,2.421315
0.626250,2.323935
0.626750,2.834246
0.627250,2.833218
0.627750,2.654978
0.628250,2.778930
0.628750,2.714179
0.629250,2.601567
0.629750,2.805644
0.630250,2.824736
0.630750,2.690128
0.631250,2.659532
0.631750,2.376241
0.632250,2.362188
0.632750,2.445357
0.633250,2.722118
0.633750,2.736260
0.634250,2.510782
0.634750,2.422709
0.635250,2.369521
0.635750,2.423360
0.636250,2.512037
0.636750,2.518493
0.637250,2.550731
0.637750,2.409341
0.638250,2.058680
0.638750,2.194663
0.639250,2.127600
0.639750,2.209311
0.640250,2.219747
0.640750,2.001687
0.641250,1.873727
0.641750,1.746280
0.642250,1.569443
0.642750,1.796543
0.643250,2.046120
0.643750,1.896448
0.644250,1.891963
0.644750,1.509498
0.645250,1.682888
0.645750,1.523055
0.646250,1.620925
0.646750,1.859069
0.647250,1.599402
0.647750,1.618272
0.648250,1.363878
0.648750,1.475714
0.649250,1.434524
0.649750,1.665930
0.650250,1.645289
0.650750,1.702649
0.651250,1.472170
0.651750,1.258827
0.652250,1.491542
0.652750,1.346695
0.653250,1.649414
0.653750,1.416123
0.654250,1.540873
0.654750,1.311171
0.655250,1.302574
0.655750,1.496183
0.656250,1.701259
0.656750,1.751896
0.657250,1.675490
0.657750,1.616647
0.658250,1.379274
0.658750,1.539064
0.659250,1.225473
0.659750,1.379093
0.660250,1.453120
0.660750,1.280176
0.661250,1.142285
0.661750,0.928310
0.662250,0.957472
0.662750,1.041106
0.663250,1.064071
0.663750,0.919460
0.664250,0.762777
0.664750,0.661564
0.665250,0.620899
0.665750,0.583919
0.666250,0.568426
0.666750,0.563943
0.667250,0.627257
0.667750,0.552377
0.668250,0.010744
0.668750,0.058204
0.669250,0.228261
0.669750,0.208807
0.670250,0.115010
0.670750,-0.053362
0.671250,-0.217170
0.671750,-0.311496
0.672250,-0.534729
0.672750,-0.378005
0.673250,-0.246177
0.673750,-0.341779
0.674250,-0.443433
0.674750,-0.607661
0.675250,-0.654932
0.675750,-0.584107
0.676250,-0.542901
0.676750,-0.419057
0.677250,-0.471197
0.677750,-0.439003
0.678250,-0.727549
0.678750,-0.643001
0.679250,-0.489356
0.679750,-0.416667
0.680250,-0.420772
0.680750,-0.656663
0.681250,-0.758355
0.681750,-0.998534
0.682250,-0.745711
0.682750,-0.686635
0.683250,-0.540278
0.683750,-0.095167
0.684250,-0.158586
0.684750,-0.359743
0.685250,-0.680172
0.685750,-0.426215
0.686250,-0.365510
0.686750,-0.307697
0.687250,-0.292930
0.687750,-0.018768
0.688250,-0.045504
0.688750,-0.385925
0.689250,-0.330389
0.689750,-0.210953
0.690250,0.104955
0.690750,-0.041997
0.691250,-0.178674
0.691750,-0.485892
0.692250,-0.675752
0.692750,-0.408381
0.693250,-0.478272
0.693750,-0.023853
0.694250,-0.312289
0.694750,-0.315312
0.695250,-0.503152
0.695750,-0.620464
0.696250,-0.430367
0.696750,-0.301374
0.697250,-0.101376
0.697750,-0.211979
0.698250,-0.367139
0.698750,-0.664689
0.699250,-0.682129
0.699750,-0.540621
0.700250,-0.583488
0.700750,-0.525662
0.701250,-0.615226
0.701750,-0.720315
0.702250,-0.922898
0.702750,-0.896469
0.703250,-0.873175
0.703750,-0.961401
0.704250,-0.500493
0.704750,-0.694226
0.705250,-0.551156
0.705750,-0.810556
0.706250,-0.856679
0.706750,-0.928801
0.707250,-0.493137
0.707750,-0.471225
0.708250,-0.561059
0.708750,-0.517690
0.709250,-0.687049
0.709750,-0.545960
0.710250,-0.475347
0.710750,-0.210480
0.711250,-0.134230
0.711750,-0.230160
0.712250,-0.476334
0.712750,-0.643954
0.713250,-0.381889
0.713750,-0.207351
0.714250,-0.122210
0.714750,-0.182039
0.715250,-0.199366
0.715750,0.034463
0.716250,-0.174254
0.716750,-0.022564
0.717250,0.111692
0.717750,0.173715
0.718250,0.411007
0.718750,0.479029
0.719250,0.347812
0.719750,0.097526
0.720250,0.094138
0.720750,0.276002
0.721250,0.428557
0.721750,0.397704
0.722250,0.219147
0.722750,0.244318
0.723250,0.063183
0.723750,0.281117
0.724250,0.211815
0.724750,0.067170
0.725250,0.207416
0.725750,0.271350
0.726250,0.124965
0.726750,-0.040937
0.727250,-0.151310
0.727750,-0.061321
0.728250,-0.016389
0.728750,-0.090941
0.729250,-0.082778
0.729750,-0.170921
0.730250,-0.475106
0.730750,-0.220557
0.731250,-0.523740
0.731750,-0.250632
0.732250,-0.388750
0.732750,-0.439879
0.733250,-0.696246
0.733750,-0.922672
0.734250,-0.868167
0.734750,-0.921149
0.735250,-0.807876
0.735750,-0.761715
0.736250,-0.921712
0.736750,-1.041353
0.737250,-0.962664
0.737750,-1.016676
0.738250,-1.018272
0.738750,-0.975332
0.739250,-0.890817
0.739750,-0.844836
0.740250,-1.034549
0.740750,-1.055538
0.741250,-1.149578
0.741750,-0.889948
0.742250,-0.918401
0.742750,-0.764252
0.743250,-0.958366
0.743750,-1.132625
0.744250,-1.252931
0.744750,-1.304258
0.745250,-1.309710
0.745750,-1.217003
0.746250,-0.961004
0.746750,-1.088144
0.747250,-1.161242
0.747750,-1.196283
0.748250,-1.489315
0.748750,-1.224423
0.749250,-0.971037
0.749750,-0.931401
0.750250,-1.177761
0.750750,-1.113925
0.751250,-1.412878
0.751750,-1.298276
0.752250,-1.305520
0.752750,-1.352133
0.753250,-1.155205
0.753750,-1.486073
0.754250,-1.449538
0.754750,-1.554765
0.755250,-1.730101
0.755750,-1.690435
0.756250,-1.815429
0.756750,-1.573789
0.757250,-1.844662
0.757750,-1.902811
0.758250,-1.986111
0.758750,-2.216027
0.759250,-2.189442
0.759750,-2.076136
0.760250,-2.022900
0.760750,-2.008702
0.761250,-2.161640
0.761750,-2.328494
0.762250,-2.489067
0.762750,-2.355702
0.763250,-2.544520
0.763750,-2.564328
0.764250,-2.635048
0.764750,-2.758805
0.765250,-2.840174
0.765750,-3.251474
0.766250,-3.282781
0.766750,-3.178296
0.767250,-2.943673
0.767750,-3.158710
0.768250,-3.155672
0.768750,-3.119865
0.769250,-3.414064
0.769750,-3.280653
0.770250,-3.369311
0.770750,-3.268006
0.771250,-2.998915
0.771750,-3.210971
0.772250,-3.229359
0.772750,-3.441355
0.773250,-3.394592
0.773750,-3.345037
0.774250,-3.335870
0.774750,-3.135848
0.775250,-3.234907
0.775750,-3.291491
0.776250,-3.567732
0.776750,-3.557052
0.777250,-3.497881
0.777750,-3.304364
0.778250,-3.025222
0.778750,-3.033539
0.779250,-2.977862
0.779750,-3.074837
0.780250,-3.198502
0.780750,-3.063946
0.781250,-3.141162
0.781750,-2.801492
0.782250,-2.728501
0.782750,-2.627098
0.783250,-2.703170
0.783750,-2.898056
0.784250,-2.923318
0.784750,-2.779727
0.785250,-2.606473
0.785750,-2.555463
0.786250,-2.608495
0.786750,-2.792840
0.787250,-2.981901
0.787750,-3.047003
0.788250,-2.786105
0.788750,-2.973737
0.789250,-2.639224
0.789750,-2.834221
0.790250,-2.810359
0.790750,-2.944204
0.791250,-3.082073
0.791750,-3.143555
0.792250,-2.922387
0.792750,-2.900533
0.793250,-2.667508
0.793750,-2.740442
0.794250,-2.648401
0.794750,-3.044086
0.795250,-3.154001
0.795750,-3.025048
0.796250,-3.070116
0.796750,-2.846084
0.797250,-2.895593
0.797750,-2.954387
0.798250,-3.185219
0.798750,-3.166593
0.799250,-3.356878
0.799750,-3.352487
0.800250,-3.158651
0.800750,-3.039655
0.801250,-3.219454
0.801750,-3.026258
0.802250,-2.991599
0.802750,-2.979094
0.803250,-2.950103
0.803750,-2.827421
0.804250,-2.839772
0.804750,-2.828629
0.805250,-2.680115
0.805750,-2.908012
0.806250,-2.880485
0.806750,-2.693944
0.807250,-2.729195
0.807750,-2.369800
0.808250,-2.579197
0.808750,-2.452831
0.809250,-2.550342
0.809750,-2.673875
0.810250,-2.335737
0.810750,-2.579466
0.811250,-1.922512
0.811750,-2.052456
0.812250,-2.244707
0.812750,-2.140086
0.813250,-2.138719
0.813750,-2.274057
0.814250,-1.966422
0.814750,-1.780644
0.815250,-1.532581
0.815750,-1.594006
0.816250,-1.469459
0.816750,-1.827112
0.817250,-1.708034
0.817750,-1.608271
0.818250,-1.790294
0.818750,-1.609196
0.819250,-1.611702
0.819750,-1.531255
0.820250,-1.660299
0.820750,-1.920726
0.821250,-1.974939
0.821750,-1.723073
0.822250,-1.635841
0.822750,-1.518243
0.823250,-1.634838
0.823750,-1.748693
0.824250,-1.884009
0.824750,-2.030983
0.825250,-2.056361
0.825750,-2.012423
0.826250,-1.702106
0.826750,-1.819982
0.827250,-1.804775
0.827750,-1.963769
0.828250,-2.182278
0.828750,-2.131366
0.829250,-2.157971
0.829750,-2.121946
0.830250,-2.094749
0.830750,-2.164833
0.831250,-2.088675
0.831750,-2.405629
0.832250,-2.646080
0.832750,-2.519063
0.833250,-2.361762
0.833750,-2.199038
0.834250,-2.279592
0.834750,-2.378533
0.835250,-2.357102
0.835750,-2.557787
0.836250,-2.574523
0.836750,-2.478733
0.837250,-2.387654
0.837750,-2.396914
0.838250,-2.239085
0.838750,-2.506772
0.839250,-2.680977
0.839750,-2.555384
0.840250,-2.547768
0.840750,-2.514125
0.841250,-2.430673
0.841750,-2.443897
0.842250,-2.420591
0.842750,-2.378664
0.843250,-2.764673
0.843750,-2.645980
0.844250,-2.575984
0.844750,-2.633517
0.845250,-2.303278
0.845750,-2.289978
0.846250,-2.393550
0.846750,-2.494916
0.847250,-2.461652
0.847750,-2.621528
0.848250,-2.638963
0.848750,-2.510469
0.849250,-2.327908
0.849750,-2.196862
0.850250,-2.195736
0.850750,-2.649428
0.851250,-2.503163
0.851750,-2.576255
0.852250,-2.546689
0.852750,-2.185807
0.853250,-2.242072
0.853750,-2.497137
0.854250,-2.731097
0.854750,-2.836441
0.855250,-2.740320
0.855750,-2.709854
0.856250,-2.813330
0.856750,-2.633549
0.857250,-2.833547
0.857750,-2.890501
0.858250,-3.102962
0.858750,-3.173828
0.859250,-3.019771
0.859750,-3.000768
0.860250,-2.824839
0.860750,-3.269209
0.861250,-3.240468
0.861750,-3.311064
0.862250,-3.664476
0.862750,-3.318077
0.863250,-3.727041
0.863750,-3.633560
0.864250,-3.415144
0.864750,-3.667823
0.865250,-3.608546
0.865750,-3.714800
0.866250,-3.959932
0.866750,-4.044894
0.867250,-4.126681
0.867750,-3.838523
0.868250,-3.834500
0.868750,-3.860544
0.869250,-3.767172
0.869750,-4.147577
0.870250,-4.168394
0.870750,-4.183611
0.871250,-4.120734
0.871750,-3.774497
0.872250,-3.822629
0.872750,-3.791342
0.873250,-3.775086
0.873750,-4.135813
0.874250,-4.215095
0.874750,-4.094543
0.875250,-3.790500
0.875750,-3.635427
0.876250,-3.629332
0.876750,-3.712355
0.877250,-3.842099
0.877750,-4.045455
0.878250,-3.941034
0.878750,-3.783901
0.879250,-3.530052
0.879750,-3.640036
0.880250,-3.607233
0.880750,-3.689892
0.881250,-3.844717
0.881750,-3.702164
0.882250,-3.451797
0.882750,-3.566627
0.883250,-3.133421
0.883750,-3.348064
0.884250,-3.402809
0.884750,-3.399093
0.885250,-3.543453
0.885750,-3.262802
0.886250,-3.273348
0.886750,-3.103903
0.887250,-2.802220
0.887750,-3.051617
0.888250,-3.205573
0.888750,-3.220642
0.889250,-3.212605
0.889750,-3.177900
0.890250,-3.305022
0.890750,-3.032756
0.891250,-3.080358
0.891750,-3.071424
0.892250,-3.070998
0.892750,-3.280879
0.893250,-3.451926
0.893750,-3.334860
0.894250,-3.040308
0.894750,-2.786712
0.895250,-2.802879
0.895750,-2.967085
0.896250,-2.954683
0.896750,-3.077393
0.897250,-3.342620
0.897750,-3.241693
0.898250,-3.195506
0.898750,-3.047786
0.899250,-2.975786
0.899750,-3.021258
0.900250,-3.285085
0.900750,-3.504794
0.901250,-3.509053
0.901750,-3.215790
0.902250,-3.246676
0.902750,-3.013994
0.903250,-3.012586
0.903750,-3.256845
0.904250,-3.127264
0.904750,-3.300889
0.905250,-3.120699
0.905750,-2.951979
0.906250,-2.961844
0.906750,-2.715383
0.907250,-2.762098
0.907750,-2.720344
0.908250,-2.796060
0.908750,-2.841738
0.909250,-2.958961
0.909750,-2.789310
0.910250,-2.779965
0.910750,-2.358187
0.911250,-2.161309
0.911750,-2.195069
0.912250,-2.208236
0.912750,-2.711623
0.913250,-2.126799
0.913750,-2.186327
0.914250,-1.893294
0.914750,-1.841416
0.915250,-1.974952
0.915750,-1.921833
0.916250,-2.005445
0.916750,-1.966887
0.917250,-1.729912
0.917750,-1.775095
0.918250,-1.588277
0.918750,-1.174121
0.919250,-1.399825
0.919750,-1.644777
0.920250,-1.527688
0.920750,-1.728341
0.921250,-1.460873
0.921750,-1.243407
0.922250,-1.028688
0.922750,-0.941598
0.923250,-1.202548
0.923750,-1.410603
0.924250,-1.588100
0.924750,-1.549536
0.925250,-1.466386
0.925750,-1.346996
0.926250,-1.223804
0.926750,-1.112513
0.927250,-1.290219
0.927750,-1.278510
0.928250,-1.401135
0.928750,-1.416450
0.929250,-1.265284
0.929750,-1.341576
0.930250,-1.107234
0.930750,-1.081417
0.931250,-1.235070
0.931750,-1.140949
0.932250,-1.465650
0.932750,-1.697877
0.933250,-1.716212
0.933750,-1.750423
0.934250,-1.444184
0.934750,-1.555839
0.935250,-1.779941
0.935750,-1.703640
0.936250,-1.914354
0.936750,-2.080946
0.937250,-1.936853
0.937750,-1.899063
0.938250,-1.739155
0.938750,-1.747006
0.939250,-1.766494
0.939750,-1.944011
0.940250,-1.946249
0.940750,-1.896402
0.941250,-1.770004
0.941750,-1.846517
0.942250,-1.715892
0.942750,-1.598256
0.943250,-1.777616
0.943750,-1.821939
0.944250,-1.926248
0.944750,-2.174410
0.945250,-1.858772
0.945750,-2.024910
0.946250,-1.816755
0.946750,-1.769686
0.947250,-1.872000
0.947750,-1.714344
0.948250,-2.015145
0.948750,-1.944006
0.949250,-1.834654
0.949750,-1.847128
0.950250,-1.670027
0.950750,-1.762441
0.951250,-1.703709
0.951750,-1.602795
0.952250,-1.753467
0.952750,-1.782137
0.953250,-1.687639
0.953750,-1.652139
0.954250,-1.395008
0.954750,-1.412294
0.955250,-1.608997
0.955750,-1.571011
0.956250,-1.909647
0.956750,-1.813411
0.957250,-1.573171
0.957750,-1.596883
0.958250,-1.380496
0.958750,-1.755642
0.959250,-1.649648
0.959750,-1.955917
0.960250,-2.076809
0.960750,-2.208572
0.961250,-2.054172
0.961750,-1.957157
0.962250,-1.876639
0.962750,-1.952260
0.963250,-2.109693
0.963750,-2.071971
0.964250,-2.181772
0.964750,-2.471913
0.965250,-2.206034
0.965750,-2.246650
0.966250,-2.159607
0.966750,-2.190457
0.967250,-2.418684
0.967750,-2.345612
0.968250,-2.538695
0.968750,-2.668467
0.969250,-2.544899
0.969750,-2.604102
0.970250,-2.603547
0.970750,-2.618716
0.971250,-2.834405
0.971750,-2.969311
0.972250,-3.008287
0.972750,-3.209867
0.973250,-3.190212
0.973750,-3.115863
0.974250,-2.948889
0.974750,-2.906142
0.975250,-2.922787
0.975750,-3.079457
0.976250,-3.186403
0.976750,-3.387510
0.977250,-3.107338
0.977750,-3.174355
0.978250,-3.055325
0.978750,-2.877702
0.979250,-3.161057
0.979750,-3.034705
0.980250,-3.225735
0.980750,-3.323820
0.981250,-3.173192
0.981750,-2.999082
0.982250,-2.896728
0.982750,-2.812697
0.983250,-3.069946
0.983750,-3.043433
0.984250,-3.097452
0.984750,-3.071275
0.985250,-2.955203
0.985750,-2.882934
0.986250,-2.646656
0.986750,-2.518594
0.987250,-2.660068
0.987750,-2.656591
0.988250,-2.605198
0.988750,-2.838348
0.989250,-2.813399
0.989750,-2.551117
0.990250,-2.198542
0.990750,-2.223628
0.991250,-2.105694
0.991750,-2.149439
0.992250,-2.233782
0.992750,-2.328239
0.993250,-2.288252
0.993750,-2.244515
0.994250,-2.194035
0.994750,-1.814372
0.995250,-1.940738
0.995750,-2.115255
0.996250,-2.102367
0.996750,-2.426938
0.997250,-2.255131
0.997750,-2.260486
0.998250,-2.382778
0.998750,-2.042173
0.999250,-1.884325
0.999750,-2.083403
