0.000250,-0.003235
0.000750,-0.008041
0.001250,0.016560
0.001750,-0.016742
0.002250,0.019394
0.002750,0.073582
0.003250,0.120862
0.003750,0.071195
0.004250,0.143495
0.004750,0.130093
0.005250,0.169549
0.005750,0.122087
0.006250,0.197464
0.006750,0.297294
0.007250,0.272303
0.007750,0.283498
0.008250,0.306287
0.008750,0.344191
0.009250,0.398015
0.009750,0.380561
0.010250,0.462601
0.010750,0.462600
0.011250,0.420332
0.011750,0.467676
0.012250,0.475976
0.012750,0.666205
0.013250,0.592336
0.013750,0.617323
0.014250,0.626570
0.014750,0.592791
0.015250,0.550131
0.015750,0.660323
0.016250,0.705090
0.016750,0.681819
0.017250,0.686355
0.017750,0.714835
0.018250,0.649171
0.018750,0.722069
0.019250,0.628996
0.019750,0.753641
0.020250,0.724017
0.020750,0.860661
0.021250,0.677602
0.021750,0.831775
0.022250,0.900744
0.022750,0.999691
0.023250,0.961773
0.023750,0.818694
0.024250,0.971201
0.024750,0.794168
0.025250,0.991514
0.025750,1.014108
0.026250,0.950708
0.026750,1.017094
0.027250,0.959744
0.027750,1.010270
0.028250,0.985844
0.028750,0.925131
0.029250,1.066757
0.029750,1.015620
0.030250,1.019632
0.030750,1.185019
0.031250,1.152190
0.031750,1.189049
0.032250,1.132266
0.032750,1.078054
0.033250,1.094810
0.033750,1.164159
0.034250,1.076267
0.034750,1.071151
0.035250,1.162637
0.035750,1.057556
0.036250,1.305057
0.036750,1.214199
0.037250,1.156676
0.037750,1.142022
0.038250,1.174591
0.038750,1.191207
0.039250,1.219628
0.039750,1.150369
0.040250,1.073224
0.040750,1.134955
0.041250,1.065605
0.041750,1.094053
0.042250,1.262722
0.042750,1.296032
0.043250,1.232941
0.043750,1.238124
0.044250,1.354581
0.044750,1.275463
0.045250,1.228606
0.045750,1.387191
0.046250,1.242918
0.046750,1.082653
0.047250,1.209699
0.047750,1.406674
0.048250,1.321932
0.048750,1.176624
0.049250,1.335517
0.049750,1.292497
0.050250,1.096538
0.050750,1.259408
0.051250,1.183243
0.051750,1.121501
0.052250,1.142680
0.052750,1.265657
0.053250,1.323642
0.053750,0.980689
0.054250,1.048945
0.054750,1.118428
0.055250,1.216235
0.055750,1.036539
0.056250,1.316758
0.056750,1.310260
0.057250,1.228313
0.057750,1.056794
0.058250,1.252753
0.058750,1.318692
0.059250,1.193253
0.059750,1.327747
0.060250,1.255695
0.060750,1.355604
0.061250,1.142332
0.061750,1.267739
0.062250,1.239312
0.062750,1.153598
0.063250,1.133502
0.063750,1.217073
0.064250,1.227009
0.064750,1.275102
0.065250,1.175627
0.065750,1.077564
0.066250,1.281788
0.066750,1.163775
0.067250,1.080790
0.067750,1.102759
0.068250,1.117367
0.068750,1.155357
0.069250,0.916749
0.069750,1.043651
0.070250,1.111643
0.070750,1.094513
0.071250,0.952494
0.071750,1.149785
0.072250,1.235041
0.072750,1.122681
0.073250,0.902288
0.073750,1.032756
0.074250,1.082408
0.074750,1.129508
0.075250,1.120551
0.075750,0.941097
0.076250,1.148454
0.076750,1.164642
0.077250,1.083884
0.077750,0.885668
0.078250,0.951750
0.078750,0.992680
0.079250,0.862052
0.079750,0.833850
0.080250,0.932916
0.080750,1.114811
0.081250,0.997883
0.081750,1.012765
0.082250,0.934167
0.082750,1.142243
0.083250,1.134451
0.083750,1.014307
0.084250,0.924133
0.084750,0.851306
0.085250,1.157255
0.085750,0.944477
0.086250,0.885918
0.086750,0.721389
0.087250,0.754596
0.087750,0.775375
0.088250,0.681610
0.088750,0.742299
0.089250,0.732043
0.089750,0.861370
0.090250,0.885190
0.090750,0.813291
0.091250,0.741907
0.091750,0.759654
0.092250,0.833321
0.092750,0.977408
0.093250,0.896870
0.093750,0.637718
0.094250,0.804860
0.094750,0.992121
0.095250,0.900021
0.095750,0.621831
0.096250,0.315819
0.096750,0.743441
0.097250,0.769243
0.097750,0.769685
0.098250,0.628793
0.098750,0.708648
0.099250,0.863851
0.099750,0.904789
0.100250,0.698181
0.100750,0.663743
0.101250,0.537935
0.101750,0.542345
0.102250,0.484885
0.102750,0.501202
0.103250,0.454790
0.103750,0.456290
0.104250,0.524299
0.104750,0.461781
0.105250,0.464172
0.105750,0.415263
0.106250,0.375336
0.106750,0.550045
0.107250,0.374005
0.107750,0.555234
0.108250,0.547669
0.108750,0.382030
0.109250,0.564299
0.109750,0.688970
0.110250,0.581183
0.110750,0.454806
0.111250,0.334410
0.111750,0.438035
0.112250,0.479801
0.112750,0.636031
0.113250,0.532168
0.113750,0.467345
0.114250,0.530469
0.114750,0.514223
0.115250,0.585760
0.115750,0.490906
0.116250,0.297250
0.116750,0.198031
0.117250,0.223456
0.117750,0.475245
0.118250,0.368644
0.118750,0.306809
0.119250,0.297689
0.119750,0.571272
0.120250,0.526749
0.120750,0.681466
0.121250,0.464614
0.121750,0.388813
0.122250,0.231991
0.122750,0.487003
0.123250,0.481450
0.123750,0.336548
0.124250,0.307773
0.124750,0.380693
0.125250,0.357503
0.125750,0.402787
0.126250,0.209412
0.126750,0.127985
0.127250,0.013129
0.127750,0.076431
0.128250,0.224114
0.128750,0.245348
0.129250,0.155099
0.129750,0.363505
0.130250,0.104141
0.130750,0.269685
0.131250,0.483759
0.131750,0.351783
0.132250,0.417401
0.132750,0.334919
0.133250,0.102373
0.133750,0.371861
0.134250,0.440378
0.134750,0.273134
0.135250,0.097355
0.135750,0.085672
0.136250,0.085336
0.136750,0.309784
0.137250,0.315145
0.137750,0.042408
0.138250,0.140383
0.138750,0.029119
0.139250,-0.196913
0.139750,0.195767
0.140250,0.113725
0.140750,0.075699
0.141250,0.156767
0.141750,0.066147
0.142250,0.077359
0.142750,0.275302
0.143250,0.196408
0.143750,0.207076
0.144250,0.141231
0.144750,-0.096029
0.145250,-0.069865
0.145750,0.006981
0.146250,0.002822
0.146750,0.096628
0.147250,-0.015261
0.147750,0.154640
0.148250,0.085450
0.148750,0.121775
0.149250,0.171856
0.149750,-0.137431
0.150250,0.002508
0.150750,-0.369842
0.151250,0.031618
0.151750,0.079951
0.152250,0.049219
0.152750,0.046818
0.153250,-0.044068
0.153750,-0.190743
0.154250,-0.223717
0.154750,-0.046527
0.155250,0.249678
0.155750,0.003789
0.156250,0.011401
0.156750,-0.033346
0.157250,-0.147256
0.157750,0.017381
0.158250,0.049322
0.158750,0.043826
0.159250,0.034876
0.159750,-0.260132
0.160250,-0.164191
0.160750,0.073873
0.161250,0.062792
0.161750,-0.104024
0.162250,-0.128154
0.162750,-0.187647
0.163250,-0.329041
0.163750,-0.166612
0.164250,0.032472
0.164750,0.105234
0.165250,-0.105698
0.165750,0.001079
0.166250,-0.270307
0.166750,-0.191363
0.167250,0.052750
0.167750,0.049589
0.168250,-0.042599
0.168750,0.075133
0.169250,-0.033915
0.169750,-0.188673
0.170250,-0.233019
0.170750,-0.072467
0.171250,-0.250412
0.171750,-0.334528
0.172250,-0.242861
0.172750,-0.237605
0.173250,-0.152182
0.173750,0.040558
0.174250,-0.199747
0.174750,-0.315846
0.175250,-0.003399
0.175750,-0.514783
0.176250,-0.380397
0.176750,-0.208737
0.177250,-0.071724
0.177750,-0.144209
0.178250,-0.074138
0.178750,-0.332260
0.179250,-0.171985
0.179750,-0.140778
0.180250,0.086387
0.180750,-0.029143
0.181250,0.038236
0.181750,-0.123089
0.182250,-0.266467
0.182750,-0.394237
0.183250,0.193764
0.183750,0.106159
0.184250,0.110443
0.184750,0.142234
0.185250,-0.022177
0.185750,-0.033980
0.186250,0.072350
0.186750,0.268390
0.187250,0.161711
0.187750,0.135244
0.188250,0.053228
0.188750,0.088497
0.189250,-0.212445
0.189750,-0.236084
0.190250,0.088490
0.190750,-0.178905
0.191250,-0.009988
0.191750,-0.133527
0.192250,-0.213707
0.192750,-0.232579
0.193250,0.001910
0.193750,0.283823
0.194250,0.092503
0.194750,0.074230
0.195250,0.118156
0.195750,-0.042433
0.196250,-0.022593
0.196750,0.040949
0.197250,0.205929
0.197750,0.037836
0.198250,0.135979
0.198750,0.177894
0.199250,0.165996
0.199750,-0.162575
0.200250,-0.059047
0.200750,0.150100
0.201250,0.022306
0.201750,-0.272802
0.202250,-0.001624
0.202750,-0.081992
0.203250,-0.269290
0.203750,-0.220349
0.204250,0.030926
0.204750,-0.001557
0.205250,-0.064860
0.205750,0.126481
0.206250,0.007508
0.206750,-0.023641
0.207250,-0.097111
0.207750,0.364620
0.208250,0.338177
0.208750,0.234629
0.209250,0.318670
0.209750,0.142903
0.210250,0.068041
0.210750,-0.038401
0.211250,0.268153
0.211750,0.268743
0.212250,0.342111
0.212750,0.317151
0.213250,0.080761
0.213750,0.001710
0.214250,-0.027962
0.214750,0.121851
0.215250,0.381071
0.215750,0.105007
0.216250,0.117616
0.216750,0.003356
0.217250,-0.198827
0.217750,0.004440
0.218250,-0.037547
0.218750,0.206057
0.219250,0.265062
0.219750,0.318070
0.220250,0.034885
0.220750,0.023583
0.221250,0.048203
0.221750,0.357469
0.222250,0.186899
0.222750,0.433202
0.223250,0.345262
0.223750,0.262464
0.224250,0.134877
0.224750,-0.160681
0.225250,-0.349504
0.225750,0.282113
0.226250,0.472793
0.226750,0.267625
0.227250,0.347874
0.227750,0.398599
0.228250,-0.044515
0.228750,0.038865
0.229250,0.141619
0.229750,0.347623
0.230250,0.220013
0.230750,0.229006
0.231250,0.234517
0.231750,0.246351
0.232250,0.042366
0.232750,0.022690
0.233250,0.343942
0.233750,0.520351
0.234250,0.347100
0.234750,0.097465
0.235250,0.628973
0.235750,0.137660
0.236250,0.175115
0.236750,0.242509
0.237250,0.652384
0.237750,0.459427
0.238250,0.520977
0.238750,0.669154
0.239250,0.600573
0.239750,0.369082
0.240250,0.197844
0.240750,0.273903
0.241250,0.443696
0.241750,0.566709
0.242250,0.336027
0.242750,0.312715
0.243250,0.176135
0.243750,0.238398
0.244250,0.442582
0.244750,0.618110
0.245250,0.477564
0.245750,0.295404
0.246250,0.283468
0.246750,0.230808
0.247250,0.093375
0.247750,0.114818
0.248250,0.062236
0.248750,0.410088
0.249250,0.525071
0.249750,0.425400
0.250250,0.501838
0.250750,0.106912
0.251250,0.367993
0.251750,0.336952
0.252250,0.403344
0.252750,0.748286
0.253250,0.497909
0.253750,0.508153
0.254250,0.416673
0.254750,0.510815
0.255250,0.222344
0.255750,0.323550
0.256250,0.267745
0.256750,0.405738
0.257250,0.537750
0.257750,0.229637
0.258250,0.206244
0.258750,0.120120
0.259250,0.090392
0.259750,0.255747
0.260250,0.095485
0.260750,0.461100
0.261250,0.161104
0.261750,0.269523
0.262250,0.326373
0.262750,0.485943
0.263250,0.130367
0.263750,0.179855
0.264250,0.159528
0.264750,0.271240
0.265250,0.350769
0.265750,0.277629
0.266250,0.352064
0.266750,0.439968
0.267250,0.193949
0.267750,0.327941
0.268250,0.637681
0.268750,0.405347
0.269250,0.575439
0.269750,0.382066
0.270250,0.333812
0.270750,0.234385
0.271250,0.187760
0.271750,0.297480
0.272250,0.469191
0.272750,0.540559
0.273250,0.650498
0.273750,0.630623
0.274250,0.714530
0.274750,0.455945
0.275250,0.408998
0.275750,0.301083
0.276250,0.547003
0.276750,0.937698
0.277250,0.696235
0.277750,0.518788
0.278250,0.417822
0.278750,0.457414
0.279250,0.400465
0.279750,0.163696
0.280250,0.334658
0.280750,0.602745
0.281250,0.565347
0.281750,0.591142
0.282250,0.482394
0.282750,0.283375
0.283250,0.244194
0.283750,0.160878
0.284250,0.442795
0.284750,0.401588
0.285250,0.809644
0.285750,0.696744
0.286250,0.625053
0.286750,0.296443
0.287250,0.649566
0.287750,0.450632
0.288250,0.527402
0.288750,0.483865
0.289250,0.797823
0.289750,0.353124
0.290250,0.839506
0.290750,0.524252
0.291250,0.382551
0.291750,0.423263
0.292250,0.324506
0.292750,0.601215
0.293250,0.499440
0.293750,0.653182
0.294250,0.638715
0.294750,0.658456
0.295250,0.528844
0.295750,0.573505
0.296250,0.287102
0.296750,0.232056
0.297250,0.202357
0.297750,0.537911
0.298250,0.478612
0.298750,0.698933
0.299250,0.672322
0.299750,0.738505
0.300250,0.711566
0.300750,0.540901
0.301250,0.546130
0.301750,0.607322
0.302250,0.868827
0.302750,0.859883
0.303250,1.119094
0.303750,0.865620
0.304250,0.953164
0.304750,0.854278
0.305250,0.442292
0.305750,0.814883
0.306250,0.816260
0.306750,0.675823
0.307250,0.454522
0.307750,0.741439
0.308250,0.634318
0.308750,0.532770
0.309250,0.316913
0.309750,0.576762
0.310250,0.761032
0.310750,0.842241
0.311250,0.913192
0.311750,0.793416
0.312250,0.749416
0.312750,0.753814
0.313250,0.841331
0.313750,0.486566
0.314250,0.416675
0.314750,1.024447
0.315250,0.713166
0.315750,0.745767
0.316250,0.705251
0.316750,1.091683
0.317250,0.961562
0.317750,0.809742
0.318250,0.783333
0.318750,0.893961
0.319250,1.142569
0.319750,0.768230
0.320250,0.878017
0.320750,0.689674
0.321250,0.928531
0.321750,0.839180
0.322250,0.677453
0.322750,0.550576
0.323250,0.687727
0.323750,1.249105
0.324250,0.957615
0.324750,1.006732
0.325250,0.991449
0.325750,0.892602
0.326250,0.846170
0.326750,0.864519
0.327250,0.989914
0.327750,0.898332
0.328250,0.921046
0.328750,0.945825
0.329250,0.983238
0.329750,0.888575
0.330250,0.794770
0.330750,0.779033
0.331250,0.697992
0.331750,0.638261
0.332250,0.731151
0.332750,1.129283
0.333250,0.871665
0.333750,0.974962
0.334250,0.836070
0.334750,0.820429
0.335250,0.744455
0.335750,0.729715
0.336250,0.920365
0.336750,0.867185
0.337250,1.055829
0.337750,0.900759
0.338250,1.087436
0.338750,1.173898
0.339250,1.116740
0.339750,1.222077
0.340250,1.006960
0.340750,1.034643
0.341250,1.058902
0.341750,1.339191
0.342250,1.309583
0.342750,1.265720
0.343250,1.220325
0.343750,1.115060
0.344250,0.986491
0.344750,1.032493
0.345250,0.985645
0.345750,1.249090
0.346250,1.455646
0.346750,1.399743
0.347250,1.590855
0.347750,1.297323
0.348250,1.158947
0.348750,1.170956
0.349250,1.122393
0.349750,0.846563
0.350250,0.920275
0.350750,1.231380
0.351250,1.362290
0.351750,1.557246
0.352250,1.082380
0.352750,1.023782
0.353250,1.344619
0.353750,1.566038
0.354250,0.830778
0.354750,1.332858
0.355250,1.591967
0.355750,1.636761
0.356250,1.506337
0.356750,1.449338
0.357250,1.549376
0.357750,1.687063
0.358250,1.450575
0.358750,1.381575
0.359250,1.173496
0.359750,1.251615
0.360250,1.237724
0.360750,1.533745
0.361250,1.402061
0.361750,1.556865
0.362250,1.096807
0.362750,1.262058
0.363250,1.211649
0.363750,1.082497
0.364250,1.453759
0.364750,1.196596
0.365250,1.676616
0.365750,1.540632
0.366250,1.498515
0.366750,1.282083
0.367250,1.475539
0.367750,1.641717
0.368250,1.177222
0.368750,0.917080
0.369250,1.391369
0.369750,1.290271
0.370250,1.452838
0.370750,1.367466
0.371250,0.987117
0.371750,1.205745
0.372250,1.422571
0.372750,1.371209
0.373250,1.537604
0.373750,1.375222
0.374250,1.671730
0.374750,1.420726
0.375250,1.801565
0.375750,1.509585
0.376250,1.541200
0.376750,1.617417
0.377250,1.451769
0.377750,1.279347
0.378250,1.278629
0.378750,1.714654
0.379250,1.547500
0.379750,1.657677
0.380250,1.653250
0.380750,1.396782
0.381250,1.595723
0.381750,1.718736
0.382250,1.428224
0.382750,1.411809
0.383250,1.547533
0.383750,2.087910
0.384250,1.831694
0.384750,1.991394
0.385250,1.799534
0.385750,1.626295
0.386250,1.685655
0.386750,1.691646
0.387250,1.395925
0.387750,1.699656
0.388250,1.559051
0.388750,1.424802
0.389250,1.783987
0.389750,1.543133
0.390250,1.874628
0.390750,1.680814
0.391250,1.508277
0.391750,1.613694
0.392250,1.512312
0.392750,1.693094
0.393250,1.642704
0.393750,1.646211
0.394250,2.038980
0.394750,1.970735
0.395250,2.001398
0.395750,1.696333
0.396250,1.671700
0.396750,1.650983
0.397250,1.613006
0.397750,1.431109
0.398250,1.720346
0.398750,1.774296
0.399250,1.889414
0.399750,1.660022
0.400250,1.746205
0.400750,1.859371
0.401250,1.862644
0.401750,1.760798
0.402250,1.590302
0.402750,1.461088
0.403250,1.772050
0.403750,1.806086
0.404250,1.497622
0.404750,1.620573
0.405250,1.532331
0.405750,1.817385
0.406250,1.676477
0.406750,1.598700
0.407250,1.173692
0.407750,1.157711
0.408250,1.509171
0.408750,1.772007
0.409250,1.713839
0.409750,1.360328
0.410250,1.498293
0.410750,1.845945
0.411250,1.576157
0.411750,1.674013
0.412250,1.378688
0.412750,1.824762
0.413250,1.771474
0.413750,2.277804
0.414250,2.211603
0.414750,2.220390
0.415250,2.048693
0.415750,1.868900
0.416250,1.908345
0.416750,2.118458
0.417250,1.990815
0.417750,2.039207
0.418250,1.796097
0.418750,1.873070
0.419250,1.950629
0.419750,1.983039
0.420250,1.659705
0.420750,1.898138
0.421250,1.815679
0.421750,1.831281
0.422250,1.701060
0.422750,1.667010
0.423250,1.612596
0.423750,2.106737
0.424250,1.736048
0.424750,2.032072
0.425250,1.937325
0.425750,1.798597
0.426250,2.094808
0.426750,1.711426
0.427250,1.770299
0.427750,1.626719
0.428250,1.533865
0.428750,1.672418
0.429250,1.660150
0.429750,1.761455
0.430250,1.612258
0.430750,1.946815
0.431250,1.836962
0.431750,1.931951
0.432250,1.763024
0.432750,1.776483
0.433250,1.816271
0.433750,1.845813
0.434250,1.905318
0.434750,2.140153
0.435250,1.990373
0.435750,1.810559
0.436250,1.863802
0.436750,1.946448
0.437250,1.551699
0.437750,1.453286
0.438250,1.715551
0.438750,1.441728
0.439250,1.706747
0.439750,2.221095
0.440250,1.908313
0.440750,1.893659
0.441250,2.056383
0.441750,2.091144
0.442250,1.831577
0.442750,2.037780
0.443250,1.509904
0.443750,1.930665
0.444250,1.788464
0.444750,1.923315
0.445250,1.959498
0.445750,2.100206
0.446250,1.752520
0.446750,2.013412
0.447250,1.741359
0.447750,1.540481
0.448250,1.841887
0.448750,1.504786
0.449250,1.648353
0.449750,1.626865
0.450250,1.823813
0.450750,2.064591
0.451250,1.407639
0.451750,1.535940
0.452250,1.851473
0.452750,1.722793
0.453250,1.855305
0.453750,1.588752
0.454250,1.944895
0.454750,2.263086
0.455250,2.379280
0.455750,2.175892
0.456250,2.096854
0.456750,1.988178
0.457250,1.891188
0.457750,2.468163
0.458250,1.692943
0.458750,1.608690
0.459250,1.701472
0.459750,1.806257
0.460250,2.102835
0.460750,2.423595
0.461250,1.808196
0.461750,2.034072
0.462250,1.948847
0.462750,1.887209
0.463250,2.406198
0.463750,1.723892
0.464250,1.608820
0.464750,1.835870
0.465250,2.056181
0.465750,2.239170
0.466250,1.947487
0.466750,1.718779
0.467250,1.881765
0.467750,1.900461
0.468250,1.945861
0.468750,1.862369
0.469250,1.660982
0.469750,1.621820
0.470250,1.735677
0.470750,1.871501
0.471250,1.941503
0.471750,1.782674
0.472250,1.348849
0.472750,1.884641
0.473250,1.716533
0.473750,1.865214
0.474250,1.889215
0.474750,1.769057
0.475250,1.500328
0.475750,1.890702
0.476250,2.251676
0.476750,2.162775
0.477250,2.261102
0.477750,2.131473
0.478250,1.699202
0.478750,1.782374
0.479250,1.725194
0.479750,1.278124
0.480250,1.579707
0.480750,1.480900
0.481250,1.717455
0.481750,2.001271
0.482250,1.864895
0.482750,1.554906
0.483250,1.646817
0.483750,1.662170
0.484250,1.652109
0.484750,1.648643
0.485250,1.506248
0.485750,1.652200
0.486250,1.598930
0.486750,1.481829
0.487250,1.952770
0.487750,1.944380
0.488250,1.721786
0.488750,1.839146
0.489250,1.648675
0.489750,1.664351
0.490250,1.743426
0.490750,1.329286
0.491250,1.507625
0.491750,1.664269
0.492250,1.154951
0.492750,1.696183
0.493250,1.798311
0.493750,1.526005
0.494250,1.709292
0.494750,1.840984
0.495250,1.647812
0.495750,1.493231
0.496250,1.638818
0.496750,1.159585
0.497250,1.503237
0.497750,1.613184
0.498250,1.946755
0.498750,2.019476
0.499250,1.764568
0.499750,1.928202
0.500250,1.753708
0.500750,2.021960
0.501250,1.811341
0.501750,1.327466
0.502250,1.281687
0.502750,1.529319
0.503250,1.415218
0.503750,1.733536
0.504250,1.723139
0.504750,1.792909
0.505250,1.747935
0.505750,2.046397
0.506250,2.142376
0.506750,1.703219
0.507250,1.767657
0.507750,1.509508
0.508250,1.731505
0.508750,1.520554
0.509250,2.271534
0.509750,1.795004
0.510250,1.825696
0.510750,1.970873
0.511250,1.732269
0.511750,1.991617
0.512250,1.703620
0.512750,1.558876
0.513250,1.259018
0.513750,1.533408
0.514250,1.676880
0.514750,1.678718
0.515250,1.727056
0.515750,1.659205
0.516250,1.926970
0.516750,1.462639
0.517250,1.389320
0.517750,1.704922
0.518250,1.793247
0.518750,1.168765
0.519250,1.543875
0.519750,1.775067
0.520250,1.994621
0.520750,1.930073
0.521250,1.864173
0.521750,1.590021
0.522250,1.869803
0.522750,1.950738
0.523250,1.902020
0.523750,1.946244
0.524250,1.465089
0.524750,1.748173
0.525250,1.600857
0.525750,1.706052
0.526250,1.767970
0.526750,1.860453
0.527250,1.748355
0.527750,1.513871
0.528250,1.585236
0.528750,1.269048
0.529250,1.417990
0.529750,1.040128
0.530250,1.311867
0.530750,1.359905
0.531250,1.331150
0.531750,1.521853
0.532250,1.682480
0.532750,1.552653
0.533250,1.340277
0.533750,0.940926
0.534250,1.218516
0.534750,1.249940
0.535250,1.621170
0.535750,0.931517
0.536250,0.943411
0.536750,1.105128
0.537250,1.258215
0.537750,1.390577
0.538250,1.398835
0.538750,0.928480
0.539250,1.367180
0.539750,1.670910
0.540250,1.422950
0.540750,1.305372
0.541250,1.451619
0.541750,1.327441
0.542250,1.473990
0.542750,1.557033
0.543250,1.729725
0.543750,1.515124
0.544250,1.248203
0.544750,1.613229
0.545250,1.519359
0.545750,1.277845
0.546250,1.599289
0.546750,1.500709
0.547250,1.094307
0.547750,1.039087
0.548250,1.471297
0.548750,0.773228
0.549250,1.655468
0.549750,1.514240
0.550250,1.442809
0.550750,1.432157
0.551250,1.332819
0.551750,1.293576
0.552250,1.128842
0.552750,0.925431
0.553250,0.924097
0.553750,0.857344
0.554250,1.507887
0.554750,1.709369
0.555250,1.776758
0.555750,1.113976
0.556250,1.368229
0.556750,1.198475
0.557250,1.389504
0.557750,1.331481
0.558250,1.059102
0.558750,0.921657
0.559250,0.895156
0.559750,1.095573
0.560250,1.213401
0.560750,1.398188
0.561250,1.445565
0.561750,0.880678
0.562250,1.158720
0.562750,0.988924
0.563250,1.139717
0.563750,1.133410
0.564250,0.751195
0.564750,0.663379
0.565250,1.187816
0.565750,1.098265
0.566250,0.862505
0.566750,1.400107
0.567250,1.293739
0.567750,1.339990
0.568250,1.498226
0.568750,0.891206
0.569250,0.818325
0.569750,1.033822
0.570250,0.796888
0.570750,0.567618
0.571250,1.091274
0.571750,1.074491
0.572250,1.257536
0.572750,1.215860
0.573250,1.203074
0.573750,1.087804
0.574250,0.951445
0.574750,1.300179
0.575250,1.281701
0.575750,0.823993
0.576250,0.674652
0.576750,0.511848
0.577250,0.965516
0.577750,0.987139
0.578250,0.883562
0.578750,1.216765
0.579250,0.744620
0.579750,0.756191
0.580250,1.000687
0.580750,0.616690
0.581250,0.679636
0.581750,0.707354
0.582250,1.003949
0.582750,0.601421
0.583250,0.465210
0.583750,0.725913
0.584250,0.797686
0.584750,0.695136
0.585250,0.738414
0.585750,0.343524
0.586250,0.831409
0.586750,0.881114
0.587250,0.978634
0.587750,0.590221
0.588250,0.558732
0.588750,0.507384
0.589250,0.881689
0.589750,0.669031
0.590250,1.085508
0.590750,1.151161
0.591250,0.993999
0.591750,1.117580
0.592250,1.162060
0.592750,1.010481
0.593250,0.811611
0.593750,0.758592
0.594250,0.601928
0.594750,0.461260
0.595250,0.546777
0.595750,0.865376
0.596250,0.972996
0.596750,0.563908
0.597250,0.825568
0.597750,0.573994
0.598250,0.720392
0.598750,0.616072
0.599250,0.455113
0.599750,0.427082
0.600250,0.635391
0.600750,0.383674
0.601250,0.651896
0.601750,0.402503
0.602250,0.679619
0.602750,1.070877
0.603250,0.548055
0.603750,0.495110
0.604250,0.529287
0.604750,0.434884
0.605250,0.337209
0.605750,0.502343
0.606250,-0.042237
0.606750,-0.014857
0.607250,-0.074574
0.607750,0.284311
0.608250,0.282111
0.608750,0.521142
0.609250,0.730100
0.609750,0.585948
0.610250,0.365473
0.610750,0.400839
0.611250,0.498528
0.611750,0.306115
0.612250,0.623408
0.612750,0.111744
0.613250,0.219955
0.613750,0.483177
0.614250,0.393348
0.614750,0.727681
0.615250,0.441187
0.615750,0.415057
0.616250,0.467707
0.616750,0.454182
0.617250,0.434828
0.617750,0.255250
0.618250,0.530330
0.618750,-0.006746
0.619250,0.088880
0.619750,0.157229
0.620250,0.388989
0.620750,0.386162
0.621250,0.239216
0.621750,0.223699
0.622250,-0.116751
0.622750,-0.179730
0.623250,-0.224663
0.623750,-0.334976
0.624250,0.044123
0.624750,-0.096177
0.625250,-0.483763
0.625750,-0.153225
0.626250,-0.076686
0.626750,0.048451
0.627250,0.355043
0.627750,0.096447
0.628250,0.394565
0.628750,-0.141191
0.629250,-0.132118
0.629750,0.193573
0.630250,-0.216300
0.630750,-0.165643
0.631250,-0.482262
0.631750,0.036838
0.632250,0.048494
0.632750,-0.351418
0.633250,-0.014591
0.633750,-0.107128
0.634250,-0.171739
0.634750,-0.120279
0.635250,0.168856
0.635750,-0.051249
0.636250,0.171129
0.636750,-0.159244
0.637250,-0.280353
0.637750,-0.661443
0.638250,-0.032769
0.638750,0.380257
0.639250,0.317653
0.639750,0.486853
0.640250,0.410271
0.640750,-0.195779
0.641250,0.215417
0.641750,-0.296849
0.642250,-0.173188
0.642750,-0.299829
0.643250,-0.246459
0.643750,-0.434753
0.644250,-0.097847
0.644750,-0.180681
0.645250,-0.555990
0.645750,0.126900
0.646250,-0.100835
0.646750,0.070655
0.647250,-0.050701
0.647750,-0.248228
0.648250,-0.115434
0.648750,0.224386
0.649250,0.007630
0.649750,-0.835581
0.650250,-0.431938
0.650750,-0.220916
0.651250,-0.220921
0.651750,-0.272413
0.652250,-0.072350
0.652750,0.061482
0.653250,-0.303778
0.653750,-0.596637
0.654250,-0.121316
0.654750,-0.262223
0.655250,-0.451441
0.655750,-0.432810
0.656250,-0.341122
0.656750,-0.721749
0.657250,-0.407124
0.657750,-0.640788
0.658250,-0.243345
0.658750,-0.698362
0.659250,-0.672241
0.659750,-0.447080
0.660250,-0.493724
0.660750,-0.504686
0.661250,0.259939
0.661750,-0.276417
0.662250,-0.740221
0.662750,-0.458975
0.663250,-0.565720
0.663750,-0.129094
0.664250,-0.264269
0.664750,-0.008967
0.665250,0.067646
0.665750,-0.313355
0.666250,-0.242459
0.666750,-0.332047
0.667250,-0.181919
0.667750,-0.228005
0.668250,-0.689383
0.668750,-1.108689
0.669250,-0.648058
0.669750,-0.633885
0.670250,-0.568991
0.670750,-0.546770
0.671250,-0.438510
0.671750,-0.808677
0.672250,-0.513482
0.672750,-0.505851
0.673250,-0.733577
0.673750,-0.653249
0.674250,-0.750889
0.674750,-0.776149
0.675250,-0.906492
0.675750,-0.858157
0.676250,-0.423927
0.676750,-0.281906
0.677250,-0.149524
0.677750,-0.457628
0.678250,-0.553387
0.678750,-0.601351
0.679250,-1.155209
0.679750,-0.944962
0.680250,-0.838392
0.680750,-1.144913
0.681250,-1.108359
0.681750,-1.487182
0.682250,-1.361693
0.682750,-1.234140
0.683250,-0.948038
0.683750,-0.599570
0.684250,-0.537806
0.684750,-0.836069
0.685250,-0.859571
0.685750,-0.735465
0.686250,-0.789204
0.686750,-0.914821
0.687250,-0.987202
0.687750,-0.804925
0.688250,-1.063238
0.688750,-0.831285
0.689250,-0.834659
0.689750,-1.147956
0.690250,-0.901360
0.690750,-0.432547
0.691250,-0.724873
0.691750,-0.610710
0.692250,-0.824428
0.692750,-1.011004
0.693250,-1.004140
0.693750,-0.773573
0.694250,-0.817099
0.694750,-1.183249
0.695250,-1.137635
0.695750,-0.910254
0.696250,-0.997850
0.696750,-0.288592
0.697250,-0.407300
0.697750,-1.064579
0.698250,-0.998608
0.698750,-0.757784
0.699250,-1.054683
0.699750,-1.205935
0.700250,-0.850525
0.700750,-1.130472
0.701250,-1.147499
0.701750,-0.630844
0.702250,-0.617949
0.702750,-0.786541
0.703250,-0.552191
0.703750,-0.584250
0.704250,-0.664626
0.704750,-1.141668
0.705250,-1.087667
0.705750,-0.979434
0.706250,-0.774778
0.706750,-0.850092
0.707250,-1.129536
0.707750,-1.238577
0.708250,-1.262458
0.708750,-1.271164
0.709250,-0.965040
0.709750,-1.014533
0.710250,-0.954466
0.710750,-0.777714
0.711250,-0.883742
0.711750,-0.993490
0.712250,-0.758985
0.712750,-0.722946
0.713250,-1.039614
0.713750,-1.377158
0.714250,-0.902639
0.714750,-0.775845
0.715250,-1.393566
0.715750,-1.476360
0.716250,-0.453163
0.716750,-0.624973
0.717250,-0.847656
0.717750,-0.951165
0.718250,-0.613684
0.718750,-0.803496
0.719250,-1.158324
0.719750,-1.244540
0.720250,-1.189703
0.720750,-1.346857
0.721250,-1.341622
0.721750,-1.268499
0.722250,-1.250183
0.722750,-1.359884
0.723250,-1.102675
0.723750,-1.272219
0.724250,-1.181729
0.724750,-1.483132
0.725250,-1.165345
0.725750,-1.372908
0.726250,-1.364658
0.726750,-1.132716
0.727250,-1.623960
0.727750,-1.662472
0.728250,-1.468216
0.728750,-1.630153
0.729250,-1.416192
0.729750,-1.053559
0.730250,-1.398766
0.730750,-1.147456
0.731250,-1.326607
0.731750,-1.235065
0.732250,-1.097238
0.732750,-1.362610
0.733250,-1.331354
0.733750,-2.023979
0.734250,-1.900585
0.734750,-1.752482
0.735250,-2.016362
0.735750,-1.926700
0.736250,-1.535225
0.736750,-1.348132
0.737250,-1.346859
0.737750,-1.597185
0.738250,-1.221390
0.738750,-1.989753
0.739250,-1.741099
0.739750,-1.238416
0.740250,-1.371398
0.740750,-1.992887
0.741250,-2.044016
0.741750,-1.438004
0.742250,-1.803991
0.742750,-1.230467
0.743250,-1.019793
0.743750,-1.590115
0.744250,-1.124284
0.744750,-1.506750
0.745250,-1.277689
0.745750,-1.129977
0.746250,-0.841718
0.746750,-1.275167
0.747250,-1.498485
0.747750,-1.434919
0.748250,-1.480330
0.748750,-1.533957
0.749250,-1.581853
0.749750,-1.168912
0.750250,-0.958406
0.750750,-1.454703
0.751250,-1.894444
0.751750,-1.094638
0.752250,-1.266845
0.752750,-1.243993
0.753250,-1.634239
0.753750,-1.450115
0.754250,-1.429972
0.754750,-1.629222
0.755250,-1.767149
0.755750,-1.326819
0.756250,-1.314688
0.756750,-1.170164
0.757250,-1.108749
0.757750,-1.525281
0.758250,-1.724527
0.758750,-1.193973
0.759250,-1.658870
0.759750,-1.468963
0.760250,-1.851210
0.760750,-2.103133
0.761250,-1.789486
0.761750,-2.117109
0.762250,-1.522013
0.762750,-1.915497
0.763250,-1.649320
0.763750,-1.484120
0.764250,-1.823089
0.764750,-1.766924
0.765250,-1.517165
0.765750,-1.524919
0.766250,-2.036834
0.766750,-1.637270
0.767250,-1.335592
0.767750,-1.797305
0.768250,-1.499028
0.768750,-1.605730
0.769250,-1.414474
0.769750,-1.514292
0.770250,-1.299426
0.770750,-0.795694
0.771250,-1.228234
0.771750,-1.758919
0.772250,-1.149146
0.772750,-1.268205
0.773250,-1.340660
0.773750,-1.675588
0.774250,-1.860225
0.774750,-2.314396
0.775250,-2.351351
0.775750,-1.745181
0.776250,-1.849915
0.776750,-1.523122
0.777250,-1.671243
0.777750,-1.707922
0.778250,-1.225046
0.778750,-1.821647
0.779250,-1.625720
0.779750,-2.016957
0.780250,-1.980180
0.780750,-1.940084
0.781250,-2.182824
0.781750,-2.147066
0.782250,-2.375309
0.782750,-2.007896
0.783250,-1.859659
0.783750,-1.826452
0.784250,-1.556088
0.784750,-2.063919
0.785250,-1.581774
0.785750,-2.080904
0.786250,-2.097379
0.786750,-2.186647
0.787250,-2.056119
0.787750,-2.203152
0.788250,-1.858606
0.788750,-2.593755
0.789250,-2.407860
0.789750,-2.338192
0.790250,-2.147956
0.790750,-2.131053
0.791250,-1.730094
0.791750,-2.230874
0.792250,-2.408858
0.792750,-2.063117
0.793250,-2.090170
0.793750,-2.060147
0.794250,-1.560001
0.794750,-2.019546
0.795250,-1.903584
0.795750,-1.938024
0.796250,-2.000994
0.796750,-1.904581
0.797250,-1.573330
0.797750,-1.270332
0.798250,-1.875179
0.798750,-1.780831
0.799250,-1.782161
0.799750,-2.051732
0.800250,-1.890401
0.800750,-2.198929
0.801250,-1.885652
0.801750,-2.167520
0.802250,-2.038777
0.802750,-2.201775
0.803250,-1.868543
0.803750,-2.013171
0.804250,-1.904312
0.804750,-2.028012
0.805250,-1.636401
0.805750,-1.530480
0.806250,-2.379750
0.806750,-1.846796
0.807250,-1.530430
0.807750,-1.664915
0.808250,-1.723524
0.808750,-1.589890
0.809250,-1.855481
0.809750,-2.260641
0.810250,-1.959930
0.810750,-2.093483
0.811250,-1.697186
0.811750,-1.458670
0.812250,-1.337535
0.812750,-1.583722
0.813250,-1.731606
0.813750,-1.638766
0.814250,-2.039869
0.814750,-1.910503
0.815250,-1.745958
0.815750,-1.928654
0.816250,-2.086469
0.816750,-2.582742
0.817250,-2.553956
0.817750,-2.142096
0.818250,-1.714831
0.818750,-2.443908
0.819250,-1.824321
0.819750,-1.813810
0.820250,-1.844603
0.820750,-1.814504
0.821250,-2.065033
0.821750,-2.093437
0.822250,-2.289350
0.822750,-1.814842
0.823250,-1.761581
0.823750,-1.953045
0.824250,-2.195569
0.824750,-2.044750
0.825250,-2.402333
0.825750,-1.818269
0.826250,-1.278916
0.826750,-1.505296
0.827250,-1.893874
0.827750,-1.945502
0.828250,-1.349607
0.828750,-1.797881
0.829250,-1.811344
0.829750,-1.614959
0.830250,-1.527797
0.830750,-2.118724
0.831250,-1.981594
0.831750,-2.049417
0.832250,-2.029917
0.832750,-2.148880
0.833250,-2.125932
0.833750,-1.811382
0.834250,-1.670706
0.834750,-1.556265
0.835250,-1.753470
0.835750,-2.109685
0.836250,-2.002634
0.836750,-1.906801
0.837250,-1.840214
0.837750,-2.258835
0.838250,-2.179150
0.838750,-1.954856
0.839250,-2.020349
0.839750,-2.427199
0.840250,-1.666804
0.840750,-1.593322
0.841250,-1.829744
0.841750,-2.356268
0.842250,-1.756383
0.842750,-1.976873
0.843250,-2.189423
0.843750,-2.047339
0.844250,-1.784767
0.844750,-2.682055
0.845250,-2.575339
0.845750,-2.503518
0.846250,-2.407393
0.846750,-2.165988
0.847250,-2.061010
0.847750,-2.167258
0.848250,-1.634420
0.848750,-2.339524
0.849250,-2.348091
0.849750,-1.861364
0.850250,-1.570797
0.850750,-1.897310
0.851250,-2.143497
0.851750,-2.065712
0.852250,-2.093045
0.852750,-2.349717
0.853250,-2.000720
0.853750,-1.738926
0.854250,-1.743811
0.854750,-1.710457
0.855250,-1.756458
0.855750,-1.267232
0.856250,-1.848320
0.856750,-1.703521
0.857250,-1.835371
0.857750,-2.034072
0.858250,-1.682130
0.858750,-2.066677
0.859250,-2.117372
0.859750,-2.320436
0.860250,-2.150452
0.860750,-1.494165
0.861250,-2.008119
0.861750,-1.935663
0.862250,-1.599371
0.862750,-1.727782
0.863250,-1.252709
0.863750,-1.618553
0.864250,-1.958766
0.864750,-1.859998
0.865250,-1.696193
0.865750,-1.574831
0.866250,-1.874277
0.866750,-2.391986
0.867250,-2.138402
0.867750,-1.765875
0.868250,-1.807864
0.868750,-1.428185
0.869250,-1.638489
0.869750,-1.867829
0.870250,-1.565112
0.870750,-1.582912
0.871250,-1.885290
0.871750,-1.256476
0.872250,-1.749574
0.872750,-1.789031
0.873250,-2.067711
0.873750,-2.287623
0.874250,-2.504037
0.874750,-2.034440
0.875250,-2.417857
0.875750,-2.305127
0.876250,-1.634102
0.876750,-2.006733
0.877250,-1.562917
0.877750,-2.428401
0.878250,-1.670308
0.878750,-1.886705
0.879250,-1.783281
0.879750,-1.947685
0.880250,-1.983397
0.880750,-1.829780
0.881250,-1.903707
0.881750,-2.164062
0.882250,-2.467096
0.882750,-2.165506
0.883250,-1.655015
0.883750,-1.625881
0.884250,-1.437298
0.884750,-1.645565
0.885250,-1.948224
0.885750,-1.694442
0.886250,-1.783298
0.886750,-2.223922
0.887250,-1.775524
0.887750,-2.015240
0.888250,-2.047295
0.888750,-2.074633
0.889250,-2.016651
0.889750,-2.660997
0.890250,-1.991596
0.890750,-1.770541
0.891250,-1.620413
0.891750,-1.746818
0.892250,-1.483154
0.892750,-1.818038
0.893250,-1.552007
0.893750,-1.648446
0.894250,-1.538092
0.894750,-1.602847
0.895250,-1.848539
0.895750,-1.886981
0.896250,-1.604233
0.896750,-1.844278
0.897250,-1.688581
0.897750,-1.633813
0.898250,-1.535441
0.898750,-1.215018
0.899250,-1.520969
0.899750,-1.862836
0.900250,-1.923744
0.900750,-1.543783
0.901250,-2.398446
0.901750,-1.868698
0.902250,-1.361266
0.902750,-1.837154
0.903250,-2.040507
0.903750,-2.151651
0.904250,-2.343286
0.904750,-1.958259
0.905250,-1.784050
0.905750,-1.802334
0.906250,-1.701336
0.906750,-1.531062
0.907250,-1.541813
0.907750,-1.989762
0.908250,-1.196415
0.908750,-1.429702
0.909250,-2.099021
0.909750,-1.476525
0.910250,-1.826052
0.910750,-1.708709
0.911250,-2.022606
0.911750,-2.056198
0.912250,-1.899524
0.912750,-1.539019
0.913250,-1.993624
0.913750,-1.052545
0.914250,-1.046536
0.914750,-1.490395
0.915250,-1.855052
0.915750,-1.545076
0.916250,-1.275639
0.916750,-1.624868
0.917250,-1.497027
0.917750,-1.530666
0.918250,-1.903898
0.918750,-1.719355
0.919250,-2.119674
0.919750,-1.774922
0.920250,-1.495968
0.920750,-1.343517
0.921250,-1.322229
0.921750,-1.823604
0.922250,-1.302418
0.922750,-1.319244
0.923250,-1.314728
0.923750,-1.693645
0.924250,-1.016385
0.924750,-1.550362
0.925250,-1.716967
0.925750,-1.386871
0.926250,-1.960144
0.926750,-1.625493
0.927250,-1.865804
0.927750,-1.454549
0.928250,-1.879121
0.928750,-1.199858
0.929250,-1.340954
0.929750,-1.483214
0.930250,-1.257975
0.930750,-1.404515
0.931250,-1.489565
0.931750,-1.230032
0.932250,-1.628271
0.932750,-1.494788
0.933250,-1.675518
0.933750,-2.064658
0.934250,-1.816406
0.934750,-1.672205
0.935250,-1.391313
0.935750,-1.624105
0.936250,-1.643031
0.936750,-1.376667
0.937250,-1.657346
0.937750,-1.680393
0.938250,-1.695941
0.938750,-1.333030
0.939250,-1.681825
0.939750,-1.659561
0.940250,-1.474191
0.940750,-1.751380
0.941250,-1.547387
0.941750,-1.369737
0.942250,-1.460754
0.942750,-1.162469
0.943250,-1.363108
0.943750,-1.094043
0.944250,-1.260484
0.944750,-1.207197
0.945250,-1.500040
0.945750,-1.255422
0.946250,-1.551613
0.946750,-0.849577
0.947250,-1.083630
0.947750,-1.257112
0.948250,-1.427909
0.948750,-1.052113
0.949250,-1.757499
0.949750,-1.903791
0.950250,-1.541390
0.950750,-1.370602
0.951250,-1.240193
0.951750,-1.510556
0.952250,-0.924117
0.952750,-1.544873
0.953250,-1.376152
0.953750,-1.246363
0.954250,-1.614408
0.954750,-1.342580
0.955250,-1.462629
0.955750,-1.308767
0.956250,-2.007632
0.956750,-1.555089
0.957250,-1.303516
0.957750,-1.722196
0.958250,-0.885688
0.958750,-1.064605
0.959250,-1.387846
0.959750,-1.046810
0.960250,-1.076156
0.960750,-1.313197
0.961250,-1.102187
0.961750,-0.974462
0.962250,-1.308756
0.962750,-1.225946
0.963250,-1.235385
0.963750,-1.557373
0.964250,-2.410257
0.964750,-1.290452
0.965250,-1.812851
0.965750,-1.312276
0.966250,-1.253598
0.966750,-0.942924
0.967250,-1.385879
0.967750,-1.251966
0.968250,-1.293772
0.968750,-1.511520
0.969250,-1.151783
0.969750,-1.503160
0.970250,-1.159553
0.970750,-1.440761
0.971250,-1.408750
0.971750,-1.854179
0.972250,-1.795328
0.972750,-1.518359
0.973250,-1.900835
0.973750,-1.417194
0.974250,-1.170633
0.974750,-1.078196
0.975250,-0.944841
0.975750,-1.353863
0.976250,-1.220058
0.976750,-0.857434
0.977250,-1.230429
0.977750,-0.835014
0.978250,-1.673406
0.978750,-1.248649
0.979250,-1.162721
0.979750,-1.180583
0.980250,-1.147870
0.980750,-1.320331
0.981250,-1.061534
0.981750,-0.607128
0.982250,-0.490285
0.982750,-0.950268
0.983250,-0.857606
0.983750,-0.938219
0.984250,-0.665347
0.984750,-0.668785
0.985250,-1.032162
0.985750,-1.023369
0.986250,-0.493016
0.986750,-0.848802
0.987250,-0.814684
0.987750,-0.771557
0.988250,-0.963676
0.988750,-1.202462
0.989250,-0.998332
0.989750,-0.067428
0.990250,-0.235657
0.990750,-0.449117
0.991250,-1.194939
0.991750,-1.034074
0.992250,-1.091920
0.992750,-1.117049
0.993250,-0.819617
0.993750,-0.975822
0.994250,-1.339615
0.994750,-1.261788
0.995250,-1.218884
0.995750,-0.881156
0.996250,-1.147633
0.996750,-0.915949
0.997250,-0.687153
0.997750,-1.021303
0.998250,-1.145541
0.998750,-1.255245
0.999250,-0.802479
0.999750,-1.029817
