0.000250,0.002765
0.000750,0.002161
0.001250,0.002235
0.001750,-0.018486
0.002250,-0.016167
0.002750,0.041117
0.003250,0.112686
0.003750,0.110234
0.004250,0.098756
0.004750,0.037984
0.005250,0.160304
0.005750,0.164014
0.006250,0.125357
0.006750,0.274103
0.007250,0.324165
0.007750,0.135169
0.008250,0.310963
0.008750,0.281959
0.009250,0.343868
0.009750,0.333142
0.010250,0.447892
0.010750,0.351188
0.011250,0.299005
0.011750,0.382526
0.012250,0.360370
0.012750,0.615001
0.013250,0.668311
0.013750,0.511945
0.014250,0.766232
0.014750,0.537853
0.015250,0.392230
0.015750,0.573742
0.016250,0.650189
0.016750,0.614708
0.017250,0.614389
0.017750,0.657488
0.018250,0.575861
0.018750,0.787710
0.019250,0.412770
0.019750,0.733026
0.020250,0.646110
0.020750,1.049787
0.021250,0.583929
0.021750,0.743670
0.022250,0.856154
0.022750,0.800103
0.023250,0.944571
0.023750,0.821948
0.024250,0.990971
0.024750,0.745421
0.025250,0.871465
0.025750,0.919077
0.026250,0.824389
0.026750,0.775060
0.027250,0.791599
0.027750,0.828838
0.028250,0.948703
0.028750,0.847858
0.029250,0.779353
0.029750,1.097098
0.030250,1.101751
0.030750,1.153116
0.031250,1.102250
0.031750,1.159215
0.032250,1.172966
0.032750,1.072058
0.033250,1.021863
0.033750,1.537717
0.034250,1.133090
0.034750,1.103076
0.035250,1.023270
0.035750,1.008537
0.036250,1.266471
0.036750,1.091499
0.037250,1.029606
0.037750,1.151166
0.038250,1.031532
0.038750,1.343972
0.039250,1.287656
0.039750,1.145534
0.040250,0.959729
0.040750,0.952905
0.041250,1.001516
0.041750,1.138376
0.042250,1.218117
0.042750,1.415478
0.043250,1.245020
0.043750,1.115107
0.044250,1.201131
0.044750,1.027107
0.045250,1.214222
0.045750,1.254118
0.046250,1.174140
0.046750,1.099716
0.047250,1.210895
0.047750,1.119059
0.048250,1.234220
0.048750,1.216630
0.049250,1.140444
0.049750,1.272824
0.050250,1.027748
0.050750,1.458688
0.051250,1.158864
0.051750,0.890575
0.052250,0.897864
0.052750,1.228279
0.053250,1.461724
0.053750,1.120978
0.054250,0.843417
0.054750,0.897388
0.055250,1.050314
0.055750,0.956652
0.056250,1.398202
0.056750,1.353912
0.057250,1.277957
0.057750,0.969576
0.058250,1.388632
0.058750,1.336311
0.059250,1.073455
0.059750,1.082864
0.060250,1.355253
0.060750,1.363246
0.061250,1.136654
0.061750,1.221134
0.062250,1.217386
0.062750,1.143732
0.063250,0.954977
0.063750,1.034474
0.064250,0.906124
0.064750,1.381418
0.065250,1.205303
0.065750,0.871884
0.066250,1.188487
0.066750,0.957662
0.067250,1.031200
0.067750,1.389654
0.068250,1.022922
0.068750,1.356740
0.069250,1.002121
0.069750,0.953980
0.070250,1.295696
0.070750,0.939643
0.071250,0.959091
0.071750,1.215074
0.072250,1.345595
0.072750,1.388038
0.073250,0.766335
0.073750,0.818265
0.074250,0.975378
0.074750,1.206462
0.075250,1.097669
0.075750,0.925524
0.076250,1.059329
0.076750,1.151720
0.077250,1.090199
0.077750,0.668900
0.078250,0.694312
0.078750,0.958966
0.079250,0.820720
0.079750,0.749886
0.080250,0.775472
0.080750,1.142658
0.081250,1.224127
0.081750,0.807014
0.082250,0.623765
0.082750,1.222491
0.083250,1.498188
0.083750,1.216787
0.084250,0.645464
0.084750,0.766104
0.085250,1.074013
0.085750,0.833484
0.086250,0.651575
0.086750,0.545266
0.087250,0.515065
0.087750,0.483567
0.088250,0.328478
0.088750,0.572851
0.089250,0.756167
0.089750,0.803468
0.090250,1.064357
0.090750,1.038486
0.091250,0.402002
0.091750,1.022665
0.092250,1.117143
0.092750,1.031150
0.093250,0.991039
0.093750,0.637095
0.094250,0.555705
0.094750,0.955615
0.095250,0.938463
0.095750,0.738468
0.096250,0.663286
0.096750,0.442626
0.097250,0.597450
0.097750,0.821175
0.098250,1.158336
0.098750,1.123631
0.099250,1.148623
0.099750,0.926496
0.100250,0.733336
0.100750,0.331571
0.101250,0.465887
0.101750,0.131313
0.102250,0.312962
0.102750,0.074397
0.103250,0.263487
0.103750,0.045527
0.104250,0.637657
0.104750,0.613172
0.105250,0.492970
0.105750,0.236556
0.106250,0.189987
0.106750,0.688703
0.107250,0.374704
0.107750,0.961548
0.108250,0.493775
0.108750,0.630882
0.109250,0.896099
0.109750,0.840328
0.110250,0.825164
0.110750,-0.023032
0.111250,0.414991
0.111750,0.941671
0.112250,0.532993
0.112750,1.043057
0.113250,0.550262
0.113750,0.375820
0.114250,-0.036127
0.114750,0.731428
0.115250,0.531472
0.115750,0.330540
0.116250,0.458229
0.116750,-0.216379
0.117250,-0.116799
0.117750,-0.014375
0.118250,0.311243
0.118750,0.216324
0.119250,0.181288
0.119750,0.150362
0.120250,1.132512
0.120750,0.700641
0.121250,0.604207
0.121750,0.142925
0.122250,0.028779
0.122750,0.696850
0.123250,0.551322
0.123750,-0.186110
0.124250,0.880401
0.124750,0.698057
0.125250,0.325104
0.125750,0.194441
0.126250,0.048861
0.126750,-0.024041
0.127250,0.146505
0.127750,0.324849
0.128250,0.183496
0.128750,0.320494
0.129250,0.303051
0.129750,-0.326356
0.130250,-0.016703
0.130750,0.662621
0.131250,0.091184
0.131750,0.409778
0.132250,0.110003
0.132750,0.301569
0.133250,0.247909
0.133750,0.839383
0.134250,0.367184
0.134750,0.718676
0.135250,0.373796
0.135750,0.204452
0.136250,0.021700
0.136750,-0.090004
0.137250,0.364049
0.137750,0.453501
0.138250,0.249295
0.138750,-0.684300
0.139250,-0.883668
0.139750,0.282182
0.140250,0.186082
0.140750,0.054781
0.141250,-0.180748
0.141750,0.422787
0.142250,-0.307998
0.142750,0.193824
0.143250,0.389738
0.143750,-0.099818
0.144250,-0.374501
0.144750,-0.037860
0.145250,0.358753
0.145750,-0.078598
0.146250,0.059337
0.146750,0.693043
0.147250,0.037314
0.147750,-0.034993
0.148250,0.247712
0.148750,-0.573096
0.149250,-0.071880
0.149750,-0.334862
0.150250,0.009083
0.150750,-0.730507
0.151250,-0.239732
0.151750,0.255574
0.152250,-0.369303
0.152750,-0.193442
0.153250,-0.318917
0.153750,-0.670790
0.154250,-0.238633
0.154750,-0.057757
0.155250,0.056873
0.155750,-0.389876
0.156250,-0.641578
0.156750,0.053334
0.157250,-0.646606
0.157750,-0.151320
0.158250,-0.175431
0.158750,0.289270
0.159250,-0.356338
0.159750,-0.448333
0.160250,0.018621
0.160750,-0.288979
0.161250,0.172463
0.161750,-0.512444
0.162250,-0.044669
0.162750,-0.185301
0.163250,-0.689300
0.163750,-0.398575
0.164250,0.073606
0.164750,-0.196495
0.165250,-0.293296
0.165750,0.009714
0.166250,-0.624136
0.166750,-0.316233
0.167250,-0.181596
0.167750,0.173963
0.168250,0.053028
0.168750,-0.217223
0.169250,-0.571288
0.169750,-0.480780
0.170250,-0.643999
0.170750,-0.143356
0.171250,-0.190328
0.171750,-0.331010
0.172250,-0.502329
0.172750,-0.554516
0.173250,-0.309956
0.173750,-0.215074
0.174250,-0.382560
0.174750,-0.532856
0.175250,-0.258950
0.175750,-0.452353
0.176250,-0.347389
0.176750,-0.298587
0.177250,0.166863
0.177750,0.574352
0.178250,0.475161
0.178750,-0.233554
0.179250,-0.166015
0.179750,-0.222812
0.180250,0.096985
0.180750,-0.265575
0.181250,-0.461494
0.181750,-0.116155
0.182250,-0.042940
0.182750,-0.429570
0.183250,0.340080
0.183750,0.471108
0.184250,-0.162083
0.184750,-0.008125
0.185250,0.074608
0.185750,-0.230045
0.186250,-0.222656
0.186750,0.351594
0.187250,0.046788
0.187750,0.259004
0.188250,0.033249
0.188750,-0.021067
0.189250,-0.295132
0.189750,-0.000604
0.190250,0.527568
0.190750,-0.175799
0.191250,-0.044113
0.191750,0.396108
0.192250,-0.583099
0.192750,-0.529874
0.193250,-0.297377
0.193750,-0.004858
0.194250,0.077040
0.194750,-0.505058
0.195250,-0.120733
0.195750,0.262932
0.196250,-0.654153
0.196750,-0.183881
0.197250,0.349411
0.197750,0.194399
0.198250,0.147250
0.198750,-0.029622
0.199250,0.179162
0.199750,-0.138175
0.200250,-0.472043
0.200750,-0.339812
0.201250,0.030353
0.201750,-0.234564
0.202250,-0.231463
0.202750,0.112803
0.203250,-0.112006
0.203750,-0.742953
0.204250,0.143371
0.204750,-0.004132
0.205250,0.180703
0.205750,-0.218201
0.206250,-0.047441
0.206750,-0.850790
0.207250,-0.443005
0.207750,0.344161
0.208250,0.074095
0.208750,-0.170155
0.209250,-0.109677
0.209750,0.463847
0.210250,-0.065054
0.210750,0.012001
0.211250,0.352008
0.211750,0.193272
0.212250,-0.067232
0.212750,0.912041
0.213250,0.393081
0.213750,-0.187441
0.214250,0.002528
0.214750,0.350826
0.215250,0.637584
0.215750,0.377427
0.216250,0.233556
0.216750,-0.214000
0.217250,-0.720488
0.217750,0.326129
0.218250,0.006718
0.218750,-0.023233
0.219250,-0.064761
0.219750,0.343731
0.220250,-0.127438
0.220750,0.439163
0.221250,-0.687396
0.221750,0.237952
0.222250,0.042700
0.222750,0.128432
0.223250,-0.581161
0.223750,0.017293
0.224250,-0.072497
0.224750,-0.246331
0.225250,-0.178598
0.225750,-0.456993
0.226250,0.360951
0.226750,0.168676
0.227250,-0.165952
0.227750,0.044570
0.228250,-0.618490
0.228750,-0.326035
0.229250,0.004320
0.229750,0.710499
0.230250,0.187388
0.230750,0.477584
0.231250,-0.344909
0.231750,0.640001
0.232250,0.154519
0.232750,-0.146605
0.233250,0.272633
0.233750,0.831980
0.234250,0.647975
0.234750,-0.279077
0.235250,0.650706
0.235750,-0.127772
0.236250,0.093258
0.236750,0.594777
0.237250,0.615372
0.237750,0.156302
0.238250,0.130752
0.238750,0.694652
0.239250,-0.048647
0.239750,0.273448
0.240250,0.219468
0.240750,-0.330118
0.241250,0.490387
0.241750,-0.046816
0.242250,0.674281
0.242750,-0.407796
0.243250,0.023141
0.243750,-0.361957
0.244250,0.722582
0.244750,0.565279
0.245250,1.097656
0.245750,-0.197243
0.246250,0.409477
0.246750,0.663369
0.247250,0.078621
0.247750,-0.091349
0.248250,0.181383
0.248750,0.493728
0.249250,0.755349
0.249750,0.458505
0.250250,1.090309
0.250750,-0.219117
0.251250,0.522958
0.251750,0.464924
0.252250,0.477852
0.252750,0.884525
0.253250,0.375995
0.253750,0.947302
0.254250,0.571243
0.254750,0.459368
0.255250,0.920361
0.255750,-0.336766
0.256250,0.457350
0.256750,1.754666
0.257250,0.831641
0.257750,0.042889
0.258250,0.128678
0.258750,-0.484096
0.259250,0.566612
0.259750,-0.053008
0.260250,0.097984
0.260750,0.464340
0.261250,-0.728055
0.261750,0.924134
0.262250,0.015480
0.262750,-0.286325
0.263250,-0.290822
0.263750,-0.096463
0.264250,0.062471
0.264750,0.507915
0.265250,-0.234887
0.265750,0.428468
0.266250,-0.053790
0.266750,0.456519
0.267250,-0.302786
0.267750,0.258228
0.268250,-0.379661
0.268750,0.127742
0.269250,-0.039328
0.269750,0.114459
0.270250,0.540314
0.270750,-0.446367
0.271250,0.280694
0.271750,-0.039014
0.272250,0.994257
0.272750,0.367949
0.273250,1.005020
0.273750,0.417934
0.274250,1.037035
0.274750,0.738629
0.275250,0.613045
0.275750,-0.054271
0.276250,0.022230
0.276750,1.250541
0.277250,0.486818
0.277750,0.366068
0.278250,-0.198386
0.278750,-0.145270
0.279250,-0.424512
0.279750,0.283231
0.280250,0.162771
0.280750,0.419751
0.281250,1.072602
0.281750,1.295360
0.282250,0.600764
0.282750,0.156336
0.283250,-0.108804
0.283750,0.437594
0.284250,-0.472491
0.284750,-0.325337
0.285250,0.614551
0.285750,1.005149
0.286250,-0.167594
0.286750,-0.144486
0.287250,1.048445
0.287750,0.306401
0.288250,-0.042378
0.288750,0.296115
0.289250,0.758927
0.289750,0.303349
0.290250,0.401646
0.290750,0.747919
0.291250,0.693568
0.291750,0.302719
0.292250,-0.228878
0.292750,0.473023
0.293250,0.555454
0.293750,0.165681
0.294250,0.913639
0.294750,0.265932
0.295250,0.157537
0.295750,-0.153794
0.296250,0.375945
0.296750,-0.122245
0.297250,0.587726
0.297750,-0.243446
0.298250,0.734722
0.298750,0.678974
0.299250,0.815083
0.299750,0.971239
0.300250,0.009192
0.300750,0.794439
0.301250,0.617894
0.301750,0.190476
0.302250,0.913211
0.302750,0.639099
0.303250,1.103389
0.303750,0.325604
0.304250,1.284541
0.304750,0.448215
0.305250,-0.238101
0.305750,0.396114
0.306250,1.264033
0.306750,1.225314
0.307250,0.393068
0.307750,0.757802
0.308250,0.565461
0.308750,0.134704
0.309250,0.347789
0.309750,0.062432
0.310250,0.164450
0.310750,0.460792
0.311250,0.931240
0.311750,0.179783
0.312250,1.202811
0.312750,0.679823
0.313250,0.859104
0.313750,0.807785
0.314250,0.437930
0.314750,0.947890
0.315250,0.394156
0.315750,1.666880
0.316250,0.349092
0.316750,1.214465
0.317250,1.499640
0.317750,1.086807
0.318250,0.532810
0.318750,0.891574
0.319250,1.366877
0.319750,0.647824
0.320250,0.847484
0.320750,0.612493
0.321250,0.494255
0.321750,0.849348
0.322250,1.081875
0.322750,0.934903
0.323250,0.481783
0.323750,2.094704
0.324250,1.046950
0.324750,0.835871
0.325250,0.577717
0.325750,0.891642
0.326250,0.368377
0.326750,0.291130
0.327250,2.083877
0.327750,1.474202
0.328250,0.461836
0.328750,1.065862
0.329250,0.656458
0.329750,-0.321304
0.330250,1.136224
0.330750,0.622376
0.331250,0.557614
0.331750,0.106477
0.332250,-0.024713
0.332750,0.948366
0.333250,0.341978
0.333750,0.160446
0.334250,1.891195
0.334750,0.774198
0.335250,0.032793
0.335750,0.154614
0.336250,1.206204
0.336750,0.877602
0.337250,1.271184
0.337750,0.093017
0.338250,1.714799
0.338750,1.450084
0.339250,0.761965
0.339750,0.985016
0.340250,0.771295
0.340750,0.362341
0.341250,0.865284
0.341750,0.961717
0.342250,0.650777
0.342750,0.779864
0.343250,0.965708
0.343750,0.549257
0.344250,0.577541
0.344750,0.830630
0.345250,0.314501
0.345750,0.768933
0.346250,2.037934
0.346750,1.703757
0.347250,0.791846
0.347750,0.536674
0.348250,0.663767
0.348750,1.091811
0.349250,1.235655
0.349750,1.234922
0.350250,1.018085
0.350750,0.412070
0.351250,0.865882
0.351750,1.859626
0.352250,0.910183
0.352750,0.695947
0.353250,0.801459
0.353750,1.442891
0.354250,0.291005
0.354750,1.523038
0.355250,1.565256
0.355750,1.485472
0.356250,1.282457
0.356750,2.106206
0.357250,1.191760
0.357750,1.689738
0.358250,1.973676
0.358750,1.427148
0.359250,0.796420
0.359750,1.695491
0.360250,1.024889
0.360750,1.572783
0.361250,0.999964
0.361750,0.822233
0.362250,0.566577
0.362750,1.250366
0.363250,1.106067
0.363750,1.094605
0.364250,0.892058
0.364750,1.595140
0.365250,1.929667
0.365750,0.876132
0.366250,0.888973
0.366750,1.263631
0.367250,0.697055
0.367750,1.958026
0.368250,1.327975
0.368750,0.222988
0.369250,1.363550
0.369750,2.199344
0.370250,1.733787
0.370750,1.167221
0.371250,1.073621
0.371750,0.914039
0.372250,0.791141
0.372750,1.786737
0.373250,1.554238
0.373750,0.862776
0.374250,0.347596
0.374750,0.828025
0.375250,1.679033
0.375750,1.660222
0.376250,1.096813
0.376750,1.831888
0.377250,1.111839
0.377750,0.725423
0.378250,1.181476
0.378750,1.012733
0.379250,1.934811
0.379750,1.344610
0.380250,1.711906
0.380750,0.965318
0.381250,2.030416
0.381750,1.151371
0.382250,0.617388
0.382750,0.685362
0.383250,1.042705
0.383750,1.605390
0.384250,1.673887
0.384750,1.601215
0.385250,1.412393
0.385750,2.094216
0.386250,1.969920
0.386750,1.961262
0.387250,1.615225
0.387750,2.139599
0.388250,2.342417
0.388750,0.958399
0.389250,1.727661
0.389750,1.578165
0.390250,1.781050
0.390750,1.477536
0.391250,1.339154
0.391750,0.964422
0.392250,2.365106
0.392750,1.432721
0.393250,0.819296
0.393750,2.315434
0.394250,2.903044
0.394750,2.721134
0.395250,2.509488
0.395750,1.989932
0.396250,1.926476
0.396750,0.728988
0.397250,2.057905
0.397750,1.392272
0.398250,2.071047
0.398750,2.792192
0.399250,1.511032
0.399750,1.794986
0.400250,2.252080
0.400750,1.586448
0.401250,1.066005
0.401750,1.328283
0.402250,1.779159
0.402750,1.081399
0.403250,1.420315
0.403750,1.638553
0.404250,0.876333
0.404750,2.028387
0.405250,1.205966
0.405750,2.463599
0.406250,2.009527
0.406750,1.712324
0.407250,1.133998
0.407750,1.347321
0.408250,1.942763
0.408750,2.301282
0.409250,2.407570
0.409750,1.404924
0.410250,1.490865
0.410750,0.957256
0.411250,1.330340
0.411750,1.872102
0.412250,2.261846
0.412750,1.944156
0.413250,1.791931
0.413750,2.473153
0.414250,1.233888
0.414750,2.087239
0.415250,1.652119
0.415750,1.921929
0.416250,1.135533
0.416750,1.748508
0.417250,2.290323
0.417750,1.426506
0.418250,1.798146
0.418750,1.284662
0.419250,2.070481
0.419750,2.713908
0.420250,1.676466
0.420750,1.967924
0.421250,1.352631
0.421750,2.164282
0.422250,2.605795
0.422750,1.396032
0.423250,0.762814
0.423750,2.388113
0.424250,1.370377
0.424750,1.428977
0.425250,2.144394
0.425750,2.334744
0.426250,1.799574
0.426750,1.763735
0.427250,1.150255
0.427750,1.397369
0.428250,1.063648
0.428750,1.478746
0.429250,0.964274
0.429750,2.232525
0.430250,0.907760
0.430750,1.880136
0.431250,0.714657
0.431750,1.562069
0.432250,1.881643
0.432750,1.485160
0.433250,2.263405
0.433750,1.330242
0.434250,2.772250
0.434750,1.254584
0.435250,2.142096
0.435750,1.476326
0.436250,2.639988
0.436750,1.382614
0.437250,1.208230
0.437750,1.235743
0.438250,1.466132
0.438750,0.980431
0.439250,1.325183
0.439750,2.169992
0.440250,1.728352
0.440750,1.777658
0.441250,2.101973
0.441750,1.837478
0.442250,1.095747
0.442750,1.684859
0.443250,1.073050
0.443750,2.158504
0.444250,0.763166
0.444750,1.592875
0.445250,2.475422
0.445750,1.433041
0.446250,1.381411
0.446750,2.734131
0.447250,1.521958
0.447750,1.721798
0.448250,1.466150
0.448750,0.874415
0.449250,1.685485
0.449750,2.106099
0.450250,2.512745
0.450750,2.389858
0.451250,1.646585
0.451750,1.329591
0.452250,1.758331
0.452750,1.822204
0.453250,1.715610
0.453750,1.615128
0.454250,2.388150
0.454750,1.903689
0.455250,2.630302
0.455750,1.145388
0.456250,1.958937
0.456750,2.575289
0.457250,1.502431
0.457750,2.579926
0.458250,0.676615
0.458750,1.963209
0.459250,1.575505
0.459750,1.789775
0.460250,1.740961
0.460750,2.328800
0.461250,1.966121
0.461750,1.903232
0.462250,2.992453
0.462750,2.245555
0.463250,3.203441
0.463750,1.031537
0.464250,1.119886
0.464750,1.398147
0.465250,2.228567
0.465750,3.112384
0.466250,2.603410
0.466750,0.814931
0.467250,1.130524
0.467750,2.572102
0.468250,2.020027
0.468750,2.813381
0.469250,0.932844
0.469750,1.189014
0.470250,1.497008
0.470750,1.047585
0.471250,1.660214
0.471750,1.706750
0.472250,0.389452
0.472750,1.468163
0.473250,1.188035
0.473750,2.502305
0.474250,2.699095
0.474750,1.744097
0.475250,2.613395
0.475750,3.124311
0.476250,2.590581
0.476750,1.596813
0.477250,2.271333
0.477750,2.406128
0.478250,2.189462
0.478750,2.292056
0.479250,1.739436
0.479750,1.093932
0.480250,2.607626
0.480750,1.787846
0.481250,2.366143
0.481750,2.085276
0.482250,1.040800
0.482750,1.825040
0.483250,1.498182
0.483750,0.662270
0.484250,1.358074
0.484750,1.229456
0.485250,1.304472
0.485750,1.094853
0.486250,1.650197
0.486750,0.731545
0.487250,1.518130
0.487750,2.306010
0.488250,1.637947
0.488750,1.177561
0.489250,1.203770
0.489750,1.995581
0.490250,2.024729
0.490750,1.087330
0.491250,1.372584
0.491750,1.886435
0.492250,1.917003
0.492750,1.670699
0.493250,1.222598
0.493750,2.391722
0.494250,1.466688
0.494750,1.770316
0.495250,1.852391
0.495750,2.000542
0.496250,2.066377
0.496750,0.662423
0.497250,0.776479
0.497750,1.258319
0.498250,2.527181
0.498750,1.296420
0.499250,2.675089
0.499750,1.755983
0.500250,1.641868
0.500750,2.305194
0.501250,0.357475
0.501750,1.430631
0.502250,0.939219
0.502750,1.550429
0.503250,1.240289
0.503750,1.674171
0.504250,1.269083
0.504750,1.470460
0.505250,0.894286
0.505750,2.174307
0.506250,2.272314
0.506750,0.963037
0.507250,1.686438
0.507750,2.039605
0.508250,0.584011
0.508750,2.158790
0.509250,3.016994
0.509750,2.199512
0.510250,1.986480
0.510750,1.797715
0.511250,1.967410
0.511750,1.144864
0.512250,2.126985
0.512750,2.508872
0.513250,1.274015
0.513750,0.561355
0.514250,1.220064
0.514750,1.667568
0.515250,1.326033
0.515750,0.658145
0.516250,2.163876
0.516750,0.891220
0.517250,1.279391
0.517750,1.818440
0.518250,1.604351
0.518750,1.232123
0.519250,1.647270
0.519750,1.090062
0.520250,1.802362
0.520750,1.329755
0.521250,1.724080
0.521750,1.018934
0.522250,1.662363
0.522750,1.382779
0.523250,1.732278
0.523750,2.489084
0.524250,0.783057
0.524750,2.310759
0.525250,1.359998
0.525750,2.324054
0.526250,1.480150
0.526750,1.358358
0.527250,0.803702
0.527750,1.659418
0.528250,1.005380
0.528750,0.384675
0.529250,0.918181
0.529750,2.072832
0.530250,1.453231
0.530750,2.132363
0.531250,1.410557
0.531750,0.257742
0.532250,0.648806
0.532750,1.133247
0.533250,1.168145
0.533750,0.301870
0.534250,1.691316
0.534750,1.237558
0.535250,1.119581
0.535750,1.071220
0.536250,0.934841
0.536750,1.053540
0.537250,1.433348
0.537750,1.760547
0.538250,1.397364
0.538750,2.014054
0.539250,0.075589
0.539750,1.524328
0.540250,0.451414
0.540750,1.265909
0.541250,1.328056
0.541750,0.610161
0.542250,1.095059
0.542750,1.072835
0.543250,1.467822
0.543750,0.792308
0.544250,0.264641
0.544750,1.423804
0.545250,2.046163
0.545750,1.697618
0.546250,1.251434
0.546750,1.084979
0.547250,0.538810
0.547750,0.888541
0.548250,1.755677
0.548750,1.697063
0.549250,1.530720
0.549750,1.521061
0.550250,1.224911
0.550750,0.281454
0.551250,1.613415
0.551750,0.846488
0.552250,1.254405
0.552750,1.195784
0.553250,0.960118
0.553750,1.180531
0.554250,2.180456
0.554750,1.916860
0.555250,2.382024
0.555750,1.546452
0.556250,0.963062
0.556750,0.147676
0.557250,0.251716
0.557750,0.895224
0.558250,0.919493
0.558750,0.457372
0.559250,0.048016
0.559750,1.468033
0.560250,1.390311
0.560750,1.054154
0.561250,0.519995
0.561750,1.003979
0.562250,0.992196
0.562750,0.161931
0.563250,0.671793
0.563750,0.718673
0.564250,1.029783
0.564750,1.588600
0.565250,2.373014
0.565750,1.596449
0.566250,0.003991
0.566750,1.977414
0.567250,1.361379
0.567750,0.646755
0.568250,2.146291
0.568750,1.167985
0.569250,0.548905
0.569750,1.830809
0.570250,0.893956
0.570750,0.556661
0.571250,0.482898
0.571750,0.401632
0.572250,1.240223
0.572750,0.478583
0.573250,1.428815
0.573750,1.157037
0.574250,0.873407
0.574750,1.266836
0.575250,1.501668
0.575750,-0.538471
0.576250,0.281189
0.576750,0.383850
0.577250,0.880161
0.577750,0.983797
0.578250,1.105970
0.578750,2.064535
0.579250,0.486871
0.579750,0.103175
0.580250,0.610349
0.580750,0.849599
0.581250,-0.420933
0.581750,0.792589
0.582250,1.045515
0.582750,1.068349
0.583250,1.114606
0.583750,0.765765
0.584250,1.331569
0.584750,0.717846
0.585250,0.123949
0.585750,0.218868
0.586250,0.374989
0.586750,0.739229
0.587250,1.140176
0.587750,0.784900
0.588250,0.083973
0.588750,-0.135322
0.589250,1.478592
0.589750,0.752749
0.590250,0.906636
0.590750,0.755260
0.591250,1.652408
0.591750,1.046007
0.592250,1.676559
0.592750,1.271814
0.593250,0.803609
0.593750,0.045438
0.594250,0.584535
0.594750,0.525911
0.595250,0.372021
0.595750,0.768480
0.596250,0.993030
0.596750,0.655309
0.597250,0.539527
0.597750,0.555389
0.598250,0.664214
0.598750,0.275978
0.599250,0.017207
0.599750,0.003063
0.600250,0.097130
0.600750,-0.352103
0.601250,0.512098
0.601750,0.953981
0.602250,-0.421303
0.602750,1.185435
0.603250,0.587566
0.603750,0.957988
0.604250,1.037615
0.604750,0.892723
0.605250,-0.629004
0.605750,1.329373
0.606250,0.513702
0.606750,0.006108
0.607250,-0.199452
0.607750,0.024076
0.608250,-0.203781
0.608750,-0.023185
0.609250,0.998734
0.609750,1.207713
0.610250,-0.102605
0.610750,0.711264
0.611250,0.737709
0.611750,0.280351
0.612250,1.870267
0.612750,-1.320205
0.613250,0.959211
0.613750,-0.441674
0.614250,-0.373915
0.614750,1.039559
0.615250,-0.649844
0.615750,0.163364
0.616250,-0.654445
0.616750,-0.823785
0.617250,0.266260
0.617750,-1.096119
0.618250,-0.252673
0.618750,-0.285385
0.619250,-0.355442
0.619750,-0.266637
0.620250,0.034157
0.620750,-0.469859
0.621250,0.265312
0.621750,0.196675
0.622250,-0.204635
0.622750,0.022212
0.623250,1.013280
0.623750,-0.287849
0.624250,-0.129627
0.624750,-0.666693
0.625250,-0.655515
0.625750,-0.387155
0.626250,0.044897
0.626750,-0.349443
0.627250,0.081185
0.627750,-0.339537
0.628250,-0.726076
0.628750,0.039882
0.629250,-0.608086
0.629750,-0.435713
0.630250,-0.502650
0.630750,-0.417452
0.631250,0.008554
0.631750,-1.294038
0.632250,1.823756
0.632750,0.083265
0.633250,0.672600
0.633750,-0.089484
0.634250,0.232669
0.634750,-0.520782
0.635250,0.605486
0.635750,-0.004302
0.636250,-0.772447
0.636750,-0.351952
0.637250,0.300011
0.637750,-1.270268
0.638250,-0.354882
0.638750,1.089794
0.639250,0.581655
0.639750,0.148072
0.640250,-0.628040
0.640750,0.098215
0.641250,0.480149
0.641750,-0.513321
0.642250,-0.872573
0.642750,-0.365434
0.643250,0.411523
0.643750,0.779042
0.644250,0.218078
0.644750,-0.705036
0.645250,-0.926392
0.645750,-0.811089
0.646250,-0.661762
0.646750,-0.192596
0.647250,-0.645248
0.647750,-0.591895
0.648250,-1.216940
0.648750,-0.390937
0.649250,-0.511522
0.649750,-1.399045
0.650250,-1.531284
0.650750,-0.133637
0.651250,-0.290790
0.651750,-0.624865
0.652250,-0.205286
0.652750,1.277091
0.653250,-0.494476
0.653750,-0.800627
0.654250,0.110585
0.654750,-1.629668
0.655250,-0.628518
0.655750,-0.120507
0.656250,-0.035373
0.656750,-0.886294
0.657250,-0.499824
0.657750,-1.518430
0.658250,-1.384620
0.658750,-0.677209
0.659250,-0.585829
0.659750,-0.940577
0.660250,-0.065167
0.660750,-0.912974
0.661250,0.234876
0.661750,-0.938420
0.662250,-0.312198
0.662750,-0.435217
0.663250,-0.895624
0.663750,-0.608648
0.664250,0.331088
0.664750,0.643528
0.665250,1.066196
0.665750,-0.706290
0.666250,-0.696858
0.666750,-0.090318
0.667250,0.151526
0.667750,-0.038851
0.668250,-0.949772
0.668750,-0.458913
0.669250,-1.139974
0.669750,-0.416284
0.670250,-0.374669
0.670750,-0.015011
0.671250,-1.137643
0.671750,-0.146059
0.672250,-1.127399
0.672750,-1.299668
0.673250,-0.613008
0.673750,-0.596914
0.674250,-0.712188
0.674750,-0.395883
0.675250,-1.313888
0.675750,-0.917707
0.676250,-0.614623
0.676750,-0.589794
0.677250,-0.381038
0.677750,-1.248428
0.678250,-0.997493
0.678750,-2.770187
0.679250,-0.532498
0.679750,-2.212629
0.680250,-0.481293
0.680750,-0.443224
0.681250,-1.306755
0.681750,-1.021016
0.682250,-0.528127
0.682750,-1.970009
0.683250,0.172357
0.683750,0.116892
0.684250,-1.303570
0.684750,-0.853688
0.685250,-0.762318
0.685750,-0.274104
0.686250,-1.146972
0.686750,-0.606742
0.687250,-1.095386
0.687750,-0.604416
0.688250,-2.506144
0.688750,-2.187885
0.689250,-1.534647
0.689750,-1.108540
0.690250,-1.354105
0.690750,-0.424069
0.691250,-1.178601
0.691750,-0.527443
0.692250,0.191655
0.692750,-1.028995
0.693250,0.114655
0.693750,-1.947811
0.694250,-0.523873
0.694750,-1.205412
0.695250,-0.786681
0.695750,-1.062251
0.696250,-0.595820
0.696750,-0.479750
0.697250,-0.837015
0.697750,-1.036225
0.698250,-2.051224
0.698750,-1.082031
0.699250,-1.580787
0.699750,-0.778090
0.700250,0.312321
0.700750,0.011547
0.701250,-1.536549
0.701750,-1.188806
0.702250,-1.620311
0.702750,-1.082237
0.703250,0.183520
0.703750,-1.173220
0.704250,-1.106155
0.704750,-1.790552
0.705250,0.069370
0.705750,-0.904994
0.706250,-1.396456
0.706750,-1.576772
0.707250,-1.446878
0.707750,-1.736741
0.708250,-1.315389
0.708750,-0.918124
0.709250,-0.991592
0.709750,-0.704547
0.710250,-0.682566
0.710750,-1.829691
0.711250,-0.869061
0.711750,-0.839120
0.712250,-1.453702
0.712750,-0.006033
0.713250,-1.604336
0.713750,-2.588053
0.714250,-0.384701
0.714750,-1.010587
0.715250,-2.444033
0.715750,-1.471264
0.716250,-1.320570
0.716750,-1.117395
0.717250,-1.363792
0.717750,-2.340600
0.718250,-1.199818
0.718750,-0.768436
0.719250,-1.578263
0.719750,-1.604616
0.720250,-0.039942
0.720750,-1.892867
0.721250,-2.152667
0.721750,-1.440124
0.722250,-1.125184
0.722750,-0.724972
0.723250,-1.976785
0.723750,-1.039029
0.724250,-0.755035
0.724750,-1.099252
0.725250,-1.950399
0.725750,-2.414680
0.726250,-1.655780
0.726750,-0.948199
0.727250,-1.558935
0.727750,-2.082560
0.728250,-2.209799
0.728750,-1.584960
0.729250,-1.121185
0.729750,-1.185758
0.730250,-2.079914
0.730750,-2.390177
0.731250,-2.548437
0.731750,-0.078983
0.732250,-1.785913
0.732750,-0.333378
0.733250,-0.181288
0.733750,-1.947167
0.734250,-2.761332
0.734750,-0.881294
0.735250,-2.235913
0.735750,-1.159512
0.736250,-1.685316
0.736750,-0.817877
0.737250,-0.448501
0.737750,-1.849094
0.738250,-1.963523
0.738750,-2.662981
0.739250,-3.204620
0.739750,-2.062835
0.740250,-1.755774
0.740750,-0.890089
0.741250,-0.839242
0.741750,-1.392675
0.742250,-2.481788
0.742750,-1.380318
0.743250,-0.802688
0.743750,-1.942036
0.744250,-0.744433
0.744750,-0.458824
0.745250,-1.963292
0.745750,-2.231644
0.746250,-2.548208
0.746750,-2.869336
0.747250,-1.205637
0.747750,-1.022000
0.748250,-2.323421
0.748750,-1.421200
0.749250,-1.155602
0.749750,-0.984698
0.750250,-0.982837
0.750750,-0.857775
0.751250,-1.243222
0.751750,-0.697337
0.752250,-1.884496
0.752750,-0.976433
0.753250,-1.644569
0.753750,-0.283850
0.754250,-1.495219
0.754750,-1.869272
0.755250,-1.746437
0.755750,-2.026829
0.756250,-1.319857
0.756750,-1.998591
0.757250,-1.089842
0.757750,-0.606456
0.758250,-1.255709
0.758750,-1.411513
0.759250,-2.190055
0.759750,-1.960030
0.760250,-2.884605
0.760750,-2.007718
0.761250,-2.844069
0.761750,-1.542398
0.762250,-3.135892
0.762750,-2.579330
0.763250,-1.194383
0.763750,-1.973438
0.764250,-2.200899
0.764750,-2.142372
0.765250,-0.784695
0.765750,-2.042253
0.766250,-3.494150
0.766750,-1.233018
0.767250,-1.875709
0.767750,-1.241589
0.768250,-1.886481
0.768750,-1.579587
0.769250,-2.725986
0.769750,-2.469959
0.770250,-1.700778
0.770750,-0.110762
0.771250,-0.650115
0.771750,-2.450258
0.772250,-0.711554
0.772750,-1.609652
0.773250,-2.596850
0.773750,-1.600539
0.774250,-1.067466
0.774750,-1.955161
0.775250,-1.758973
0.775750,-0.186418
0.776250,-3.180441
0.776750,-1.079516
0.777250,-2.106121
0.777750,-2.375477
0.778250,-1.011615
0.778750,-2.013169
0.779250,-2.563647
0.779750,-2.709802
0.780250,-2.845804
0.780750,-1.805785
0.781250,-2.363534
0.781750,-3.586165
0.782250,-2.720880
0.782750,-2.201245
0.783250,-2.507346
0.783750,-1.304513
0.784250,-0.734108
0.784750,-2.983883
0.785250,-1.898586
0.785750,-2.098610
0.786250,-1.816930
0.786750,-2.233212
0.787250,-2.916735
0.787750,-1.096496
0.788250,-2.224634
0.788750,-2.132855
0.789250,-3.540821
0.789750,-2.152838
0.790250,-1.438821
0.790750,-0.599174
0.791250,-2.402516
0.791750,-2.216223
0.792250,-3.246793
0.792750,-2.616929
0.793250,-1.993854
0.793750,-1.492050
0.794250,-2.511392
0.794750,-2.279846
0.795250,-1.489856
0.795750,-1.675037
0.796250,-2.427120
0.796750,-2.055810
0.797250,-2.036940
0.797750,-1.265218
0.798250,-2.166475
0.798750,-1.813740
0.799250,-1.893526
0.799750,-2.566413
0.800250,-2.751487
0.800750,-1.459805
0.801250,-2.555247
0.801750,-1.318086
0.802250,-3.674670
0.802750,-2.689258
0.803250,-2.822809
0.803750,-1.435236
0.804250,-1.768116
0.804750,-1.606232
0.805250,-2.712533
0.805750,-2.207363
0.806250,-2.494946
0.806750,-0.552254
0.807250,-0.780518
0.807750,-2.266042
0.808250,-2.796040
0.808750,-0.187546
0.809250,-2.560755
0.809750,-2.901244
0.810250,-3.133604
0.810750,-2.080489
0.811250,-2.280679
0.811750,-1.321225
0.812250,-1.303549
0.812750,-2.643723
0.813250,-2.259321
0.813750,-3.189145
0.814250,-1.720258
0.814750,-2.144850
0.815250,-2.779084
0.815750,-1.513728
0.816250,-3.097351
0.816750,-2.252124
0.817250,-2.266025
0.817750,-2.076032
0.818250,-2.646356
0.818750,-2.185091
0.819250,-1.497426
0.819750,-2.203757
0.820250,-1.762272
0.820750,-1.877945
0.821250,-3.063814
0.821750,-2.265560
0.822250,-2.000635
0.822750,-1.120105
0.823250,-1.821364
0.823750,-2.162630
0.824250,-2.371641
0.824750,-2.472102
0.825250,-3.806482
0.825750,-2.961023
0.826250,-2.265407
0.826750,-1.567119
0.827250,-3.290591
0.827750,-3.680751
0.828250,-1.054474
0.828750,-3.408279
0.829250,-1.444545
0.829750,-1.868437
0.830250,-2.155726
0.830750,-2.974125
0.831250,-2.770266
0.831750,-2.522568
0.832250,-3.788249
0.832750,-2.467616
0.833250,-1.805869
0.833750,-2.180390
0.834250,-1.898226
0.834750,-1.076629
0.835250,-0.920650
0.835750,-2.067687
0.836250,-1.083926
0.836750,-1.616706
0.837250,-1.510607
0.837750,-3.214224
0.838250,-2.967349
0.838750,-3.112604
0.839250,-1.815567
0.839750,-2.704693
0.840250,-1.961252
0.840750,-2.401872
0.841250,-2.147334
0.841750,-1.578956
0.842250,-1.761730
0.842750,-2.179122
0.843250,-1.564847
0.843750,-2.746841
0.844250,-2.058163
0.844750,-3.523128
0.845250,-2.945696
0.845750,-3.268471
0.846250,-2.445857
0.846750,-2.299903
0.847250,-2.343941
0.847750,-1.998634
0.848250,-1.964348
0.848750,-3.292640
0.849250,-2.844087
0.849750,-1.008980
0.850250,-2.417951
0.850750,-0.591619
0.851250,-2.203531
0.851750,-2.720085
0.852250,-1.669531
0.852750,-1.162978
0.853250,-0.132349
0.853750,-3.253608
0.854250,-1.777275
0.854750,-1.715516
0.855250,-1.065725
0.855750,-1.166957
0.856250,-1.689462
0.856750,-2.225802
0.857250,-1.541070
0.857750,-3.068673
0.858250,-1.359033
0.858750,-0.788650
0.859250,-2.140877
0.859750,-1.590174
0.860250,-1.466257
0.860750,-1.976567
0.861250,-2.176032
0.861750,-1.806423
0.862250,-1.012526
0.862750,-1.665158
0.863250,-1.197273
0.863750,-1.334826
0.864250,-2.962790
0.864750,-1.902347
0.865250,-1.416236
0.865750,-2.084242
0.866250,-1.212809
0.866750,-1.994217
0.867250,-4.408025
0.867750,-3.369702
0.868250,-0.459980
0.868750,-3.201231
0.869250,-0.958186
0.869750,-2.711352
0.870250,-2.179396
0.870750,-2.769640
0.871250,-2.611654
0.871750,-0.960899
0.872250,-1.415833
0.872750,-2.316721
0.873250,-2.318258
0.873750,-2.060247
0.874250,-1.822471
0.874750,-2.949459
0.875250,-2.577960
0.875750,-1.573179
0.876250,-0.802166
0.876750,-0.913358
0.877250,-1.729772
0.877750,-2.012964
0.878250,-2.224761
0.878750,-2.834021
0.879250,-2.219704
0.879750,-2.609310
0.880250,-0.925905
0.880750,-1.025394
0.881250,-2.807142
0.881750,-1.401073
0.882250,-2.080850
0.882750,-2.023119
0.883250,-1.623807
0.883750,-1.586768
0.884250,-2.130906
0.884750,-2.369823
0.885250,-3.418410
0.885750,-1.557399
0.886250,-0.326274
0.886750,-2.209404
0.887250,-0.768624
0.887750,-2.282342
0.888250,-1.732090
0.888750,-4.236605
0.889250,-2.595467
0.889750,-3.201737
0.890250,-2.365479
0.890750,-1.880123
0.891250,-2.710363
0.891750,-1.297166
0.892250,-1.352290
0.892750,-1.980927
0.893250,-2.181632
0.893750,-1.966253
0.894250,-2.311493
0.894750,-2.551438
0.895250,-2.174186
0.895750,-1.671191
0.896250,-1.265467
0.896750,-1.655959
0.897250,-1.957024
0.897750,-2.749819
0.898250,-2.665939
0.898750,-1.861714
0.899250,-2.124206
0.899750,-2.686531
0.900250,-2.447743
0.900750,-1.782142
0.901250,-2.910968
0.901750,-2.420772
0.902250,-1.575553
0.902750,-2.004327
0.903250,-1.790616
0.903750,-2.151966
0.904250,-2.149036
0.904750,-2.129475
0.905250,-2.217689
0.905750,-1.814394
0.906250,-1.980481
0.906750,-1.156260
0.907250,-2.541483
0.907750,-2.428070
0.908250,-2.296176
0.908750,-1.536236
0.909250,-1.739483
0.909750,-2.524005
0.910250,-1.924119
0.910750,-2.754053
0.911250,-2.247140
0.911750,-2.355255
0.912250,-2.469863
0.912750,-0.857637
0.913250,-1.667882
0.913750,-2.141358
0.914250,-1.218075
0.914750,-1.296860
0.915250,-1.979953
0.915750,-1.909090
0.916250,-0.984685
0.916750,-2.397421
0.917250,-1.378349
0.917750,-1.434537
0.918250,-2.139951
0.918750,-1.243851
0.919250,-2.631953
0.919750,-1.282929
0.920250,-0.749501
0.920750,-1.795964
0.921250,-0.891330
0.921750,-1.017127
0.922250,-0.960070
0.922750,-2.414537
0.923250,-2.690953
0.923750,-2.372234
0.924250,-0.789436
0.924750,-2.925158
0.925250,-1.265513
0.925750,-2.164553
0.926250,-1.374095
0.926750,-1.850988
0.927250,-1.694091
0.927750,-3.082810
0.928250,-2.287100
0.928750,-1.894055
0.929250,-1.293552
0.929750,-1.862695
0.930250,-0.809827
0.930750,-1.312076
0.931250,-2.254211
0.931750,-1.183272
0.932250,-1.874838
0.932750,-1.255682
0.933250,-0.795402
0.933750,-1.804446
0.934250,-2.434715
0.934750,-0.974713
0.935250,-1.588973
0.935750,-1.668137
0.936250,-2.789854
0.936750,-1.455454
0.937250,-1.099612
0.937750,-1.224960
0.938250,-1.829766
0.938750,0.877866
0.939250,-1.293103
0.939750,-1.233435
0.940250,-1.038893
0.940750,-2.024586
0.941250,-0.793188
0.941750,-1.150822
0.942250,-0.955601
0.942750,-1.454683
0.943250,-1.303917
0.943750,-1.357503
0.944250,-2.709401
0.944750,-2.017885
0.945250,-1.510372
0.945750,-2.623419
0.946250,-1.611943
0.946750,-1.430017
0.947250,-1.797708
0.947750,-1.750724
0.948250,-1.657250
0.948750,-2.028180
0.949250,-1.518993
0.949750,-2.253197
0.950250,-1.982121
0.950750,-0.966709
0.951250,-1.445127
0.951750,-1.670095
0.952250,-1.194280
0.952750,-2.342859
0.953250,-0.609827
0.953750,-2.064400
0.954250,-1.909836
0.954750,-2.093759
0.955250,-1.600051
0.955750,-3.110302
0.956250,-1.347561
0.956750,-1.614024
0.957250,-1.073916
0.957750,-1.318483
0.958250,-0.875872
0.958750,-0.414413
0.959250,-1.223618
0.959750,-2.244074
0.960250,-1.610807
0.960750,-0.699977
0.961250,-1.427362
0.961750,1.135045
0.962250,-0.717556
0.962750,-0.922574
0.963250,-0.704448
0.963750,-2.054914
0.964250,-0.795049
0.964750,-1.729725
0.965250,-1.089239
0.965750,0.460654
0.966250,-1.559235
0.966750,-1.314380
0.967250,-1.680608
0.967750,-1.216297
0.968250,-2.304759
0.968750,-1.763848
0.969250,-1.920660
0.969750,-2.495569
0.970250,-0.076813
0.970750,-2.148879
0.971250,-1.771617
0.971750,-1.114554
0.972250,-2.729850
0.972750,-2.658097
0.973250,-1.421033
0.973750,-1.694957
0.974250,-0.330996
0.974750,-2.565530
0.975250,-0.934740
0.975750,-1.626846
0.976250,-0.756581
0.976750,-1.549478
0.977250,-0.549264
0.977750,-0.567334
0.978250,-2.297305
0.978750,-1.642597
0.979250,-1.135643
0.979750,-1.502993
0.980250,-1.636762
0.980750,-0.439050
0.981250,-1.835993
0.981750,-1.082453
0.982250,-0.767133
0.982750,-0.769395
0.983250,-1.944788
0.983750,-0.480833
0.984250,-0.406620
0.984750,-1.487836
0.985250,-1.470278
0.985750,-0.742449
0.986250,-0.207406
0.986750,-0.457052
0.987250,-0.531159
0.987750,-1.984657
0.988250,0.051467
0.988750,-1.122905
0.989250,-1.542870
0.989750,0.481482
0.990250,0.424042
0.990750,0.966781
0.991250,-1.565358
0.991750,-0.802115
0.992250,0.153852
0.992750,-2.037496
0.993250,-0.759284
0.993750,-1.747218
0.994250,-2.590745
0.994750,-1.288609
0.995250,-1.504705
0.995750,-2.519461
0.996250,-2.279697
0.996750,-1.191273
0.997250,-0.768944
0.997750,-1.439325
0.998250,-1.861341
0.998750,-2.744399
0.999250,0.003925
0.999750,-0.386332
