0.000250,0.096711
0.000750,0.148336
0.001250,0.108250
0.001750,-0.121763
0.002250,-0.133141
0.002750,0.017144
0.003250,0.075317
0.003750,-0.016685
0.004250,0.117147
0.004750,0.258913
0.005250,0.335103
0.005750,0.320407
0.006250,0.210849
0.006750,0.170429
0.007250,0.111932
0.007750,0.081010
0.008250,0.127598
0.008750,0.091063
0.009250,0.026637
0.009750,-0.091542
0.010250,0.096167
0.010750,0.138307
0.011250,0.182126
0.011750,0.473505
0.012250,0.173253
0.012750,0.467175
0.013250,0.434647
0.013750,0.293646
0.014250,0.634129
0.014750,0.675616
0.015250,0.607284
0.015750,0.948664
0.016250,1.064061
0.016750,1.008609
0.017250,1.219688
0.017750,1.075737
0.018250,1.094814
0.018750,1.022834
0.019250,1.039545
0.019750,1.228941
0.020250,1.231672
0.020750,1.350892
0.021250,1.042747
0.021750,1.017532
0.022250,1.118370
0.022750,1.057932
0.023250,0.989612
0.023750,0.711567
0.024250,0.823548
0.024750,0.552799
0.025250,0.705035
0.025750,0.990568
0.026250,0.906806
0.026750,1.070983
0.027250,0.881384
0.027750,1.031287
0.028250,0.978727
0.028750,0.889814
0.029250,1.164706
0.029750,0.911856
0.030250,0.950824
0.030750,1.199125
0.031250,1.317900
0.031750,1.530204
0.032250,1.488062
0.032750,1.567062
0.033250,1.627153
0.033750,1.731714
0.034250,1.484078
0.034750,1.385266
0.035250,1.422267
0.035750,1.215656
0.036250,1.427414
0.036750,1.231175
0.037250,1.131331
0.037750,1.004938
0.038250,1.100123
0.038750,0.967016
0.039250,1.112830
0.039750,1.107408
0.040250,0.701786
0.040750,0.860942
0.041250,0.805875
0.041750,0.980659
0.042250,0.862444
0.042750,0.546688
0.043250,0.556911
0.043750,0.631189
0.044250,0.714054
0.044750,0.732894
0.045250,0.480650
0.045750,0.639642
0.046250,0.845517
0.046750,0.414016
0.047250,0.890200
0.047750,0.853594
0.048250,0.993173
0.048750,0.988551
0.049250,1.275931
0.049750,1.044035
0.050250,0.866584
0.050750,0.834542
0.051250,0.643165
0.051750,0.322919
0.052250,0.488740
0.052750,0.981009
0.053250,0.637683
0.053750,0.887003
0.054250,0.714371
0.054750,1.215507
0.055250,1.205827
0.055750,1.294222
0.056250,1.348215
0.056750,1.615096
0.057250,1.425427
0.057750,1.364142
0.058250,1.692328
0.058750,1.731845
0.059250,1.480290
0.059750,1.507962
0.060250,1.476698
0.060750,1.616956
0.061250,1.209037
0.061750,1.344374
0.062250,1.643313
0.062750,1.740748
0.063250,1.355955
0.063750,1.533124
0.064250,1.481741
0.064750,1.708739
0.065250,1.683495
0.065750,1.166261
0.066250,1.352790
0.066750,1.384226
0.067250,1.461476
0.067750,1.385219
0.068250,1.106956
0.068750,1.202412
0.069250,0.948383
0.069750,0.669036
0.070250,1.162221
0.070750,1.137713
0.071250,0.807112
0.071750,0.848708
0.072250,0.847583
0.072750,0.881665
0.073250,0.730766
0.073750,0.929471
0.074250,0.997182
0.074750,1.227988
0.075250,1.081518
0.075750,1.414786
0.076250,1.100256
0.076750,0.968507
0.077250,0.829671
0.077750,0.990165
0.078250,0.908657
0.078750,0.914795
0.079250,1.178793
0.079750,0.901842
0.080250,1.016930
0.080750,1.060411
0.081250,1.199305
0.081750,1.406244
0.082250,1.107671
0.082750,1.297214
0.083250,1.505283
0.083750,1.288009
0.084250,1.211958
0.084750,1.256018
0.085250,1.537416
0.085750,1.498702
0.086250,1.523338
0.086750,1.367547
0.087250,1.329907
0.087750,1.510828
0.088250,1.268705
0.088750,1.763696
0.089250,1.370783
0.089750,1.441144
0.090250,1.311352
0.090750,1.298091
0.091250,0.981239
0.091750,1.024335
0.092250,1.197639
0.092750,1.242516
0.093250,0.844804
0.093750,0.877446
0.094250,0.650123
0.094750,0.865966
0.095250,0.863544
0.095750,0.570143
0.096250,0.462541
0.096750,0.450327
0.097250,0.583662
0.097750,0.488656
0.098250,0.399221
0.098750,0.380232
0.099250,0.654874
0.099750,0.327875
0.100250,0.647750
0.100750,-0.027899
0.101250,0.306928
0.101750,0.168140
0.102250,-0.045337
0.102750,-0.264861
0.103250,-0.211140
0.103750,-0.520146
0.104250,0.428149
0.104750,0.085253
0.105250,-0.039099
0.105750,-0.097884
0.106250,-0.064085
0.106750,0.305223
0.107250,-0.015746
0.107750,0.753684
0.108250,0.574342
0.108750,-0.220980
0.109250,0.896716
0.109750,0.968007
0.110250,0.662685
0.110750,0.175687
0.111250,0.129039
0.111750,0.474837
0.112250,0.674719
0.112750,0.605613
0.113250,0.378946
0.113750,0.515603
0.114250,0.406597
0.114750,0.357655
0.115250,0.534222
0.115750,0.376274
0.116250,0.331058
0.116750,0.453074
0.117250,0.177273
0.117750,0.241329
0.118250,0.240887
0.118750,0.301496
0.119250,0.591443
0.119750,0.818529
0.120250,1.125592
0.120750,0.829482
0.121250,0.927623
0.121750,0.738627
0.122250,0.620357
0.122750,1.109583
0.123250,1.118752
0.123750,1.136504
0.124250,1.162251
0.124750,0.905705
0.125250,1.189723
0.125750,1.153864
0.126250,0.776909
0.126750,0.828528
0.127250,0.620186
0.127750,0.627076
0.128250,0.929282
0.128750,0.825730
0.129250,0.880209
0.129750,1.051300
0.130250,0.983164
0.130750,0.900836
0.131250,0.776213
0.131750,0.775894
0.132250,1.070807
0.132750,0.807822
0.133250,0.991076
0.133750,1.105975
0.134250,1.453289
0.134750,0.986052
0.135250,0.965268
0.135750,0.662873
0.136250,0.381828
0.136750,0.763407
0.137250,0.231321
0.137750,0.276648
0.138250,0.314150
0.138750,-0.139974
0.139250,-0.300286
0.139750,0.153535
0.140250,0.110809
0.140750,-0.201839
0.141250,0.215219
0.141750,0.226812
0.142250,-0.304209
0.142750,0.247291
0.143250,-0.337436
0.143750,-0.499807
0.144250,-0.299697
0.144750,-0.594405
0.145250,-0.492430
0.145750,-0.132877
0.146250,-0.253916
0.146750,-0.295932
0.147250,-0.045941
0.147750,-0.015101
0.148250,-0.009155
0.148750,-0.005577
0.149250,0.150057
0.149750,0.059834
0.150250,-0.235729
0.150750,-0.056769
0.151250,-0.451765
0.151750,-0.374216
0.152250,0.151275
0.152750,-0.155674
0.153250,-0.074815
0.153750,-0.858246
0.154250,-0.244400
0.154750,-0.492236
0.155250,-0.263225
0.155750,-0.667792
0.156250,-0.593460
0.156750,-0.122749
0.157250,-0.161964
0.157750,-0.281817
0.158250,-0.434936
0.158750,-0.111413
0.159250,0.029192
0.159750,-0.429700
0.160250,0.328232
0.160750,0.434854
0.161250,0.018489
0.161750,0.135294
0.162250,0.455588
0.162750,0.429833
0.163250,0.294194
0.163750,0.274524
0.164250,0.382736
0.164750,0.134509
0.165250,0.699679
0.165750,0.501071
0.166250,0.265003
0.166750,0.059842
0.167250,0.378843
0.167750,0.401790
0.168250,0.122772
0.168750,0.354082
0.169250,0.043006
0.169750,-0.258639
0.170250,-0.021285
0.170750,0.077392
0.171250,-0.464598
0.171750,-0.690599
0.172250,-0.765478
0.172750,-0.320694
0.173250,-0.111134
0.173750,-0.611333
0.174250,-0.305324
0.174750,-0.372802
0.175250,-0.438867
0.175750,-0.819830
0.176250,-0.725704
0.176750,-0.961742
0.177250,-0.526967
0.177750,-0.214399
0.178250,-0.742746
0.178750,-0.491393
0.179250,-0.436048
0.179750,-0.352379
0.180250,-0.920181
0.180750,-0.959150
0.181250,-0.662437
0.181750,-0.575381
0.182250,-0.891737
0.182750,-0.381932
0.183250,-0.698101
0.183750,-0.604424
0.184250,-1.071341
0.184750,-0.844242
0.185250,-0.903755
0.185750,-0.987783
0.186250,-1.096876
0.186750,-0.900594
0.187250,-0.874359
0.187750,-1.195400
0.188250,-1.226106
0.188750,-1.371300
0.189250,-1.208024
0.189750,-1.356930
0.190250,-0.845926
0.190750,-1.008852
0.191250,-0.680471
0.191750,-1.365274
0.192250,-0.774733
0.192750,-1.058611
0.193250,-0.233327
0.193750,0.147361
0.194250,0.097694
0.194750,0.142960
0.195250,-0.189691
0.195750,-0.317935
0.196250,-0.589930
0.196750,-0.510003
0.197250,-0.020989
0.197750,-0.245349
0.198250,-0.690561
0.198750,-0.223595
0.199250,0.041651
0.199750,-0.614002
0.200250,-0.790124
0.200750,-0.169844
0.201250,-0.378834
0.201750,-0.608217
0.202250,-0.684064
0.202750,-0.838553
0.203250,-1.188574
0.203750,-0.491326
0.204250,0.070388
0.204750,-0.267922
0.205250,-0.065616
0.205750,-0.240771
0.206250,-0.240374
0.206750,-0.240641
0.207250,-0.303650
0.207750,0.087368
0.208250,0.436271
0.208750,0.323698
0.209250,0.410169
0.209750,0.640789
0.210250,0.916891
0.210750,1.011496
0.211250,0.894325
0.211750,1.017144
0.212250,0.384509
0.212750,1.026504
0.213250,0.311424
0.213750,0.972036
0.214250,0.754876
0.214750,1.322438
0.215250,1.141534
0.215750,0.596550
0.216250,0.514353
0.216750,0.210922
0.217250,-0.064241
0.217750,0.611615
0.218250,0.530435
0.218750,1.072559
0.219250,0.768890
0.219750,0.612260
0.220250,0.725863
0.220750,0.044287
0.221250,0.614058
0.221750,1.160412
0.222250,0.147684
0.222750,0.553034
0.223250,0.772332
0.223750,1.072759
0.224250,0.931484
0.224750,0.951171
0.225250,0.250698
0.225750,0.983632
0.226250,1.056777
0.226750,0.880775
0.227250,1.093749
0.227750,0.691289
0.228250,0.364441
0.228750,0.704872
0.229250,0.617940
0.229750,0.928916
0.230250,0.584685
0.230750,0.923433
0.231250,0.783951
0.231750,0.784416
0.232250,-0.042583
0.232750,0.388292
0.233250,0.632599
0.233750,0.681007
0.234250,0.152758
0.234750,0.222108
0.235250,0.432276
0.235750,-0.106382
0.236250,0.026653
0.236750,-0.269731
0.237250,0.336113
0.237750,0.036591
0.238250,-0.242752
0.238750,0.155067
0.239250,0.392391
0.239750,-0.096190
0.240250,-0.169674
0.240750,0.102919
0.241250,-0.224453
0.241750,-0.403365
0.242250,-0.027878
0.242750,0.255552
0.243250,-0.235560
0.243750,-0.051755
0.244250,0.232034
0.244750,0.115810
0.245250,-0.019165
0.245750,0.046988
0.246250,0.773485
0.246750,-0.219878
0.247250,-0.002494
0.247750,0.495572
0.248250,-0.686582
0.248750,0.393144
0.249250,0.422469
0.249750,0.350686
0.250250,0.703163
0.250750,-0.045094
0.251250,0.024404
0.251750,0.009142
0.252250,0.460104
0.252750,0.951084
0.253250,0.107422
0.253750,0.192918
0.254250,0.445064
0.254750,-0.049839
0.255250,0.254785
0.255750,0.163420
0.256250,0.646040
0.256750,0.504810
0.257250,0.472381
0.257750,0.216108
0.258250,0.054886
0.258750,0.014608
0.259250,-0.156292
0.259750,0.674142
0.260250,0.651175
0.260750,0.158514
0.261250,0.608829
0.261750,0.394558
0.262250,0.600530
0.262750,0.363866
0.263250,0.744710
0.263750,0.779825
0.264250,1.469342
0.264750,1.126993
0.265250,1.162930
0.265750,0.414962
0.266250,1.143952
0.266750,0.813798
0.267250,0.635401
0.267750,1.127021
0.268250,0.855472
0.268750,0.678490
0.269250,0.870072
0.269750,0.709451
0.270250,1.235321
0.270750,1.229223
0.271250,0.472400
0.271750,0.921653
0.272250,0.918625
0.272750,1.284620
0.273250,1.524955
0.273750,0.452411
0.274250,1.016076
0.274750,0.381350
0.275250,0.387193
0.275750,0.364499
0.276250,0.267271
0.276750,0.653232
0.277250,0.743237
0.277750,0.012746
0.278250,0.289089
0.278750,0.259888
0.279250,0.376025
0.279750,-0.001175
0.280250,0.138458
0.280750,0.345802
0.281250,0.046395
0.281750,0.899783
0.282250,0.367201
0.282750,0.163789
0.283250,-0.456844
0.283750,-0.345013
0.284250,0.406937
0.284750,-0.214544
0.285250,0.707042
0.285750,0.586149
0.286250,0.032839
0.286750,0.215335
0.287250,-0.022150
0.287750,0.218988
0.288250,-0.709088
0.288750,-0.240417
0.289250,0.290577
0.289750,-0.451791
0.290250,0.130884
0.290750,-0.393843
0.291250,-0.057456
0.291750,0.133766
0.292250,-0.414682
0.292750,-0.121843
0.293250,-0.807468
0.293750,-0.350796
0.294250,-0.461831
0.294750,-0.355087
0.295250,-0.675878
0.295750,-1.380772
0.296250,-0.860550
0.296750,-1.335801
0.297250,-0.553337
0.297750,-0.457734
0.298250,-0.160795
0.298750,-0.156207
0.299250,-0.297720
0.299750,-0.372989
0.300250,-0.241387
0.300750,-0.173468
0.301250,-0.400181
0.301750,0.748306
0.302250,-0.015623
0.302750,0.215739
0.303250,0.209786
0.303750,0.408146
0.304250,-0.260768
0.304750,0.436924
0.305250,-0.335919
0.305750,1.018775
0.306250,0.828218
0.306750,0.169478
0.307250,-0.166548
0.307750,-0.043234
0.308250,0.137933
0.308750,0.041945
0.309250,0.150563
0.309750,0.137160
0.310250,0.471825
0.310750,0.574818
0.311250,0.381248
0.311750,-0.337011
0.312250,0.448054
0.312750,0.249908
0.313250,0.416854
0.313750,0.055251
0.314250,-0.352547
0.314750,0.467707
0.315250,0.084380
0.315750,0.851610
0.316250,0.075611
0.316750,-0.190278
0.317250,0.392460
0.317750,-0.003279
0.318250,-0.003615
0.318750,0.177226
0.319250,0.686978
0.319750,0.444128
0.320250,0.410463
0.320750,0.322917
0.321250,0.537125
0.321750,0.934832
0.322250,1.432566
0.322750,0.519277
0.323250,1.249134
0.323750,1.157999
0.324250,1.349733
0.324750,1.351156
0.325250,1.794174
0.325750,1.249642
0.326250,1.373327
0.326750,1.025899
0.327250,1.893356
0.327750,1.119652
0.328250,1.304763
0.328750,1.605628
0.329250,2.025816
0.329750,1.236378
0.330250,0.717717
0.330750,1.337173
0.331250,1.620372
0.331750,1.530015
0.332250,1.298655
0.332750,1.149928
0.333250,1.394535
0.333750,0.895989
0.334250,1.023046
0.334750,1.478435
0.335250,0.801198
0.335750,1.701236
0.336250,0.628771
0.336750,1.468022
0.337250,1.410553
0.337750,1.493180
0.338250,0.982696
0.338750,1.489733
0.339250,1.212661
0.339750,1.889172
0.340250,1.655924
0.340750,1.854416
0.341250,1.244209
0.341750,1.353073
0.342250,1.527621
0.342750,1.852144
0.343250,1.951823
0.343750,2.133110
0.344250,1.521312
0.344750,1.963666
0.345250,1.329106
0.345750,1.975047
0.346250,2.140988
0.346750,2.624829
0.347250,2.406138
0.347750,1.374650
0.348250,2.359003
0.348750,1.520255
0.349250,2.054268
0.349750,1.371055
0.350250,0.988735
0.350750,1.934397
0.351250,1.747259
0.351750,1.946623
0.352250,0.853089
0.352750,1.439065
0.353250,1.526365
0.353750,1.688249
0.354250,1.209731
0.354750,1.441578
0.355250,1.387544
0.355750,1.675177
0.356250,1.592548
0.356750,1.741663
0.357250,0.931581
0.357750,1.491223
0.358250,0.632580
0.358750,0.763342
0.359250,1.029224
0.359750,1.003313
0.360250,1.142338
0.360750,1.021061
0.361250,1.553989
0.361750,0.671587
0.362250,1.053431
0.362750,0.871657
0.363250,0.648001
0.363750,0.587253
0.364250,0.108545
0.364750,0.496607
0.365250,1.868774
0.365750,0.684085
0.366250,1.656208
0.366750,1.119033
0.367250,1.196197
0.367750,1.238150
0.368250,1.261142
0.368750,1.016556
0.369250,1.206821
0.369750,1.441076
0.370250,1.935815
0.370750,0.884585
0.371250,1.195233
0.371750,0.553312
0.372250,1.408320
0.372750,1.497957
0.373250,1.884068
0.373750,0.442420
0.374250,0.934827
0.374750,2.080587
0.375250,1.542650
0.375750,1.669270
0.376250,1.320500
0.376750,1.507144
0.377250,1.474183
0.377750,0.980022
0.378250,2.033847
0.378750,1.582553
0.379250,1.354770
0.379750,1.930906
0.380250,1.954254
0.380750,1.837601
0.381250,2.043922
0.381750,1.721279
0.382250,1.327391
0.382750,2.301740
0.383250,1.959935
0.383750,2.242506
0.384250,2.317305
0.384750,2.795103
0.385250,1.703439
0.385750,2.673330
0.386250,2.520663
0.386750,1.503054
0.387250,1.204504
0.387750,2.161254
0.388250,2.518314
0.388750,2.267007
0.389250,2.963137
0.389750,2.342525
0.390250,3.359284
0.390750,2.592327
0.391250,2.825749
0.391750,2.233625
0.392250,2.657367
0.392750,1.888831
0.393250,2.858923
0.393750,3.572702
0.394250,2.582127
0.394750,2.847046
0.395250,3.015804
0.395750,2.991984
0.396250,3.136491
0.396750,2.822521
0.397250,2.711620
0.397750,2.141415
0.398250,2.322852
0.398750,3.122640
0.399250,2.932788
0.399750,2.725501
0.400250,2.571597
0.400750,3.274077
0.401250,2.357222
0.401750,2.518222
0.402250,2.120778
0.402750,2.192459
0.403250,2.439745
0.403750,2.535872
0.404250,2.676142
0.404750,1.248297
0.405250,1.059416
0.405750,1.904723
0.406250,1.775508
0.406750,2.474977
0.407250,1.621017
0.407750,1.556658
0.408250,1.699866
0.408750,2.096426
0.409250,2.063092
0.409750,2.025999
0.410250,0.525617
0.410750,1.172570
0.411250,1.759564
0.411750,1.956208
0.412250,1.736227
0.412750,1.176582
0.413250,1.825972
0.413750,2.067492
0.414250,1.598133
0.414750,1.793518
0.415250,2.868163
0.415750,2.028349
0.416250,2.611463
0.416750,2.045599
0.417250,1.761300
0.417750,1.558027
0.418250,1.754524
0.418750,1.459911
0.419250,1.510696
0.419750,1.741254
0.420250,1.572039
0.420750,1.026734
0.421250,1.103276
0.421750,0.993566
0.422250,1.852445
0.422750,1.200158
0.423250,1.257938
0.423750,1.062469
0.424250,1.658234
0.424750,1.076188
0.425250,1.518740
0.425750,0.996069
0.426250,0.195210
0.426750,0.553520
0.427250,0.560690
0.427750,0.890180
0.428250,0.389659
0.428750,1.101168
0.429250,0.899456
0.429750,0.813375
0.430250,1.328620
0.430750,1.703020
0.431250,0.664306
0.431750,1.250648
0.432250,1.515977
0.432750,1.184622
0.433250,1.436888
0.433750,0.998241
0.434250,2.123569
0.434750,1.880647
0.435250,1.681629
0.435750,1.530688
0.436250,1.902801
0.436750,1.433588
0.437250,0.666475
0.437750,0.960371
0.438250,1.892573
0.438750,1.863178
0.439250,1.479957
0.439750,1.862077
0.440250,1.511312
0.440750,1.934699
0.441250,1.885746
0.441750,2.227048
0.442250,1.905200
0.442750,1.794830
0.443250,1.261304
0.443750,1.780371
0.444250,1.136825
0.444750,1.762767
0.445250,2.134950
0.445750,0.987969
0.446250,1.659303
0.446750,1.985026
0.447250,2.094949
0.447750,1.670777
0.448250,1.016308
0.448750,1.420318
0.449250,1.254095
0.449750,1.458379
0.450250,2.005294
0.450750,1.050571
0.451250,1.485724
0.451750,0.979995
0.452250,0.928862
0.452750,1.823741
0.453250,0.949188
0.453750,1.101188
0.454250,1.337534
0.454750,2.018901
0.455250,1.623832
0.455750,1.561450
0.456250,1.716128
0.456750,1.382781
0.457250,2.104636
0.457750,2.094591
0.458250,1.775716
0.458750,1.512458
0.459250,1.131347
0.459750,1.607234
0.460250,2.321948
0.460750,3.157490
0.461250,2.360125
0.461750,2.425012
0.462250,1.921020
0.462750,2.508166
0.463250,2.797740
0.463750,2.711062
0.464250,1.784961
0.464750,2.522170
0.465250,2.755485
0.465750,3.476650
0.466250,3.292495
0.466750,2.671912
0.467250,2.909246
0.467750,2.650456
0.468250,3.595703
0.468750,2.707326
0.469250,2.146332
0.469750,1.890536
0.470250,2.495607
0.470750,2.270017
0.471250,2.983778
0.471750,3.570847
0.472250,2.763392
0.472750,2.773393
0.473250,2.105114
0.473750,2.599990
0.474250,2.444878
0.474750,2.431401
0.475250,2.582735
0.475750,1.778474
0.476250,2.982459
0.476750,1.961367
0.477250,3.121913
0.477750,2.399245
0.478250,2.424971
0.478750,2.842708
0.479250,2.265754
0.479750,1.639405
0.480250,1.803840
0.480750,3.216529
0.481250,1.987865
0.481750,2.220858
0.482250,1.768711
0.482750,1.948841
0.483250,2.142340
0.483750,2.052874
0.484250,2.725125
0.484750,1.692662
0.485250,1.775921
0.485750,2.429444
0.486250,1.637930
0.486750,2.976194
0.487250,2.746327
0.487750,2.568121
0.488250,2.596777
0.488750,3.168735
0.489250,2.547167
0.489750,2.609143
0.490250,2.828989
0.490750,2.326338
0.491250,2.330036
0.491750,2.267284
0.492250,2.118005
0.492750,1.924049
0.493250,1.663165
0.493750,2.658531
0.494250,2.667629
0.494750,3.037005
0.495250,2.071604
0.495750,2.027381
0.496250,1.518841
0.496750,1.721384
0.497250,2.202077
0.497750,1.638869
0.498250,1.826847
0.498750,1.227890
0.499250,2.103385
0.499750,1.464910
0.500250,1.714648
0.500750,1.848898
0.501250,1.310134
0.501750,1.107629
0.502250,1.083741
0.502750,0.612386
0.503250,0.496954
0.503750,1.013646
0.504250,1.679240
0.504750,1.407644
0.505250,1.159036
0.505750,1.204452
0.506250,1.665448
0.506750,1.741913
0.507250,1.710023
0.507750,0.780163
0.508250,0.653583
0.508750,0.121646
0.509250,1.095703
0.509750,1.557791
0.510250,1.888331
0.510750,1.247569
0.511250,0.861279
0.511750,1.317437
0.512250,1.685709
0.512750,0.811694
0.513250,0.228448
0.513750,0.694655
0.514250,1.125299
0.514750,1.567914
0.515250,0.946093
0.515750,1.145748
0.516250,1.689901
0.516750,1.526665
0.517250,1.484178
0.517750,1.263117
0.518250,1.228626
0.518750,0.833027
0.519250,1.924851
0.519750,1.442651
0.520250,1.723744
0.520750,1.863564
0.521250,1.816969
0.521750,1.389489
0.522250,1.539534
0.522750,1.156747
0.523250,1.043433
0.523750,1.864284
0.524250,1.156150
0.524750,1.841920
0.525250,1.397135
0.525750,1.267784
0.526250,1.779758
0.526750,1.636190
0.527250,1.013125
0.527750,0.824409
0.528250,1.685255
0.528750,0.551462
0.529250,0.208592
0.529750,1.110602
0.530250,0.626177
0.530750,1.627948
0.531250,0.775533
0.531750,1.134096
0.532250,1.115841
0.532750,0.928799
0.533250,1.320652
0.533750,0.475911
0.534250,0.686234
0.534750,1.036158
0.535250,0.642003
0.535750,1.812250
0.536250,2.134390
0.536750,0.896161
0.537250,1.803203
0.537750,1.261030
0.538250,1.527065
0.538750,0.962988
0.539250,1.201082
0.539750,1.304839
0.540250,1.300712
0.540750,1.420008
0.541250,1.532430
0.541750,1.690762
0.542250,2.117959
0.542750,1.884115
0.543250,2.279652
0.543750,1.876466
0.544250,1.912350
0.544750,2.157900
0.545250,2.293843
0.545750,2.017081
0.546250,1.754771
0.546750,1.617938
0.547250,1.162068
0.547750,1.901497
0.548250,2.449957
0.548750,2.199901
0.549250,1.571061
0.549750,1.467321
0.550250,1.301256
0.550750,1.367296
0.551250,1.759290
0.551750,2.253537
0.552250,1.557565
0.552750,1.583479
0.553250,1.086649
0.553750,1.453870
0.554250,1.464321
0.554750,1.881612
0.555250,1.357106
0.555750,1.251711
0.556250,1.115824
0.556750,0.216732
0.557250,0.916600
0.557750,1.192432
0.558250,0.944790
0.558750,0.620019
0.559250,0.254676
0.559750,0.708455
0.560250,1.322442
0.560750,1.060237
0.561250,1.016717
0.561750,0.887943
0.562250,0.329956
0.562750,0.373185
0.563250,0.832789
0.563750,1.271020
0.564250,0.516578
0.564750,0.381019
0.565250,0.158145
0.565750,0.431327
0.566250,0.905385
0.566750,1.352577
0.567250,1.182731
0.567750,0.959148
0.568250,0.931237
0.568750,0.071956
0.569250,0.428930
0.569750,0.438336
0.570250,0.166444
0.570750,0.213896
0.571250,0.502472
0.571750,0.057177
0.572250,1.347102
0.572750,0.442074
0.573250,1.305356
0.573750,0.290813
0.574250,0.205930
0.574750,0.445550
0.575250,0.753474
0.575750,0.046891
0.576250,0.513589
0.576750,0.405610
0.577250,0.617254
0.577750,0.987948
0.578250,-0.574084
0.578750,0.684849
0.579250,-0.321698
0.579750,-0.428005
0.580250,-0.090174
0.580750,-0.992732
0.581250,-0.777971
0.581750,-0.616936
0.582250,-0.120226
0.582750,-1.023692
0.583250,-1.277248
0.583750,-0.603379
0.584250,-0.353665
0.584750,-0.179630
0.585250,-0.187022
0.585750,-0.989566
0.586250,-0.820471
0.586750,-0.376332
0.587250,-0.703189
0.587750,-0.379916
0.588250,-1.242437
0.588750,-1.209205
0.589250,-0.269677
0.589750,-0.989547
0.590250,-0.606331
0.590750,-0.569646
0.591250,-0.745148
0.591750,-0.382612
0.592250,0.424528
0.592750,-0.761084
0.593250,0.435641
0.593750,-0.718741
0.594250,-0.430599
0.594750,0.236332
0.595250,-0.445303
0.595750,-0.990851
0.596250,-0.269686
0.596750,0.640599
0.597250,0.678251
0.597750,0.466135
0.598250,0.104885
0.598750,0.560785
0.599250,0.327192
0.599750,0.364952
0.600250,0.259282
0.600750,-0.225718
0.601250,0.727988
0.601750,0.179420
0.602250,0.428154
0.602750,-0.093041
0.603250,0.673057
0.603750,-0.399300
0.604250,0.597211
0.604750,-0.267223
0.605250,0.303404
0.605750,-0.074688
0.606250,-1.057429
0.606750,-0.266975
0.607250,-0.189460
0.607750,-0.793166
0.608250,-0.349831
0.608750,0.363323
0.609250,0.250345
0.609750,-0.348318
0.610250,0.013044
0.610750,0.274160
0.611250,-0.794437
0.611750,0.656726
0.612250,0.417724
0.612750,-1.330886
0.613250,-1.403792
0.613750,-0.295537
0.614250,-0.663828
0.614750,0.866715
0.615250,0.049265
0.615750,-0.586417
0.616250,-0.673528
0.616750,0.334179
0.617250,0.364966
0.617750,0.270077
0.618250,0.332931
0.618750,-0.839670
0.619250,-0.997740
0.619750,-0.588811
0.620250,0.202415
0.620750,0.249666
0.621250,-0.325865
0.621750,-0.218610
0.622250,0.615274
0.622750,-0.226273
0.623250,0.808391
0.623750,-0.692025
0.624250,-0.219048
0.624750,0.794955
0.625250,-0.248860
0.625750,-0.665389
0.626250,-0.498396
0.626750,0.302597
0.627250,1.010032
0.627750,0.462245
0.628250,1.185070
0.628750,0.496402
0.629250,0.846378
0.629750,1.014894
0.630250,0.222333
0.630750,1.142045
0.631250,1.017598
0.631750,0.613216
0.632250,-0.204534
0.632750,0.675785
0.633250,0.904752
0.633750,1.012935
0.634250,0.153357
0.634750,0.637756
0.635250,0.469265
0.635750,0.626502
0.636250,1.736445
0.636750,1.624328
0.637250,0.279542
0.637750,0.855456
0.638250,0.372437
0.638750,1.180449
0.639250,1.588878
0.639750,0.410980
0.640250,1.488911
0.640750,0.542357
0.641250,0.964555
0.641750,0.359738
0.642250,0.046025
0.642750,0.761885
0.643250,0.597604
0.643750,0.757532
0.644250,0.660646
0.644750,0.354133
0.645250,0.616039
0.645750,0.562555
0.646250,-0.232527
0.646750,0.372902
0.647250,0.762519
0.647750,1.601606
0.648250,0.698976
0.648750,1.016843
0.649250,0.640026
0.649750,0.799056
0.650250,1.098901
0.650750,1.140364
0.651250,0.905120
0.651750,1.139295
0.652250,0.868090
0.652750,0.898333
0.653250,1.077500
0.653750,0.289113
0.654250,0.317516
0.654750,0.551554
0.655250,0.283999
0.655750,0.826416
0.656250,0.633645
0.656750,-0.623973
0.657250,0.499721
0.657750,-0.276395
0.658250,1.905925
0.658750,1.016171
0.659250,-0.366644
0.659750,0.212262
0.660250,0.036557
0.660750,0.047039
0.661250,0.397471
0.661750,-0.328879
0.662250,-0.048530
0.662750,-0.506014
0.663250,0.516080
0.663750,0.311491
0.664250,0.422965
0.664750,-0.062282
0.665250,0.016868
0.665750,0.399990
0.666250,-0.113059
0.666750,0.485786
0.667250,-0.137859
0.667750,0.149249
0.668250,-1.015141
0.668750,-0.553341
0.669250,-0.456241
0.669750,-0.034081
0.670250,-1.636249
0.670750,-0.261966
0.671250,-0.107512
0.671750,-1.114422
0.672250,-0.775677
0.672750,-1.462851
0.673250,-0.553583
0.673750,-0.877369
0.674250,-1.547731
0.674750,-1.154278
0.675250,-1.036236
0.675750,-1.505375
0.676250,-0.938515
0.676750,-1.147456
0.677250,-0.388791
0.677750,-1.512139
0.678250,-1.928370
0.678750,-1.474218
0.679250,-1.178940
0.679750,-1.433562
0.680250,-1.278119
0.680750,-0.636993
0.681250,-2.398175
0.681750,-2.044761
0.682250,-2.478746
0.682750,-1.802172
0.683250,-1.255482
0.683750,-1.270240
0.684250,-0.858502
0.684750,-1.506592
0.685250,-1.137819
0.685750,-0.745347
0.686250,-1.817467
0.686750,-0.489903
0.687250,-1.040855
0.687750,-1.356234
0.688250,-0.851585
0.688750,-0.902903
0.689250,-1.016299
0.689750,-0.928351
0.690250,-0.737897
0.690750,0.570659
0.691250,-0.750069
0.691750,-0.773501
0.692250,-1.528599
0.692750,-0.929233
0.693250,-0.316590
0.693750,0.236833
0.694250,-0.960032
0.694750,-0.233507
0.695250,-1.878446
0.695750,-1.382522
0.696250,-1.031203
0.696750,-0.864233
0.697250,-0.998276
0.697750,-1.488019
0.698250,-1.293416
0.698750,-1.340371
0.699250,-0.618031
0.699750,-0.800717
0.700250,-0.986038
0.700750,-0.778352
0.701250,-0.326172
0.701750,-1.142792
0.702250,-0.960620
0.702750,-0.784739
0.703250,-0.509537
0.703750,-0.738198
0.704250,-0.880602
0.704750,-0.532651
0.705250,-1.157788
0.705750,-1.727339
0.706250,-1.126866
0.706750,-1.513707
0.707250,-0.880151
0.707750,-1.345516
0.708250,-1.257409
0.708750,-1.339990
0.709250,-0.968304
0.709750,-1.072386
0.710250,-1.065638
0.710750,-0.390383
0.711250,-0.503194
0.711750,-0.999616
0.712250,-0.339758
0.712750,-0.669130
0.713250,-0.953069
0.713750,-0.337061
0.714250,0.005980
0.714750,-0.331077
0.715250,-0.753987
0.715750,-0.862367
0.716250,-0.650267
0.716750,-0.576911
0.717250,-0.798841
0.717750,0.347832
0.718250,0.714975
0.718750,-0.080610
0.719250,0.414870
0.719750,-0.807327
0.720250,-0.744654
0.720750,-1.093956
0.721250,-0.234618
0.721750,-0.463213
0.722250,-0.619023
0.722750,-0.572338
0.723250,0.142098
0.723750,0.270434
0.724250,-0.922937
0.724750,-0.296055
0.725250,-0.760963
0.725750,-0.355505
0.726250,-0.371335
0.726750,-0.082867
0.727250,-0.651180
0.727750,-1.274997
0.728250,-0.609687
0.728750,-0.502994
0.729250,-0.708865
0.729750,-0.867225
0.730250,-0.785291
0.730750,-0.630620
0.731250,-0.879036
0.731750,-0.271044
0.732250,-0.088639
0.732750,-0.705916
0.733250,0.208438
0.733750,-1.657852
0.734250,-2.045718
0.734750,-1.156811
0.735250,-1.268050
0.735750,-2.327060
0.736250,-0.566492
0.736750,-1.948071
0.737250,-0.776371
0.737750,-0.596881
0.738250,-1.430926
0.738750,-0.801784
0.739250,-1.745527
0.739750,-1.620819
0.740250,-1.207652
0.740750,-1.256678
0.741250,-1.739470
0.741750,-1.615854
0.742250,-1.504817
0.742750,-0.587601
0.743250,-1.260432
0.743750,-1.913163
0.744250,-2.765135
0.744750,-2.336019
0.745250,-0.589111
0.745750,-1.421715
0.746250,-1.249998
0.746750,-1.397633
0.747250,-0.644821
0.747750,-1.468866
0.748250,-1.525721
0.748750,-1.469481
0.749250,-1.209065
0.749750,-1.309222
0.750250,-1.007603
0.750750,-1.596569
0.751250,-2.284146
0.751750,-1.355953
0.752250,-1.599815
0.752750,-1.109664
0.753250,-2.970917
0.753750,-1.602616
0.754250,-0.603004
0.754750,-2.339322
0.755250,-1.833016
0.755750,-2.386504
0.756250,-1.582475
0.756750,-1.441916
0.757250,-2.413801
0.757750,-1.969252
0.758250,-2.566456
0.758750,-2.483162
0.759250,-2.840789
0.759750,-1.976579
0.760250,-2.606872
0.760750,-2.413087
0.761250,-2.087988
0.761750,-2.032953
0.762250,-3.453058
0.762750,-2.928512
0.763250,-3.350113
0.763750,-2.876592
0.764250,-2.969476
0.764750,-2.014251
0.765250,-3.639667
0.765750,-3.055710
0.766250,-3.390979
0.766750,-2.830718
0.767250,-3.368095
0.767750,-2.721711
0.768250,-2.727538
0.768750,-3.109935
0.769250,-2.571882
0.769750,-2.645756
0.770250,-2.612951
0.770750,-1.610377
0.771250,-2.585311
0.771750,-2.415814
0.772250,-2.893428
0.772750,-2.811530
0.773250,-2.542542
0.773750,-2.789138
0.774250,-2.880482
0.774750,-2.632348
0.775250,-2.941626
0.775750,-3.164676
0.776250,-3.106948
0.776750,-3.021276
0.777250,-2.127973
0.777750,-3.143580
0.778250,-1.929509
0.778750,-2.696165
0.779250,-3.082632
0.779750,-2.691695
0.780250,-2.272121
0.780750,-2.258015
0.781250,-2.780947
0.781750,-2.174899
0.782250,-3.002676
0.782750,-1.936327
0.783250,-2.270992
0.783750,-2.868679
0.784250,-1.477088
0.784750,-1.811586
0.785250,-2.833992
0.785750,-1.479793
0.786250,-3.637725
0.786750,-3.311255
0.787250,-2.005279
0.787750,-2.174464
0.788250,-1.848790
0.788750,-1.954189
0.789250,-2.150658
0.789750,-2.184807
0.790250,-3.178856
0.790750,-1.970273
0.791250,-2.221817
0.791750,-1.626133
0.792250,-2.458615
0.792750,-2.457927
0.793250,-2.529572
0.793750,-2.370016
0.794250,-1.684525
0.794750,-2.879113
0.795250,-2.387353
0.795750,-2.966376
0.796250,-2.727914
0.796750,-2.579357
0.797250,-2.026736
0.797750,-1.808777
0.798250,-2.710843
0.798750,-2.098564
0.799250,-3.601564
0.799750,-2.836148
0.800250,-2.111729
0.800750,-1.742279
0.801250,-2.372176
0.801750,-1.765174
0.802250,-2.930821
0.802750,-3.013372
0.803250,-2.437737
0.803750,-2.179391
0.804250,-2.082809
0.804750,-1.821166
0.805250,-2.897951
0.805750,-2.303873
0.806250,-1.898934
0.806750,-2.500196
0.807250,-2.832718
0.807750,-1.170366
0.808250,-2.600867
0.808750,-1.532782
0.809250,-2.184344
0.809750,-2.255806
0.810250,-1.685660
0.810750,-0.967993
0.811250,-2.379386
0.811750,-1.633469
0.812250,-1.199781
0.812750,-1.069128
0.813250,-0.828181
0.813750,-0.876025
0.814250,-1.541721
0.814750,-1.179700
0.815250,-0.262045
0.815750,-1.076553
0.816250,-1.298309
0.816750,-1.090037
0.817250,-1.064391
0.817750,-0.804761
0.818250,-0.574625
0.818750,-0.982789
0.819250,0.024251
0.819750,-1.329413
0.820250,-0.963760
0.820750,-0.172179
0.821250,-0.935842
0.821750,-1.406009
0.822250,-1.138202
0.822750,-0.867792
0.823250,-0.267534
0.823750,-1.166012
0.824250,-1.966344
0.824750,-1.810244
0.825250,-1.299351
0.825750,-0.865174
0.826250,-0.089187
0.826750,-0.627536
0.827250,-1.034631
0.827750,-1.174362
0.828250,-0.149137
0.828750,-0.567083
0.829250,-1.866398
0.829750,-0.249648
0.830250,-0.736007
0.830750,-2.063966
0.831250,-0.741150
0.831750,-1.874329
0.832250,-0.725206
0.832750,-2.046346
0.833250,-0.881105
0.833750,-1.533723
0.834250,-1.410721
0.834750,-0.611603
0.835250,-0.448889
0.835750,-1.648374
0.836250,-1.324783
0.836750,-0.770702
0.837250,-0.947005
0.837750,-2.184822
0.838250,-0.768637
0.838750,-0.498345
0.839250,-1.370253
0.839750,-1.137215
0.840250,-0.415150
0.840750,-1.405378
0.841250,-0.004607
0.841750,-0.636319
0.842250,-0.828314
0.842750,-1.166008
0.843250,-1.840067
0.843750,-1.201307
0.844250,-1.533233
0.844750,-2.350845
0.845250,-1.440635
0.845750,-1.565114
0.846250,-1.989426
0.846750,-1.076137
0.847250,-1.080220
0.847750,-0.431729
0.848250,-0.652923
0.848750,-1.185103
0.849250,-1.110885
0.849750,-1.762165
0.850250,0.432686
0.850750,-1.383436
0.851250,-0.284245
0.851750,-0.914387
0.852250,-0.733809
0.852750,-1.083483
0.853250,-1.285161
0.853750,-1.227862
0.854250,-0.672645
0.854750,-1.371284
0.855250,-1.555050
0.855750,0.218715
0.856250,-1.643106
0.856750,-0.925313
0.857250,-1.025251
0.857750,-0.384662
0.858250,-1.515958
0.858750,-1.400583
0.859250,-2.804830
0.859750,-0.503170
0.860250,-1.376287
0.860750,-0.999389
0.861250,-1.966083
0.861750,-1.251124
0.862250,-1.420648
0.862750,-1.794717
0.863250,-0.870756
0.863750,-1.286346
0.864250,-1.376808
0.864750,-1.780617
0.865250,-1.111083
0.865750,-1.884549
0.866250,-1.675175
0.866750,-1.723191
0.867250,-2.753418
0.867750,-1.571157
0.868250,-2.052552
0.868750,-2.426650
0.869250,-1.364049
0.869750,-2.397367
0.870250,-2.376853
0.870750,-1.263154
0.871250,-2.023153
0.871750,-1.871767
0.872250,-1.551499
0.872750,-2.662915
0.873250,-2.554713
0.873750,-2.722883
0.874250,-2.651660
0.874750,-3.581124
0.875250,-2.538952
0.875750,-2.091564
0.876250,-1.113838
0.876750,-1.195432
0.877250,-1.777144
0.877750,-2.272664
0.878250,-1.453517
0.878750,-1.707034
0.879250,-2.206435
0.879750,-0.845527
0.880250,-2.241612
0.880750,-1.368591
0.881250,-0.863876
0.881750,-2.341968
0.882250,-1.151651
0.882750,-2.038864
0.883250,-1.612579
0.883750,-1.249538
0.884250,-0.526774
0.884750,-1.607502
0.885250,-1.540275
0.885750,-1.442929
0.886250,-1.859858
0.886750,-0.884374
0.887250,-1.161051
0.887750,-2.538421
0.888250,-1.687459
0.888750,-1.797030
0.889250,-2.106720
0.889750,-1.473005
0.890250,-2.305883
0.890750,-1.889923
0.891250,-1.446249
0.891750,-0.685687
0.892250,-1.499811
0.892750,-1.331138
0.893250,-2.605107
0.893750,-2.251238
0.894250,-1.523686
0.894750,-1.191946
0.895250,-1.284736
0.895750,-1.357281
0.896250,-1.428748
0.896750,-0.909851
0.897250,-2.329334
0.897750,-1.275477
0.898250,-2.045053
0.898750,-1.525901
0.899250,-0.382218
0.899750,-1.713962
0.900250,-1.467766
0.900750,-0.772159
0.901250,-1.670475
0.901750,-2.027784
0.902250,-0.956681
0.902750,-1.809693
0.903250,-1.261214
0.903750,-1.623629
0.904250,-2.015278
0.904750,-1.551419
0.905250,-1.769583
0.905750,-1.514711
0.906250,-1.071395
0.906750,-0.148799
0.907250,-0.153774
0.907750,-1.017643
0.908250,-0.988252
0.908750,-1.277888
0.909250,-1.116136
0.909750,-1.818979
0.910250,-0.992101
0.910750,-0.978897
0.911250,-2.011522
0.911750,-1.531765
0.912250,-1.237820
0.912750,-1.280536
0.913250,-1.044824
0.913750,-0.017408
0.914250,-1.332843
0.914750,-0.825164
0.915250,-0.456990
0.915750,-0.408609
0.916250,-0.548016
0.916750,0.925800
0.917250,-0.206189
0.917750,0.304128
0.918250,0.431828
0.918750,-0.543190
0.919250,-1.753010
0.919750,-0.144211
0.920250,0.222870
0.920750,-1.133375
0.921250,-0.446635
0.921750,0.327624
0.922250,0.533530
0.922750,0.796593
0.923250,0.135904
0.923750,-0.439401
0.924250,-0.428924
0.924750,-0.696968
0.925250,-0.703806
0.925750,0.160268
0.926250,-0.142820
0.926750,0.302828
0.927250,-0.681621
0.927750,-0.712672
0.928250,-0.357250
0.928750,-0.345440
0.929250,-0.158825
0.929750,0.233466
0.930250,0.661902
0.930750,-0.089347
0.931250,-0.200063
0.931750,-0.935637
0.932250,-0.321643
0.932750,-0.548701
0.933250,-0.136885
0.933750,0.040306
0.934250,-0.327267
0.934750,-1.279980
0.935250,-0.840362
0.935750,-0.475053
0.936250,-0.980372
0.936750,-0.717070
0.937250,0.247869
0.937750,-1.162855
0.938250,-1.028313
0.938750,0.275986
0.939250,-0.447481
0.939750,-1.240205
0.940250,-1.138990
0.940750,-0.660464
0.941250,-0.995638
0.941750,-1.238773
0.942250,-0.488073
0.942750,-0.830500
0.943250,-0.466146
0.943750,-0.445633
0.944250,-0.995050
0.944750,-0.659390
0.945250,-0.735108
0.945750,-1.555044
0.946250,-1.109728
0.946750,-0.350973
0.947250,-1.263657
0.947750,-1.594995
0.948250,-1.475289
0.948750,-0.526548
0.949250,-0.564509
0.949750,-1.883581
0.950250,-1.274799
0.950750,-1.035460
0.951250,-1.846264
0.951750,-1.128239
0.952250,-1.425181
0.952750,-1.302885
0.953250,-0.318410
0.953750,-1.058266
0.954250,-0.924018
0.954750,-1.252512
0.955250,-1.452673
0.955750,-1.436585
0.956250,-1.990096
0.956750,-1.401451
0.957250,-2.250033
0.957750,-1.700539
0.958250,-1.542828
0.958750,-0.845889
0.959250,0.260978
0.959750,-1.436324
0.960250,-1.528958
0.960750,-1.979399
0.961250,-1.843378
0.961750,-1.582952
0.962250,-1.287469
0.962750,-0.776778
0.963250,-2.338238
0.963750,-0.987260
0.964250,-2.495987
0.964750,-0.929667
0.965250,-1.255747
0.965750,-1.163404
0.966250,-1.811369
0.966750,-1.152209
0.967250,-1.931615
0.967750,-1.060903
0.968250,-2.385674
0.968750,-2.480953
0.969250,-1.840863
0.969750,-2.456468
0.970250,-1.852728
0.970750,-1.990563
0.971250,-3.169205
0.971750,-3.008803
0.972250,-2.161268
0.972750,-2.585798
0.973250,-2.668943
0.973750,-2.330409
0.974250,-3.173303
0.974750,-2.099460
0.975250,-3.025928
0.975750,-2.404575
0.976250,-2.293320
0.976750,-2.969168
0.977250,-1.483207
0.977750,-1.265971
0.978250,-2.149883
0.978750,-1.066003
0.979250,-2.473496
0.979750,-2.441438
0.980250,-2.529883
0.980750,-1.869426
0.981250,-2.974199
0.981750,-1.209773
0.982250,-0.768589
0.982750,-2.212688
0.983250,-1.253418
0.983750,-1.175939
0.984250,-1.429360
0.984750,-1.443392
0.985250,-1.554604
0.985750,-1.583165
0.986250,-1.286979
0.986750,-2.174895
0.987250,-1.214843
0.987750,-0.943569
0.988250,-1.324445
0.988750,-1.609603
0.989250,-0.763080
0.989750,-0.587844
0.990250,0.405645
0.990750,-0.272439
0.991250,-1.558770
0.991750,-0.580354
0.992250,-0.251146
0.992750,-0.980080
0.993250,-1.380931
0.993750,-1.748340
0.994250,-1.966258
0.994750,-2.530590
0.995250,-1.737847
0.995750,-1.414465
0.996250,-1.422110
0.996750,-2.051971
0.997250,-0.580201
0.997750,-1.290403
0.998250,-0.667756
0.998750,-0.977049
0.999250,-1.267447
0.999750,-1.430846
