0.000250,0.121546
0.000750,0.174105
0.001250,0.075392
0.001750,-0.157138
0.002250,-0.143674
0.002750,-0.009910
0.003250,0.102147
0.003750,0.031553
0.004250,0.070388
0.004750,0.232985
0.005250,0.366431
0.005750,0.419019
0.006250,0.307237
0.006750,0.151231
0.007250,0.168583
0.007750,0.172836
0.008250,0.181864
0.008750,0.000667
0.009250,-0.031344
0.009750,-0.076860
0.010250,0.144666
0.010750,0.153936
0.011250,0.011400
0.011750,0.390390
0.012250,0.287971
0.012750,0.370251
0.013250,0.386856
0.013750,0.226623
0.014250,0.571916
0.014750,0.778881
0.015250,0.486841
0.015750,1.110527
0.016250,1.040166
0.016750,1.073826
0.017250,1.171400
0.017750,0.961426
0.018250,0.881272
0.018750,1.047421
0.019250,1.233381
0.019750,1.352325
0.020250,1.095354
0.020750,1.228312
0.021250,1.021732
0.021750,1.138357
0.022250,1.248536
0.022750,0.961219
0.023250,1.108520
0.023750,0.757897
0.024250,0.672451
0.024750,0.443195
0.025250,0.744460
0.025750,0.916666
0.026250,1.038284
0.026750,1.082553
0.027250,0.867288
0.027750,0.949972
0.028250,1.091389
0.028750,0.773033
0.029250,1.216406
0.029750,1.179421
0.030250,1.104889
0.030750,1.242865
0.031250,1.316323
0.031750,1.467768
0.032250,1.499123
0.032750,1.472444
0.033250,1.496510
0.033750,1.672429
0.034250,1.494605
0.034750,1.249406
0.035250,1.260449
0.035750,0.965176
0.036250,1.410077
0.036750,1.116741
0.037250,1.109908
0.037750,1.291950
0.038250,1.238646
0.038750,1.351071
0.039250,1.220238
0.039750,1.492228
0.040250,0.845550
0.040750,1.218189
0.041250,0.702015
0.041750,1.045945
0.042250,0.830747
0.042750,0.202793
0.043250,0.428835
0.043750,0.572230
0.044250,0.698346
0.044750,0.814217
0.045250,0.628766
0.045750,0.751547
0.046250,0.613781
0.046750,0.364383
0.047250,0.473054
0.047750,0.778628
0.048250,1.013671
0.048750,1.098506
0.049250,1.729591
0.049750,0.959543
0.050250,0.518504
0.050750,0.735791
0.051250,0.828112
0.051750,0.179974
0.052250,0.279292
0.052750,0.853120
0.053250,0.302533
0.053750,0.629465
0.054250,0.590175
0.054750,1.349708
0.055250,1.339721
0.055750,1.322199
0.056250,1.102543
0.056750,1.295071
0.057250,1.649908
0.057750,1.023029
0.058250,1.392471
0.058750,1.386455
0.059250,1.313707
0.059750,1.587904
0.060250,1.521381
0.060750,1.502692
0.061250,1.075876
0.061750,1.244858
0.062250,1.740171
0.062750,1.519265
0.063250,1.549904
0.063750,1.297367
0.064250,1.649718
0.064750,1.610476
0.065250,1.497557
0.065750,0.789613
0.066250,1.180359
0.066750,1.318502
0.067250,1.672586
0.067750,1.787639
0.068250,0.775400
0.068750,0.985085
0.069250,1.169795
0.069750,0.845382
0.070250,0.969734
0.070750,1.395257
0.071250,0.764128
0.071750,0.967905
0.072250,1.080861
0.072750,1.019994
0.073250,0.355111
0.073750,0.743669
0.074250,0.997955
0.074750,0.950467
0.075250,0.917099
0.075750,1.447459
0.076250,0.892247
0.076750,0.881616
0.077250,0.801342
0.077750,0.973903
0.078250,0.704998
0.078750,0.698019
0.079250,0.872262
0.079750,0.723368
0.080250,0.888224
0.080750,1.027395
0.081250,1.654610
0.081750,1.678600
0.082250,0.804929
0.082750,1.187727
0.083250,1.581536
0.083750,1.351040
0.084250,1.491077
0.084750,1.091006
0.085250,1.537923
0.085750,1.263943
0.086250,1.539897
0.086750,1.558394
0.087250,1.145393
0.087750,1.584897
0.088250,0.976774
0.088750,1.519449
0.089250,1.341129
0.089750,0.996677
0.090250,1.516688
0.090750,1.169641
0.091250,0.453340
0.091750,1.032489
0.092250,1.222161
0.092750,1.224238
0.093250,0.962118
0.093750,1.219436
0.094250,0.444003
0.094750,0.843946
0.095250,1.371952
0.095750,0.583615
0.096250,0.412565
0.096750,0.321556
0.097250,0.555844
0.097750,0.653532
0.098250,0.276137
0.098750,0.405284
0.099250,0.532929
0.099750,-0.045846
0.100250,0.457569
0.100750,0.225550
0.101250,0.112500
0.101750,0.079302
0.102250,0.078120
0.102750,-0.040943
0.103250,-0.773532
0.103750,-0.860534
0.104250,0.353728
0.104750,0.342587
0.105250,-0.224050
0.105750,-0.013092
0.106250,0.468831
0.106750,0.696113
0.107250,-0.161465
0.107750,0.647562
0.108250,0.698151
0.108750,-0.608427
0.109250,1.099845
0.109750,1.022757
0.110250,0.655846
0.110750,0.058615
0.111250,-0.229188
0.111750,0.765868
0.112250,0.338509
0.112750,0.896391
0.113250,0.213017
0.113750,0.317319
0.114250,0.108718
0.114750,0.110183
0.115250,0.537394
0.115750,0.364757
0.116250,0.785427
0.116750,0.491126
0.117250,-0.287646
0.117750,0.225477
0.118250,0.003235
0.118750,0.395245
0.119250,0.350158
0.119750,0.304430
0.120250,1.330499
0.120750,0.116899
0.121250,0.335970
0.121750,0.912158
0.122250,0.557817
0.122750,1.017143
0.123250,1.292456
0.123750,0.836087
0.124250,1.496335
0.124750,1.260128
0.125250,0.946225
0.125750,1.086455
0.126250,0.253854
0.126750,0.851563
0.127250,0.411975
0.127750,1.077922
0.128250,1.303278
0.128750,1.074250
0.129250,0.736290
0.129750,0.748685
0.130250,1.342691
0.130750,0.969210
0.131250,0.646980
0.131750,0.926197
0.132250,1.125615
0.132750,1.041595
0.133250,1.517836
0.133750,1.173611
0.134250,1.226717
0.134750,0.943030
0.135250,1.260578
0.135750,0.475539
0.136250,0.506878
0.136750,0.541120
0.137250,0.265246
0.137750,0.028899
0.138250,0.790152
0.138750,-0.697049
0.139250,-1.072410
0.139750,-0.007015
0.140250,0.075119
0.140750,-0.092495
0.141250,-0.175236
0.141750,-0.002535
0.142250,-0.378348
0.142750,0.093482
0.143250,-0.387761
0.143750,-0.755919
0.144250,-0.609258
0.144750,-0.248347
0.145250,-0.267306
0.145750,-0.396246
0.146250,-0.367151
0.146750,-0.417862
0.147250,-0.208772
0.147750,0.169918
0.148250,-0.068892
0.148750,-0.591235
0.149250,0.174411
0.149750,-0.196889
0.150250,-0.157414
0.150750,0.222714
0.151250,-0.061572
0.151750,-0.110157
0.152250,0.580705
0.152750,-0.399894
0.153250,-0.068688
0.153750,-0.925256
0.154250,0.036055
0.154750,-0.573093
0.155250,-0.911400
0.155750,-0.652637
0.156250,-0.834438
0.156750,0.000928
0.157250,-0.435699
0.157750,-0.732755
0.158250,-0.563787
0.158750,0.190121
0.159250,0.376858
0.159750,-0.172148
0.160250,0.123082
0.160750,0.131995
0.161250,0.257756
0.161750,0.041979
0.162250,0.447678
0.162750,0.264737
0.163250,0.075272
0.163750,0.165885
0.164250,0.501104
0.164750,-0.108888
0.165250,1.008121
0.165750,0.161097
0.166250,-0.015812
0.166750,0.122226
0.167250,0.968701
0.167750,0.338600
0.168250,-0.271651
0.168750,0.125633
0.169250,-0.193730
0.169750,-0.052899
0.170250,-0.282057
0.170750,-0.029950
0.171250,-0.520911
0.171750,-0.634686
0.172250,-0.415505
0.172750,0.021789
0.173250,-0.123726
0.173750,-0.300413
0.174250,-0.765439
0.174750,-0.618071
0.175250,-0.765518
0.175750,-1.105999
0.176250,-0.757268
0.176750,-1.103359
0.177250,-0.232136
0.177750,-0.273710
0.178250,-0.848973
0.178750,-0.925684
0.179250,0.315653
0.179750,-0.308742
0.180250,-1.338623
0.180750,-0.930974
0.181250,-1.028426
0.181750,-0.448405
0.182250,-0.617451
0.182750,-0.288043
0.183250,-0.126389
0.183750,-0.209906
0.184250,-0.522431
0.184750,-0.819813
0.185250,-0.835103
0.185750,-1.294148
0.186250,-1.094570
0.186750,-0.804866
0.187250,-1.005507
0.187750,-1.247470
0.188250,-1.260206
0.188750,-1.524388
0.189250,-1.175425
0.189750,-0.256728
0.190250,-0.674114
0.190750,-0.987260
0.191250,-0.581921
0.191750,-1.029132
0.192250,-0.630587
0.192750,-1.125580
0.193250,-0.268539
0.193750,0.399546
0.194250,0.078616
0.194750,-0.583683
0.195250,-0.420623
0.195750,-0.122915
0.196250,-0.837291
0.196750,-0.935826
0.197250,-0.363736
0.197750,-0.416128
0.198250,-1.132191
0.198750,-0.330063
0.199250,-0.619633
0.199750,-0.465433
0.200250,-0.654799
0.200750,-0.967323
0.201250,-0.056387
0.201750,-0.585387
0.202250,-1.260198
0.202750,-1.879946
0.203250,-1.539781
0.203750,-0.660006
0.204250,0.593745
0.204750,-0.772749
0.205250,0.339791
0.205750,-0.679689
0.206250,0.215961
0.206750,-0.974866
0.207250,-0.897244
0.207750,-0.119709
0.208250,0.402766
0.208750,0.155747
0.209250,-0.798132
0.209750,0.526304
0.210250,-0.039366
0.210750,0.640174
0.211250,1.455374
0.211750,1.475278
0.212250,0.010579
0.212750,0.943011
0.213250,0.219696
0.213750,1.049810
0.214250,1.093262
0.214750,2.180544
0.215250,1.155949
0.215750,0.546279
0.216250,0.581107
0.216750,-0.203518
0.217250,-0.484384
0.217750,0.715655
0.218250,0.451685
0.218750,1.281778
0.219250,0.445053
0.219750,0.041664
0.220250,1.138376
0.220750,0.124440
0.221250,0.525763
0.221750,0.926148
0.222250,-0.096634
0.222750,-0.054587
0.223250,0.714242
0.223750,1.313594
0.224250,0.789205
0.224750,0.087181
0.225250,-0.241927
0.225750,0.775890
0.226250,1.050150
0.226750,1.183485
0.227250,1.381221
0.227750,0.450065
0.228250,0.037504
0.228750,0.058837
0.229250,0.370345
0.229750,0.960718
0.230250,0.520264
0.230750,1.307343
0.231250,0.232480
0.231750,0.203952
0.232250,-0.469578
0.232750,0.118452
0.233250,1.882247
0.233750,1.060100
0.234250,0.619155
0.234750,0.223079
0.235250,0.449917
0.235750,0.045414
0.236250,-0.716502
0.236750,-0.533507
0.237250,-0.015165
0.237750,0.066292
0.238250,-1.039823
0.238750,-0.288782
0.239250,-0.007483
0.239750,-1.083895
0.240250,-0.316106
0.240750,-0.439410
0.241250,-0.487780
0.241750,-0.558415
0.242250,0.131434
0.242750,-1.229862
0.243250,-0.507214
0.243750,-0.095860
0.244250,0.603369
0.244750,0.280473
0.245250,0.278400
0.245750,0.139750
0.246250,0.383082
0.246750,-0.751795
0.247250,0.699428
0.247750,0.483964
0.248250,-0.895736
0.248750,0.476567
0.249250,0.682979
0.249750,-0.186643
0.250250,0.842169
0.250750,-0.313378
0.251250,0.084989
0.251750,-0.302513
0.252250,0.810082
0.252750,0.570527
0.253250,-0.199068
0.253750,0.503396
0.254250,-0.058520
0.254750,-0.187133
0.255250,0.305641
0.255750,0.172622
0.256250,0.997529
0.256750,1.250289
0.257250,0.798283
0.257750,0.096211
0.258250,-0.040135
0.258750,0.593937
0.259250,-0.213924
0.259750,0.465182
0.260250,0.913273
0.260750,0.370375
0.261250,0.364283
0.261750,0.487286
0.262250,1.056854
0.262750,-0.037806
0.263250,0.608969
0.263750,1.767026
0.264250,1.700111
0.264750,1.338231
0.265250,0.893693
0.265750,0.679295
0.266250,0.606829
0.266750,0.633006
0.267250,0.367651
0.267750,1.033761
0.268250,1.322492
0.268750,0.398797
0.269250,0.049697
0.269750,1.596373
0.270250,1.791063
0.270750,1.688238
0.271250,0.544140
0.271750,0.777070
0.272250,0.500847
0.272750,1.311957
0.273250,1.085273
0.273750,0.703997
0.274250,1.606309
0.274750,0.716665
0.275250,0.614073
0.275750,0.493786
0.276250,0.268508
0.276750,0.584260
0.277250,0.439439
0.277750,-0.729862
0.278250,0.395805
0.278750,-0.231164
0.279250,0.036964
0.279750,0.257661
0.280250,-0.356468
0.280750,0.188768
0.281250,-0.234366
0.281750,0.807180
0.282250,0.371365
0.282750,0.383522
0.283250,-0.343652
0.283750,-0.254208
0.284250,0.839356
0.284750,0.127404
0.285250,0.754611
0.285750,0.244011
0.286250,-0.733281
0.286750,-0.394853
0.287250,0.540643
0.287750,0.433827
0.288250,0.244933
0.288750,-1.271613
0.289250,-0.737583
0.289750,-0.951968
0.290250,0.138371
0.290750,-0.662838
0.291250,0.361701
0.291750,-0.142510
0.292250,-0.742626
0.292750,-1.287342
0.293250,-1.130911
0.293750,-0.565252
0.294250,0.106870
0.294750,0.042779
0.295250,-1.154235
0.295750,-1.220413
0.296250,-1.393218
0.296750,-1.635878
0.297250,-0.502181
0.297750,-0.796184
0.298250,0.125192
0.298750,0.466370
0.299250,0.011031
0.299750,0.040105
0.300250,-0.064896
0.300750,0.433794
0.301250,-0.985088
0.301750,1.170358
0.302250,-0.062877
0.302750,0.745799
0.303250,0.762831
0.303750,0.556255
0.304250,-0.242498
0.304750,0.532783
0.305250,0.081568
0.305750,1.180940
0.306250,0.886180
0.306750,-0.007805
0.307250,0.007475
0.307750,0.216687
0.308250,0.021996
0.308750,0.037040
0.309250,0.327132
0.309750,0.212712
0.310250,-0.158008
0.310750,0.536845
0.311250,1.044285
0.311750,-0.047730
0.312250,0.482810
0.312750,0.078985
0.313250,-0.198560
0.313750,-0.195874
0.314250,-0.652582
0.314750,-0.522131
0.315250,-0.080152
0.315750,1.198011
0.316250,0.634827
0.316750,-0.743772
0.317250,0.104873
0.317750,-0.543979
0.318250,-0.249983
0.318750,0.367693
0.319250,0.506974
0.319750,0.681193
0.320250,0.202855
0.320750,-0.082783
0.321250,0.871986
0.321750,0.402829
0.322250,1.165446
0.322750,1.286124
0.323250,0.744908
0.323750,1.212099
0.324250,1.609054
0.324750,1.037566
0.325250,1.637035
0.325750,0.905424
0.326250,2.419436
0.326750,1.024181
0.327250,2.464612
0.327750,1.341761
0.328250,1.379391
0.328750,1.267312
0.329250,1.779654
0.329750,1.108071
0.330250,1.320723
0.330750,1.184525
0.331250,1.178967
0.331750,1.124561
0.332250,1.654290
0.332750,1.252385
0.333250,1.681187
0.333750,1.529975
0.334250,1.184157
0.334750,1.128612
0.335250,0.931476
0.335750,1.649354
0.336250,0.030943
0.336750,0.494950
0.337250,1.241248
0.337750,1.293441
0.338250,1.130768
0.338750,1.595230
0.339250,1.611218
0.339750,1.464392
0.340250,1.430937
0.340750,1.559298
0.341250,1.250631
0.341750,1.372493
0.342250,0.864112
0.342750,1.971899
0.343250,0.779612
0.343750,1.132960
0.344250,1.745882
0.344750,2.027069
0.345250,1.012563
0.345750,1.522597
0.346250,1.902549
0.346750,2.957093
0.347250,2.131690
0.347750,1.038545
0.348250,1.679235
0.348750,2.181261
0.349250,3.243749
0.349750,1.579057
0.350250,0.613386
0.350750,1.258163
0.351250,1.939614
0.351750,2.882333
0.352250,0.792545
0.352750,1.018760
0.353250,1.563273
0.353750,1.639665
0.354250,0.544323
0.354750,2.705413
0.355250,1.339804
0.355750,1.594995
0.356250,2.407887
0.356750,2.279850
0.357250,0.775271
0.357750,1.851823
0.358250,0.973342
0.358750,0.350527
0.359250,0.686874
0.359750,0.961243
0.360250,0.688004
0.360750,0.917260
0.361250,2.448307
0.361750,0.266500
0.362250,1.113345
0.362750,0.325059
0.363250,0.544978
0.363750,0.424294
0.364250,0.776578
0.364750,0.586567
0.365250,2.317714
0.365750,0.453078
0.366250,2.250533
0.366750,0.665606
0.367250,0.529637
0.367750,1.442895
0.368250,1.807139
0.368750,0.768472
0.369250,0.805344
0.369750,1.606695
0.370250,2.386585
0.370750,0.029336
0.371250,1.822687
0.371750,-0.963272
0.372250,1.635249
0.372750,1.813071
0.373250,2.050787
0.373750,0.143399
0.374250,0.974260
0.374750,1.987725
0.375250,0.531035
0.375750,1.328142
0.376250,0.174832
0.376750,2.016867
0.377250,1.203142
0.377750,0.959674
0.378250,1.904138
0.378750,1.473749
0.379250,1.669697
0.379750,2.217408
0.380250,2.731878
0.380750,2.357233
0.381250,2.222492
0.381750,1.719815
0.382250,-0.128213
0.382750,2.040516
0.383250,1.806544
0.383750,2.465252
0.384250,2.247485
0.384750,3.010155
0.385250,1.437264
0.385750,2.901263
0.386250,2.712567
0.386750,2.147680
0.387250,1.351286
0.387750,1.747368
0.388250,3.339381
0.388750,1.711924
0.389250,2.645414
0.389750,2.292302
0.390250,4.188403
0.390750,1.731679
0.391250,3.288844
0.391750,2.538817
0.392250,2.195960
0.392750,2.356728
0.393250,2.751422
0.393750,4.133752
0.394250,2.452704
0.394750,3.004302
0.395250,3.089197
0.395750,2.920257
0.396250,3.713241
0.396750,2.927482
0.397250,2.074299
0.397750,2.824364
0.398250,2.665284
0.398750,2.769473
0.399250,2.834934
0.399750,2.483090
0.400250,3.258894
0.400750,3.543319
0.401250,2.144572
0.401750,2.366727
0.402250,1.930355
0.402750,1.908121
0.403250,2.643241
0.403750,1.834226
0.404250,2.116074
0.404750,1.377901
0.405250,0.967901
0.405750,2.437446
0.406250,2.460262
0.406750,1.790174
0.407250,1.049652
0.407750,2.006005
0.408250,1.629376
0.408750,2.335536
0.409250,1.688423
0.409750,1.961762
0.410250,1.341469
0.410750,1.305577
0.411250,1.453263
0.411750,1.641780
0.412250,1.283870
0.412750,1.619705
0.413250,2.680847
0.413750,1.321383
0.414250,1.498123
0.414750,1.973870
0.415250,2.778776
0.415750,1.372259
0.416250,3.857507
0.416750,2.363298
0.417250,1.580953
0.417750,1.959836
0.418250,1.182543
0.418750,1.374776
0.419250,1.107402
0.419750,1.871295
0.420250,1.657275
0.420750,1.184939
0.421250,1.195976
0.421750,0.131746
0.422250,2.685407
0.422750,0.733761
0.423250,0.513059
0.423750,0.697504
0.424250,1.757253
0.424750,1.013462
0.425250,0.520219
0.425750,0.910551
0.426250,0.722851
0.426750,-0.504193
0.427250,0.209814
0.427750,0.350748
0.428250,-0.212465
0.428750,0.772937
0.429250,0.824836
0.429750,0.864226
0.430250,0.352110
0.430750,1.187266
0.431250,0.940230
0.431750,1.912367
0.432250,1.349416
0.432750,1.061766
0.433250,1.302262
0.433750,-0.348261
0.434250,2.724472
0.434750,1.513000
0.435250,2.326392
0.435750,1.713818
0.436250,1.776334
0.436750,1.506739
0.437250,1.182233
0.437750,0.897291
0.438250,2.101045
0.438750,1.572654
0.439250,1.078394
0.439750,0.955431
0.440250,1.065131
0.440750,1.380702
0.441250,1.087143
0.441750,1.970579
0.442250,1.112472
0.442750,0.508168
0.443250,1.627021
0.443750,1.662129
0.444250,0.287445
0.444750,0.557112
0.445250,1.982577
0.445750,0.708747
0.446250,1.458964
0.446750,1.435825
0.447250,2.567085
0.447750,1.335165
0.448250,0.993592
0.448750,0.929054
0.449250,1.749696
0.449750,2.643428
0.450250,2.210480
0.450750,2.083264
0.451250,1.875475
0.451750,0.505923
0.452250,2.205883
0.452750,2.239578
0.453250,1.482971
0.453750,1.609997
0.454250,0.759014
0.454750,2.336765
0.455250,2.386560
0.455750,1.858400
0.456250,1.355246
0.456750,1.529167
0.457250,1.362266
0.457750,2.325537
0.458250,2.526231
0.458750,1.574114
0.459250,0.488245
0.459750,2.531585
0.460250,2.568733
0.460750,2.664577
0.461250,3.029249
0.461750,2.986270
0.462250,2.216971
0.462750,2.558515
0.463250,3.511850
0.463750,2.588296
0.464250,1.218830
0.464750,2.337260
0.465250,2.771131
0.465750,3.736228
0.466250,2.677527
0.466750,2.613846
0.467250,2.847797
0.467750,2.665670
0.468250,4.435342
0.468750,2.895610
0.469250,1.940154
0.469750,1.877294
0.470250,2.738548
0.470750,2.621876
0.471250,2.616549
0.471750,2.840883
0.472250,2.124215
0.472750,3.500551
0.473250,2.655608
0.473750,2.601710
0.474250,3.199893
0.474750,1.741454
0.475250,3.257484
0.475750,1.815893
0.476250,2.067245
0.476750,3.299957
0.477250,3.310255
0.477750,2.343355
0.478250,2.353746
0.478750,2.960762
0.479250,1.913665
0.479750,2.022802
0.480250,1.707195
0.480750,2.935004
0.481250,2.523984
0.481750,2.206708
0.482250,1.550335
0.482750,1.988702
0.483250,2.465703
0.483750,2.773183
0.484250,2.616830
0.484750,1.907598
0.485250,2.009547
0.485750,1.933474
0.486250,0.790934
0.486750,3.556311
0.487250,2.012978
0.487750,3.635419
0.488250,2.969125
0.488750,2.840569
0.489250,1.487069
0.489750,3.324067
0.490250,2.890677
0.490750,2.145356
0.491250,2.837143
0.491750,1.636952
0.492250,2.150362
0.492750,1.343867
0.493250,2.143183
0.493750,2.424571
0.494250,3.292120
0.494750,1.944309
0.495250,1.801352
0.495750,1.306238
0.496250,1.197396
0.496750,2.756762
0.497250,2.494690
0.497750,1.532319
0.498250,1.366313
0.498750,2.618868
0.499250,1.880914
0.499750,1.930688
0.500250,2.099363
0.500750,1.658092
0.501250,0.690663
0.501750,1.149170
0.502250,1.560047
0.502750,1.305955
0.503250,0.504724
0.503750,0.501101
0.504250,1.364199
0.504750,0.218112
0.505250,1.404144
0.505750,1.745941
0.506250,1.139996
0.506750,1.608108
0.507250,2.067372
0.507750,-0.004827
0.508250,0.530079
0.508750,0.185807
0.509250,1.017240
0.509750,0.848170
0.510250,2.495501
0.510750,2.035608
0.511250,0.602257
0.511750,1.480094
0.512250,1.360974
0.512750,1.670202
0.513250,0.218201
0.513750,0.623817
0.514250,1.865592
0.514750,1.882473
0.515250,0.436585
0.515750,-0.131169
0.516250,2.494856
0.516750,0.988236
0.517250,2.469192
0.517750,1.330444
0.518250,1.771709
0.518750,1.556189
0.519250,1.271992
0.519750,1.631102
0.520250,2.199412
0.520750,2.277005
0.521250,1.754080
0.521750,0.605534
0.522250,2.558664
0.522750,1.437584
0.523250,1.083613
0.523750,2.032395
0.524250,1.412513
0.524750,1.785418
0.525250,1.814758
0.525750,1.702499
0.526250,2.638587
0.526750,1.484402
0.527250,1.205369
0.527750,0.154002
0.528250,1.457637
0.528750,1.017130
0.529250,0.584886
0.529750,0.417768
0.530250,0.104516
0.530750,1.666240
0.531250,1.728433
0.531750,0.662352
0.532250,0.527200
0.532750,0.191559
0.533250,1.999206
0.533750,0.345950
0.534250,-0.137555
0.534750,0.381884
0.535250,1.248134
0.535750,1.767734
0.536250,1.138439
0.536750,0.485287
0.537250,1.805295
0.537750,2.455786
0.538250,2.685235
0.538750,1.481039
0.539250,0.357700
0.539750,1.206308
0.540250,1.338866
0.540750,0.980367
0.541250,2.024520
0.541750,1.467680
0.542250,1.920824
0.542750,2.442860
0.543250,1.501557
0.543750,1.591806
0.544250,0.633022
0.544750,1.411238
0.545250,2.031656
0.545750,1.480632
0.546250,2.052770
0.546750,1.044281
0.547250,0.655409
0.547750,1.327992
0.548250,2.630862
0.548750,2.415170
0.549250,1.494624
0.549750,2.516489
0.550250,0.504969
0.550750,1.290112
0.551250,2.752127
0.551750,1.337033
0.552250,1.489401
0.552750,1.697413
0.553250,1.750719
0.553750,0.288593
0.554250,1.850714
0.554750,2.443827
0.555250,0.449496
0.555750,2.745173
0.556250,1.438347
0.556750,0.614387
0.557250,0.282870
0.557750,0.674579
0.558250,1.159993
0.558750,-0.462184
0.559250,0.623701
0.559750,-0.288130
0.560250,2.440461
0.560750,2.329092
0.561250,1.923226
0.561750,1.182722
0.562250,-1.489661
0.562750,-0.104399
0.563250,0.573371
0.563750,1.620591
0.564250,0.387337
0.564750,1.517027
0.565250,0.116767
0.565750,0.651628
0.566250,0.058910
0.566750,2.697085
0.567250,1.796331
0.567750,0.927879
0.568250,1.059528
0.568750,-0.006828
0.569250,-0.190698
0.569750,0.361647
0.570250,0.809055
0.570750,0.254428
0.571250,0.175003
0.571750,-0.579062
0.572250,0.293525
0.572750,-1.000739
0.573250,1.598560
0.573750,-0.160236
0.574250,0.253106
0.574750,-0.028591
0.575250,-1.148487
0.575750,-0.506166
0.576250,-0.932845
0.576750,1.039370
0.577250,1.164583
0.577750,0.138171
0.578250,-0.022770
0.578750,-0.442145
0.579250,-0.604325
0.579750,-1.684230
0.580250,-0.769909
0.580750,-0.923331
0.581250,-0.491666
0.581750,-0.763051
0.582250,-1.059451
0.582750,-0.657476
0.583250,-0.168878
0.583750,-0.625687
0.584250,0.092497
0.584750,-0.258860
0.585250,-0.022496
0.585750,-1.374034
0.586250,-1.615930
0.586750,0.485779
0.587250,0.129111
0.587750,-1.169802
0.588250,-1.113177
0.588750,-2.777004
0.589250,0.148690
0.589750,-1.682735
0.590250,-2.208921
0.590750,-0.856727
0.591250,-0.168274
0.591750,-0.958298
0.592250,0.161570
0.592750,-1.409006
0.593250,0.851116
0.593750,-0.950394
0.594250,-0.982036
0.594750,0.472934
0.595250,-0.752611
0.595750,-1.742555
0.596250,-0.840610
0.596750,1.332046
0.597250,0.135450
0.597750,1.172144
0.598250,0.934218
0.598750,-0.234749
0.599250,0.932441
0.599750,-0.375446
0.600250,0.256160
0.600750,-0.058234
0.601250,-0.006433
0.601750,0.008727
0.602250,-0.957253
0.602750,0.881659
0.603250,0.753755
0.603750,-0.468922
0.604250,0.889079
0.604750,0.026370
0.605250,-0.687034
0.605750,0.645462
0.606250,-1.040899
0.606750,-0.441064
0.607250,0.808753
0.607750,-0.990282
0.608250,-1.273042
0.608750,0.714559
0.609250,-0.032287
0.609750,0.157501
0.610250,0.632272
0.610750,0.954060
0.611250,0.230800
0.611750,1.237871
0.612250,0.243060
0.612750,-1.715479
0.613250,-1.165659
0.613750,0.280127
0.614250,-1.090987
0.614750,0.467398
0.615250,0.377352
0.615750,-0.437462
0.616250,-1.835492
0.616750,0.157987
0.617250,-0.010781
0.617750,-0.128544
0.618250,1.031528
0.618750,-0.358398
0.619250,-2.041083
0.619750,-0.229524
0.620250,-0.994265
0.620750,-0.494693
0.621250,-0.016580
0.621750,0.387204
0.622250,1.377439
0.622750,-0.043971
0.623250,1.144930
0.623750,-1.048695
0.624250,-0.194186
0.624750,0.793984
0.625250,-0.498331
0.625750,-1.550183
0.626250,-1.099766
0.626750,0.524809
0.627250,0.207798
0.627750,1.904676
0.628250,1.017559
0.628750,1.112611
0.629250,1.728094
0.629750,0.951760
0.630250,0.188183
0.630750,0.897233
0.631250,0.841872
0.631750,0.276562
0.632250,0.307323
0.632750,0.032840
0.633250,1.627964
0.633750,0.625221
0.634250,-0.753431
0.634750,1.150022
0.635250,0.203338
0.635750,-0.031477
0.636250,1.149197
0.636750,2.507433
0.637250,1.214277
0.637750,0.499364
0.638250,0.754334
0.638750,2.302223
0.639250,1.274564
0.639750,0.083712
0.640250,1.333510
0.640750,0.777564
0.641250,1.128567
0.641750,-0.982468
0.642250,-0.052415
0.642750,1.255611
0.643250,0.472922
0.643750,1.556283
0.644250,1.414143
0.644750,0.324911
0.645250,0.322801
0.645750,-0.264226
0.646250,-0.791721
0.646750,-0.419221
0.647250,1.105443
0.647750,2.291119
0.648250,1.552900
0.648750,-0.034555
0.649250,-0.333371
0.649750,0.947634
0.650250,1.529743
0.650750,1.098490
0.651250,-0.466734
0.651750,0.944182
0.652250,1.175082
0.652750,1.188213
0.653250,1.153724
0.653750,0.047619
0.654250,0.310353
0.654750,1.197768
0.655250,-0.474897
0.655750,0.999646
0.656250,0.561848
0.656750,0.418455
0.657250,0.220481
0.657750,-0.259896
0.658250,0.328779
0.658750,1.405155
0.659250,-0.837262
0.659750,1.104199
0.660250,-0.812262
0.660750,-0.078728
0.661250,0.553629
0.661750,-0.677417
0.662250,-1.183963
0.662750,-1.255347
0.663250,0.802135
0.663750,-0.434016
0.664250,0.335252
0.664750,0.324694
0.665250,0.158839
0.665750,-0.697875
0.666250,-0.209938
0.666750,0.133957
0.667250,1.113471
0.667750,-0.141249
0.668250,-1.500702
0.668750,-1.634493
0.669250,-0.623823
0.669750,-0.193140
0.670250,-2.161995
0.670750,0.435037
0.671250,0.254356
0.671750,-0.084004
0.672250,-0.420728
0.672750,-2.001646
0.673250,-1.249300
0.673750,-1.492358
0.674250,-1.470713
0.674750,-2.351795
0.675250,-1.324419
0.675750,-0.841181
0.676250,-1.683725
0.676750,0.637817
0.677250,-0.196179
0.677750,-2.620506
0.678250,-1.157779
0.678750,-1.220187
0.679250,-1.699616
0.679750,-2.906718
0.680250,-1.226418
0.680750,-0.197138
0.681250,-1.896537
0.681750,-2.552563
0.682250,-2.730100
0.682750,-1.768157
0.683250,-1.508725
0.683750,-1.510406
0.684250,-1.519657
0.684750,-1.812317
0.685250,0.363271
0.685750,-0.898077
0.686250,-2.663079
0.686750,-0.437635
0.687250,-0.340680
0.687750,-1.791523
0.688250,-1.223133
0.688750,-1.155752
0.689250,-0.523447
0.689750,-0.658835
0.690250,-0.408006
0.690750,0.928444
0.691250,-0.627436
0.691750,-0.291468
0.692250,-1.747953
0.692750,-0.248731
0.693250,-0.997606
0.693750,0.221120
0.694250,-1.456368
0.694750,-0.326793
0.695250,-1.384299
0.695750,-0.960698
0.696250,-1.085080
0.696750,-0.985548
0.697250,-2.202930
0.697750,-1.882627
0.698250,-1.711404
0.698750,-1.903835
0.699250,-0.230887
0.699750,-0.753428
0.700250,-0.501259
0.700750,-1.483571
0.701250,-0.152744
0.701750,-2.490938
0.702250,-1.249457
0.702750,-0.765838
0.703250,-0.371482
0.703750,-0.354944
0.704250,-0.756808
0.704750,-0.651458
0.705250,-1.285410
0.705750,-0.471075
0.706250,-2.352175
0.706750,-1.875463
0.707250,-0.851311
0.707750,-0.797145
0.708250,-0.783290
0.708750,-1.914991
0.709250,-0.763763
0.709750,-0.279429
0.710250,-0.853181
0.710750,0.771713
0.711250,-1.271974
0.711750,-0.620889
0.712250,-0.957703
0.712750,-0.304776
0.713250,-2.225819
0.713750,-0.292653
0.714250,0.065964
0.714750,-0.251781
0.715250,-1.688082
0.715750,-1.760628
0.716250,-0.849707
0.716750,-0.466832
0.717250,-0.927365
0.717750,0.825016
0.718250,1.087466
0.718750,0.252306
0.719250,0.796873
0.719750,-0.790416
0.720250,-0.565205
0.720750,-0.606380
0.721250,-0.055879
0.721750,0.134180
0.722250,-0.510317
0.722750,0.706563
0.723250,1.460508
0.723750,-0.296567
0.724250,0.368242
0.724750,0.439384
0.725250,-0.733810
0.725750,0.033651
0.726250,-0.914211
0.726750,1.684729
0.727250,-1.739265
0.727750,-1.207239
0.728250,-0.653111
0.728750,-0.817805
0.729250,-1.398613
0.729750,-2.546861
0.730250,-0.835062
0.730750,0.152514
0.731250,-0.871293
0.731750,0.384974
0.732250,-1.562931
0.732750,0.065764
0.733250,0.700974
0.733750,-1.624845
0.734250,-1.483126
0.734750,-1.904441
0.735250,-0.971837
0.735750,-1.161799
0.736250,-0.544459
0.736750,-0.994088
0.737250,-0.839562
0.737750,-1.189603
0.738250,-3.173443
0.738750,-1.162646
0.739250,-1.069213
0.739750,-1.466898
0.740250,-1.553413
0.740750,-2.196633
0.741250,-1.306941
0.741750,-1.014218
0.742250,-1.392198
0.742750,-1.123207
0.743250,-0.308690
0.743750,-1.844387
0.744250,-3.038954
0.744750,-3.208250
0.745250,-1.836021
0.745750,-0.472466
0.746250,-2.219778
0.746750,-1.622041
0.747250,-1.705286
0.747750,0.198880
0.748250,-1.851160
0.748750,-1.877048
0.749250,-0.562402
0.749750,-0.106315
0.750250,-0.123764
0.750750,-2.497481
0.751250,-3.860410
0.751750,-1.792850
0.752250,-1.916283
0.752750,-0.797597
0.753250,-2.242048
0.753750,-0.028193
0.754250,-0.767282
0.754750,-1.535236
0.755250,-2.064064
0.755750,-3.506242
0.756250,-1.379429
0.756750,-2.005946
0.757250,-0.850687
0.757750,-2.693434
0.758250,-1.906954
0.758750,-2.550607
0.759250,-3.236080
0.759750,-2.177527
0.760250,-3.371686
0.760750,-2.505555
0.761250,-1.408763
0.761750,-0.993431
0.762250,-4.188653
0.762750,-3.056510
0.763250,-2.477352
0.763750,-2.634507
0.764250,-3.614769
0.764750,-3.676799
0.765250,-5.262994
0.765750,-3.164604
0.766250,-2.835716
0.766750,-2.679239
0.767250,-3.645837
0.767750,-2.810971
0.768250,-3.091994
0.768750,-4.047962
0.769250,-2.908968
0.769750,-3.593132
0.770250,-1.785935
0.770750,-2.064733
0.771250,-2.264938
0.771750,-3.448094
0.772250,-2.538044
0.772750,-3.721440
0.773250,-2.819939
0.773750,-2.815195
0.774250,-1.489625
0.774750,-3.464468
0.775250,-2.797212
0.775750,-3.093787
0.776250,-3.737401
0.776750,-4.104954
0.777250,-2.095037
0.777750,-2.429699
0.778250,-1.895252
0.778750,-4.087023
0.779250,-3.439372
0.779750,-1.962939
0.780250,-2.625197
0.780750,-1.724069
0.781250,-2.947493
0.781750,-2.859265
0.782250,-2.180270
0.782750,-0.224428
0.783250,-3.555722
0.783750,-2.044052
0.784250,-0.766695
0.784750,-2.593501
0.785250,-1.903418
0.785750,-0.980929
0.786250,-3.117071
0.786750,-2.953071
0.787250,-2.789660
0.787750,-2.222221
0.788250,-0.941308
0.788750,-1.328082
0.789250,-2.271337
0.789750,-2.242686
0.790250,-3.546074
0.790750,-1.955090
0.791250,-2.479281
0.791750,-1.971382
0.792250,-3.686292
0.792750,-2.312051
0.793250,-2.261621
0.793750,-3.134506
0.794250,-2.440372
0.794750,-3.547873
0.795250,-1.884800
0.795750,-3.309898
0.796250,-4.131987
0.796750,-3.564408
0.797250,-2.681954
0.797750,-1.642085
0.798250,-2.911359
0.798750,-1.378678
0.799250,-4.051181
0.799750,-2.698215
0.800250,-1.398577
0.800750,-2.807072
0.801250,-2.318923
0.801750,-1.470875
0.802250,-1.756981
0.802750,-2.767894
0.803250,-3.088684
0.803750,-1.212396
0.804250,-2.368051
0.804750,-1.906960
0.805250,-2.858623
0.805750,-1.979439
0.806250,-2.907168
0.806750,-2.370079
0.807250,-2.862493
0.807750,-0.844224
0.808250,-2.408413
0.808750,-1.536494
0.809250,-2.700286
0.809750,-2.825977
0.810250,-1.897312
0.810750,-1.617119
0.811250,-2.853700
0.811750,-1.226708
0.812250,-2.312103
0.812750,-1.292275
0.813250,-1.139229
0.813750,-1.777529
0.814250,-1.187457
0.814750,-0.869767
0.815250,-0.776438
0.815750,-0.920676
0.816250,-1.992696
0.816750,0.173709
0.817250,-1.577415
0.817750,0.455774
0.818250,-1.418436
0.818750,-0.256701
0.819250,-0.613469
0.819750,-1.610624
0.820250,-0.829679
0.820750,-0.604122
0.821250,0.177178
0.821750,-0.722368
0.822250,-1.464493
0.822750,-0.372946
0.823250,-0.343314
0.823750,-2.090673
0.824250,-2.165052
0.824750,-0.983277
0.825250,-1.332386
0.825750,-3.105121
0.826250,0.600251
0.826750,0.385353
0.827250,-1.082889
0.827750,-0.715904
0.828250,-0.050494
0.828750,-1.226497
0.829250,-0.781314
0.829750,-1.246925
0.830250,0.615310
0.830750,-2.592611
0.831250,-1.368598
0.831750,-2.127187
0.832250,-1.445988
0.832750,-2.065222
0.833250,-0.548222
0.833750,-1.359712
0.834250,-1.848914
0.834750,-0.083042
0.835250,1.032613
0.835750,-1.592985
0.836250,-0.439597
0.836750,-1.829645
0.837250,-1.242335
0.837750,-2.634180
0.838250,-1.238847
0.838750,-0.893524
0.839250,-0.519409
0.839750,-0.549883
0.840250,-0.823993
0.840750,-1.454666
0.841250,-0.229213
0.841750,0.390404
0.842250,-0.760003
0.842750,-0.943473
0.843250,-0.870700
0.843750,-1.416308
0.844250,-3.180465
0.844750,-3.179921
0.845250,-1.822025
0.845750,-2.185795
0.846250,-1.399993
0.846750,-0.903328
0.847250,-0.511210
0.847750,-0.312879
0.848250,-0.535193
0.848750,-2.412519
0.849250,-3.114840
0.849750,-0.783652
0.850250,-0.143926
0.850750,-1.504423
0.851250,-1.178752
0.851750,-1.968189
0.852250,0.413046
0.852750,-0.232035
0.853250,1.006498
0.853750,-0.991563
0.854250,-0.243781
0.854750,-0.935498
0.855250,-1.425828
0.855750,-0.896534
0.856250,-1.118303
0.856750,0.651310
0.857250,0.031735
0.857750,-1.071538
0.858250,-1.222453
0.858750,-0.413135
0.859250,-3.203175
0.859750,-0.931088
0.860250,-1.648620
0.860750,-2.090500
0.861250,-1.038934
0.861750,-0.985174
0.862250,0.071584
0.862750,-1.742198
0.863250,-0.376770
0.863750,-2.348392
0.864250,-2.808708
0.864750,-1.784168
0.865250,-1.732619
0.865750,-3.249907
0.866250,-2.010516
0.866750,-1.827295
0.867250,-2.742448
0.867750,-3.062413
0.868250,-1.378557
0.868750,-3.390612
0.869250,-1.187672
0.869750,-3.266045
0.870250,-3.345758
0.870750,-1.136636
0.871250,-0.549735
0.871750,-2.002193
0.872250,-2.083197
0.872750,-1.914629
0.873250,-3.578686
0.873750,-2.353082
0.874250,-1.670475
0.874750,-4.222350
0.875250,-2.052553
0.875750,-2.715761
0.876250,-0.785377
0.876750,-2.306121
0.877250,-2.156470
0.877750,-2.121161
0.878250,-2.130047
0.878750,-1.901402
0.879250,-2.407578
0.879750,-1.671228
0.880250,-2.994367
0.880750,-1.746978
0.881250,-1.191645
0.881750,-1.458822
0.882250,-1.612777
0.882750,-3.247338
0.883250,-1.152949
0.883750,0.010612
0.884250,0.123210
0.884750,-1.678190
0.885250,-1.361624
0.885750,-2.446005
0.886250,-0.837717
0.886750,-0.907465
0.887250,-1.596422
0.887750,-2.296024
0.888250,-1.419389
0.888750,-0.148068
0.889250,-1.981639
0.889750,-2.483277
0.890250,-3.159648
0.890750,-2.716164
0.891250,-0.879244
0.891750,0.375154
0.892250,-1.946121
0.892750,-2.888757
0.893250,-4.373395
0.893750,-3.665790
0.894250,-2.647357
0.894750,0.875216
0.895250,-1.392265
0.895750,-0.999055
0.896250,-0.292637
0.896750,0.875544
0.897250,-2.082145
0.897750,-1.277816
0.898250,-1.016009
0.898750,-1.978978
0.899250,-0.719785
0.899750,-2.283393
0.900250,-2.138460
0.900750,-0.771754
0.901250,-2.994528
0.901750,-2.729483
0.902250,-0.387299
0.902750,-3.497110
0.903250,-0.031129
0.903750,-1.850766
0.904250,-2.401503
0.904750,-0.367838
0.905250,-2.167221
0.905750,-1.528832
0.906250,-0.879462
0.906750,-1.518709
0.907250,0.317169
0.907750,-1.911907
0.908250,-1.376411
0.908750,-0.195446
0.909250,-0.219120
0.909750,-1.238623
0.910250,-1.751281
0.910750,-0.662318
0.911250,-2.532528
0.911750,-2.284459
0.912250,-1.401535
0.912750,-2.144844
0.913250,0.494187
0.913750,-0.561576
0.914250,-1.520519
0.914750,0.302265
0.915250,-1.786284
0.915750,-1.184799
0.916250,-0.453503
0.916750,-0.111522
0.917250,0.505076
0.917750,0.558621
0.918250,1.014611
0.918750,-0.782908
0.919250,-1.065538
0.919750,-0.055454
0.920250,0.548343
0.920750,-2.204238
0.921250,-0.925061
0.921750,-0.826799
0.922250,0.587011
0.922750,1.187270
0.923250,-0.256454
0.923750,-0.427644
0.924250,-0.088509
0.924750,-3.100656
0.925250,-0.032959
0.925750,0.829947
0.926250,-1.276752
0.926750,0.069950
0.927250,-0.940416
0.927750,-1.867963
0.928250,-0.554225
0.928750,-0.968811
0.929250,1.309178
0.929750,0.442989
0.930250,1.155011
0.930750,-0.473583
0.931250,1.321245
0.931750,-1.012657
0.932250,-1.136064
0.932750,-0.328282
0.933250,-0.108736
0.933750,0.189938
0.934250,0.281505
0.934750,-0.871388
0.935250,-1.983980
0.935750,-0.385045
0.936250,-1.231568
0.936750,-1.150045
0.937250,0.703894
0.937750,-1.297173
0.938250,-0.093143
0.938750,-0.479539
0.939250,-1.022082
0.939750,-0.300610
0.940250,-0.656975
0.940750,-0.050333
0.941250,-0.902967
0.941750,-1.568612
0.942250,-1.183024
0.942750,-0.941686
0.943250,-0.257969
0.943750,-1.285555
0.944250,-2.403861
0.944750,-1.001386
0.945250,0.406757
0.945750,-2.994354
0.946250,-1.185281
0.946750,-0.058032
0.947250,0.281924
0.947750,-2.027759
0.948250,-0.845821
0.948750,-1.640484
0.949250,-0.527240
0.949750,-1.856068
0.950250,-1.508373
0.950750,-1.229437
0.951250,-1.595575
0.951750,-0.953122
0.952250,-2.090710
0.952750,-1.057865
0.953250,0.099166
0.953750,-1.768164
0.954250,-1.133243
0.954750,-0.321491
0.955250,-0.946709
0.955750,-1.576931
0.956250,-4.013461
0.956750,-3.623415
0.957250,-0.754303
0.957750,-1.116127
0.958250,-2.439316
0.958750,0.136552
0.959250,-0.373023
0.959750,-3.107298
0.960250,-2.003408
0.960750,-1.614957
0.961250,-1.264675
0.961750,-0.985410
0.962250,-0.243403
0.962750,0.672664
0.963250,-1.603197
0.963750,-1.797430
0.964250,-3.589394
0.964750,-0.566852
0.965250,-2.352183
0.965750,-1.360865
0.966250,-2.321047
0.966750,-0.492246
0.967250,-3.331113
0.967750,-1.014057
0.968250,-1.961329
0.968750,-4.253687
0.969250,-2.683113
0.969750,-3.997994
0.970250,-1.065215
0.970750,-1.117853
0.971250,-3.620040
0.971750,-2.257625
0.972250,-2.847072
0.972750,-2.990460
0.973250,-2.463209
0.973750,-1.051089
0.974250,-3.527869
0.974750,-2.905237
0.975250,-3.211203
0.975750,-3.441920
0.976250,-1.715774
0.976750,-3.457550
0.977250,-2.755025
0.977750,-0.139652
0.978250,-2.734357
0.978750,-1.630328
0.979250,-1.673519
0.979750,-0.416271
0.980250,-1.373476
0.980750,-2.861286
0.981250,-3.598010
0.981750,-0.925207
0.982250,-1.584458
0.982750,-3.043711
0.983250,0.034660
0.983750,-0.155507
0.984250,-1.194145
0.984750,-0.755225
0.985250,-2.356634
0.985750,-0.869289
0.986250,0.694058
0.986750,-1.912906
0.987250,-1.064512
0.987750,0.642954
0.988250,-1.486109
0.988750,-3.630459
0.989250,-1.699432
0.989750,-1.699098
0.990250,0.426702
0.990750,-0.387424
0.991250,-0.953334
0.991750,-0.810426
0.992250,0.195698
0.992750,-1.252256
0.993250,-0.625220
0.993750,-2.319322
0.994250,-2.150299
0.994750,-2.947345
0.995250,-2.244942
0.995750,-1.138395
0.996250,-0.425701
0.996750,-0.197915
0.997250,-0.581140
0.997750,-0.361844
0.998250,-0.472840
0.998750,-2.162878
0.999250,-0.222955
0.999750,-1.663987
