0.000250,-0.005502
0.000750,0.163239
0.001250,0.244528
0.001750,-0.231386
0.002250,-0.221968
0.002750,-0.214086
0.003250,-0.328108
0.003750,0.009288
0.004250,0.477920
0.004750,0.044455
0.005250,0.442734
0.005750,0.024917
0.006250,-0.238528
0.006750,-0.425184
0.007250,-0.403536
0.007750,0.391361
0.008250,-0.188735
0.008750,0.293856
0.009250,-0.113977
0.009750,-0.136959
0.010250,-0.621800
0.010750,-0.549136
0.011250,0.190980
0.011750,0.523625
0.012250,0.867928
0.012750,-0.205938
0.013250,0.011881
0.013750,1.249116
0.014250,-0.192468
0.014750,0.609124
0.015250,1.273842
0.015750,1.781332
0.016250,0.047566
0.016750,1.234698
0.017250,1.560002
0.017750,0.907547
0.018250,0.488057
0.018750,1.728896
0.019250,1.563252
0.019750,1.357661
0.020250,1.905413
0.020750,0.420767
0.021250,-0.145668
0.021750,0.291710
0.022250,0.431781
0.022750,1.394598
0.023250,1.371888
0.023750,-0.659981
0.024250,0.106886
0.024750,1.497493
0.025250,1.903599
0.025750,1.072764
0.026250,-0.732924
0.026750,3.349845
0.027250,0.560983
0.027750,1.778549
0.028250,1.411540
0.028750,0.495646
0.029250,1.634689
0.029750,1.165502
0.030250,1.454926
0.030750,1.516639
0.031250,0.941634
0.031750,1.395756
0.032250,0.583304
0.032750,0.302437
0.033250,0.153511
0.033750,1.750823
0.034250,0.858566
0.034750,2.446948
0.035250,1.375458
0.035750,3.247659
0.036250,0.265909
0.036750,1.594045
0.037250,-0.668804
0.037750,1.338748
0.038250,0.156451
0.038750,1.580308
0.039250,0.386001
0.039750,0.997688
0.040250,-0.607837
0.040750,1.328055
0.041250,0.487013
0.041750,0.638400
0.042250,2.076265
0.042750,1.042857
0.043250,1.061836
0.043750,0.458291
0.044250,0.683947
0.044750,1.092020
0.045250,-0.487080
0.045750,2.268580
0.046250,0.370582
0.046750,-0.959691
0.047250,1.738191
0.047750,1.081163
0.048250,1.344227
0.048750,0.411656
0.049250,0.277135
0.049750,2.321701
0.050250,-0.220166
0.050750,1.945562
0.051250,-1.544185
0.051750,0.210599
0.052250,-0.262313
0.052750,1.236428
0.053250,1.339929
0.053750,-0.757139
0.054250,1.775302
0.054750,2.000519
0.055250,1.722403
0.055750,0.699514
0.056250,0.235059
0.056750,2.467285
0.057250,1.924521
0.057750,2.528594
0.058250,-0.244413
0.058750,3.355297
0.059250,2.104731
0.059750,2.474560
0.060250,1.557604
0.060750,0.856379
0.061250,2.734246
0.061750,-0.733319
0.062250,0.864104
0.062750,2.464892
0.063250,1.079795
0.063750,0.592892
0.064250,1.261741
0.064750,3.220983
0.065250,2.306126
0.065750,-1.633223
0.066250,0.615598
0.066750,2.105212
0.067250,1.235699
0.067750,1.378771
0.068250,1.857124
0.068750,0.231617
0.069250,0.830588
0.069750,2.338470
0.070250,-2.492843
0.070750,1.784589
0.071250,-1.444628
0.071750,1.858697
0.072250,-1.687936
0.072750,2.783758
0.073250,-1.643908
0.073750,0.776085
0.074250,-0.187902
0.074750,-1.454016
0.075250,2.340809
0.075750,2.937957
0.076250,2.898699
0.076750,0.922828
0.077250,1.824912
0.077750,3.325892
0.078250,0.385936
0.078750,1.510503
0.079250,0.260813
0.079750,1.279414
0.080250,2.486033
0.080750,0.567560
0.081250,-0.222568
0.081750,-0.656195
0.082250,-0.712409
0.082750,-0.841245
0.083250,1.378186
0.083750,1.524789
0.084250,4.334935
0.084750,-0.164471
0.085250,0.500159
0.085750,3.372458
0.086250,0.473651
0.086750,0.262753
0.087250,-0.227847
0.087750,0.871606
0.088250,-0.343199
0.088750,-0.185217
0.089250,2.874712
0.089750,4.913043
0.090250,-0.123542
0.090750,0.553075
0.091250,-0.088315
0.091750,2.718415
0.092250,2.481702
0.092750,0.125552
0.093250,-0.038686
0.093750,0.185837
0.094250,3.999623
0.094750,-0.356555
0.095250,1.228608
0.095750,1.128288
0.096250,1.199452
0.096750,-1.036770
0.097250,0.162856
0.097750,2.907924
0.098250,0.945382
0.098750,-0.149435
0.099250,0.063630
0.099750,0.411333
0.100250,-3.473060
0.100750,-2.623919
0.101250,0.735373
0.101750,-2.416834
0.102250,0.504584
0.102750,0.075025
0.103250,-0.194807
0.103750,-1.193810
0.104250,-1.997683
0.104750,2.836852
0.105250,-1.204545
0.105750,1.365186
0.106250,2.325621
0.106750,-1.110068
0.107250,1.480588
0.107750,0.282865
0.108250,1.429888
0.108750,0.884733
0.109250,-0.434344
0.109750,2.026506
0.110250,0.683979
0.110750,0.971995
0.111250,2.322801
0.111750,0.099598
0.112250,-0.674448
0.112750,-0.197869
0.113250,-1.576821
0.113750,-0.869392
0.114250,-2.245333
0.114750,-0.066921
0.115250,2.807689
0.115750,-1.091777
0.116250,1.265864
0.116750,-1.458682
0.117250,0.326038
0.117750,-2.506512
0.118250,0.200172
0.118750,-2.290563
0.119250,2.223355
0.119750,1.573261
0.120250,0.984599
0.120750,-1.379611
0.121250,2.087726
0.121750,2.651275
0.122250,0.069608
0.122750,0.849055
0.123250,-2.695431
0.123750,-0.473073
0.124250,5.450257
0.124750,2.562032
0.125250,-0.658708
0.125750,0.622784
0.126250,-1.172222
0.126750,0.647110
0.127250,0.830990
0.127750,-0.502701
0.128250,0.372129
0.128750,-4.013711
0.129250,-0.167175
0.129750,3.425721
0.130250,1.316979
0.130750,-2.527469
0.131250,-3.524318
0.131750,-1.280920
0.132250,1.213900
0.132750,1.950972
0.133250,4.975899
0.133750,-2.072190
0.134250,2.845596
0.134750,-0.042670
0.135250,-0.504412
0.135750,-1.248082
0.136250,-0.907826
0.136750,-1.153829
0.137250,-1.189943
0.137750,-1.479446
0.138250,2.105351
0.138750,-2.850884
0.139250,-3.944474
0.139750,0.575745
0.140250,-3.099833
0.140750,-2.771565
0.141250,-1.960741
0.141750,-1.087975
0.142250,-0.066959
0.142750,-2.357481
0.143250,0.015738
0.143750,-1.267832
0.144250,1.459061
0.144750,-1.675558
0.145250,-1.447203
0.145750,-4.163469
0.146250,0.895388
0.146750,0.209130
0.147250,0.301181
0.147750,-1.781669
0.148250,-2.440521
0.148750,1.907457
0.149250,-2.308396
0.149750,-1.212268
0.150250,0.930070
0.150750,2.419340
0.151250,0.807793
0.151750,0.386763
0.152250,-0.268316
0.152750,0.069872
0.153250,-2.011853
0.153750,-1.499647
0.154250,-0.164408
0.154750,-5.275518
0.155250,0.423939
0.155750,-3.294754
0.156250,-3.215419
0.156750,-4.324873
0.157250,0.475836
0.157750,0.921775
0.158250,-0.649677
0.158750,-0.112842
0.159250,-1.110563
0.159750,-1.964291
0.160250,-3.551064
0.160750,-2.717049
0.161250,-1.445660
0.161750,-1.974307
0.162250,-0.014632
0.162750,1.036409
0.163250,0.194880
0.163750,-2.241999
0.164250,0.030916
0.164750,1.025093
0.165250,-0.740930
0.165750,-0.628976
0.166250,-2.476552
0.166750,-0.159343
0.167250,-0.938080
0.167750,1.426556
0.168250,-1.244173
0.168750,-1.113727
0.169250,0.307760
0.169750,-0.428058
0.170250,-4.723987
0.170750,-3.019443
0.171250,-0.580380
0.171750,2.003578
0.172250,0.703105
0.172750,-4.239994
0.173250,1.757971
0.173750,-0.961559
0.174250,-1.808770
0.174750,0.017607
0.175250,-0.581841
0.175750,-3.771933
0.176250,-2.938838
0.176750,3.963948
0.177250,0.763139
0.177750,-0.917492
0.178250,-1.331251
0.178750,-2.520966
0.179250,-0.215678
0.179750,-5.888875
0.180250,-2.125593
0.180750,-2.949048
0.181250,2.053661
0.181750,-1.411899
0.182250,2.045367
0.182750,-3.317661
0.183250,-0.206116
0.183750,1.358027
0.184250,-1.391975
0.184750,1.682147
0.185250,0.609706
0.185750,-2.719574
0.186250,-4.284722
0.186750,-0.704504
0.187250,-0.951757
0.187750,-0.408861
0.188250,-0.443436
0.188750,-2.324459
0.189250,-1.510774
0.189750,-3.780915
0.190250,-2.416087
0.190750,-1.456690
0.191250,2.714167
0.191750,-0.764007
0.192250,-0.239175
0.192750,-4.664146
0.193250,1.397628
0.193750,-3.111593
0.194250,1.915767
0.194750,-3.692827
0.195250,-5.647374
0.195750,3.164909
0.196250,-2.172411
0.196750,-1.677875
0.197250,2.672069
0.197750,-2.536087
0.198250,-4.475183
0.198750,-0.250856
0.199250,-1.685153
0.199750,-1.056715
0.200250,0.276175
0.200750,-2.298809
0.201250,-3.568724
0.201750,-0.663291
0.202250,-1.649933
0.202750,-2.995597
0.203250,-2.739326
0.203750,0.585425
0.204250,0.448761
0.204750,-1.880066
0.205250,3.505031
0.205750,-0.446753
0.206250,1.760069
0.206750,-3.210773
0.207250,1.660852
0.207750,-3.299645
0.208250,-0.455555
0.208750,0.538190
0.209250,0.540466
0.209750,-0.431907
0.210250,-1.720239
0.210750,-1.156178
0.211250,-3.534404
0.211750,3.716877
0.212250,2.101585
0.212750,-0.286910
0.213250,1.680237
0.213750,-0.683939
0.214250,-2.257331
0.214750,-3.046782
0.215250,0.441291
0.215750,1.090859
0.216250,1.175595
0.216750,1.108523
0.217250,-5.725563
0.217750,1.208092
0.218250,-1.017696
0.218750,4.217517
0.219250,0.003432
0.219750,-4.769014
0.220250,2.614647
0.220750,-2.294025
0.221250,-2.694426
0.221750,-3.154861
0.222250,1.638278
0.222750,1.150097
0.223250,0.820296
0.223750,-0.316212
0.224250,0.033787
0.224750,0.082013
0.225250,2.270043
0.225750,-2.751318
0.226250,-1.420181
0.226750,1.788238
0.227250,1.924530
0.227750,1.506090
0.228250,-1.468606
0.228750,1.704694
0.229250,2.856314
0.229750,5.355220
0.230250,-0.039715
0.230750,5.902048
0.231250,2.992075
0.231750,1.551338
0.232250,5.919096
0.232750,-1.459837
0.233250,4.424567
0.233750,0.491982
0.234250,1.390816
0.234750,-1.192710
0.235250,-1.039939
0.235750,-5.429336
0.236250,-4.500712
0.236750,-1.132930
0.237250,2.254592
0.237750,-5.234581
0.238250,-1.952682
0.238750,3.753388
0.239250,-1.687175
0.239750,0.372196
0.240250,-0.140837
0.240750,-0.527303
0.241250,1.646455
0.241750,1.351102
0.242250,-2.426959
0.242750,-3.064395
0.243250,1.027427
0.243750,-1.726800
0.244250,-6.281918
0.244750,-1.239773
0.245250,-0.285163
0.245750,-0.099599
0.246250,0.324550
0.246750,0.099946
0.247250,4.462062
0.247750,-4.705155
0.248250,-1.758679
0.248750,-2.605962
0.249250,-0.021142
0.249750,2.318177
0.250250,7.587589
0.250750,-3.229995
0.251250,-1.511557
0.251750,7.011924
0.252250,1.048814
0.252750,1.346723
0.253250,-2.188614
0.253750,-0.153972
0.254250,-0.765657
0.254750,-2.844720
0.255250,3.425878
0.255750,-3.082336
0.256250,-1.612038
0.256750,2.501851
0.257250,-2.242560
0.257750,-3.147430
0.258250,1.997604
0.258750,-1.694954
0.259250,-3.074033
0.259750,4.720661
0.260250,2.711363
0.260750,-0.674317
0.261250,-1.601295
0.261750,1.457750
0.262250,-0.253476
0.262750,4.096575
0.263250,0.179141
0.263750,2.917731
0.264250,-0.577901
0.264750,1.375099
0.265250,-1.340380
0.265750,-1.390208
0.266250,2.784588
0.266750,-7.503457
0.267250,0.702829
0.267750,-0.554117
0.268250,3.048381
0.268750,3.364299
0.269250,1.104798
0.269750,0.543182
0.270250,1.264301
0.270750,-1.866213
0.271250,1.513454
0.271750,3.576625
0.272250,0.667823
0.272750,-3.846721
0.273250,-3.324331
0.273750,5.363690
0.274250,6.949076
0.274750,-1.418533
0.275250,0.111183
0.275750,3.012295
0.276250,0.723048
0.276750,0.733894
0.277250,-4.916063
0.277750,-2.171799
0.278250,0.322541
0.278750,3.409469
0.279250,-0.234183
0.279750,-0.577301
0.280250,-4.098081
0.280750,0.518900
0.281250,-1.494631
0.281750,2.928470
0.282250,5.688389
0.282750,4.052791
0.283250,0.594772
0.283750,0.989380
0.284250,6.840628
0.284750,2.641761
0.285250,2.751298
0.285750,-3.029488
0.286250,-2.165838
0.286750,-6.428447
0.287250,1.508917
0.287750,-6.430318
0.288250,-1.063541
0.288750,-2.535737
0.289250,1.855315
0.289750,2.174528
0.290250,-0.229184
0.290750,-1.539754
0.291250,6.076356
0.291750,2.995334
0.292250,-2.675684
0.292750,-3.544689
0.293250,4.490461
0.293750,-4.586222
0.294250,4.150915
0.294750,1.238826
0.295250,-0.491877
0.295750,-7.026404
0.296250,-4.238627
0.296750,0.332646
0.297250,-2.251898
0.297750,-3.364188
0.298250,-2.134044
0.298750,2.505302
0.299250,0.205655
0.299750,-3.772179
0.300250,1.033400
0.300750,3.424140
0.301250,-2.469276
0.301750,3.510138
0.302250,3.736063
0.302750,-2.647182
0.303250,1.467146
0.303750,0.879797
0.304250,2.867011
0.304750,6.886999
0.305250,-3.611348
0.305750,-1.495116
0.306250,-5.419191
0.306750,0.089712
0.307250,-4.049510
0.307750,-0.013701
0.308250,-2.104991
0.308750,-3.560111
0.309250,-6.751981
0.309750,-0.914117
0.310250,-1.175745
0.310750,-2.831005
0.311250,-0.579994
0.311750,1.039113
0.312250,3.625786
0.312750,0.112008
0.313250,-3.477085
0.313750,-3.710512
0.314250,1.139886
0.314750,2.277226
0.315250,5.290920
0.315750,-2.416777
0.316250,1.346940
0.316750,3.499766
0.317250,-0.555760
0.317750,1.759951
0.318250,-10.080695
0.318750,1.640332
0.319250,1.441335
0.319750,-6.145003
0.320250,0.714705
0.320750,-1.390102
0.321250,0.293123
0.321750,-1.338469
0.322250,-0.487109
0.322750,-1.395010
0.323250,-3.189604
0.323750,2.579823
0.324250,3.683337
0.324750,-0.458239
0.325250,-2.261513
0.325750,2.583731
0.326250,1.772533
0.326750,3.749282
0.327250,4.827461
0.327750,-0.897310
0.328250,-2.317100
0.328750,0.186847
0.329250,3.631740
0.329750,-5.696211
0.330250,0.055378
0.330750,-3.456151
0.331250,0.220084
0.331750,0.316366
0.332250,0.451119
0.332750,-4.513188
0.333250,-3.029786
0.333750,6.563713
0.334250,-9.352408
0.334750,-2.075993
0.335250,-0.501716
0.335750,-6.047550
0.336250,-2.779634
0.336750,-1.421963
0.337250,-1.348461
0.337750,1.328064
0.338250,-2.010860
0.338750,-0.398883
0.339250,0.260458
0.339750,0.502364
0.340250,0.930766
0.340750,3.264826
0.341250,1.393517
0.341750,-5.072134
0.342250,0.787513
0.342750,2.083133
0.343250,1.730678
0.343750,4.892957
0.344250,-1.461166
0.344750,5.155422
0.345250,-0.739701
0.345750,-1.805359
0.346250,-2.724187
0.346750,-1.225619
0.347250,-1.085046
0.347750,-4.319265
0.348250,2.465367
0.348750,0.976034
0.349250,4.202775
0.349750,-4.827273
0.350250,6.865742
0.350750,-0.743376
0.351250,-3.281995
0.351750,4.016891
0.352250,-4.901960
0.352750,-1.552107
0.353250,0.449351
0.353750,1.150327
0.354250,-2.238163
0.354750,11.828757
0.355250,-2.356743
0.355750,3.058346
0.356250,3.974362
0.356750,1.928929
0.357250,1.197915
0.357750,1.389340
0.358250,8.284298
0.358750,4.922843
0.359250,10.034995
0.359750,1.630629
0.360250,-3.776257
0.360750,-1.511431
0.361250,-0.189582
0.361750,2.317968
0.362250,0.083550
0.362750,2.345761
0.363250,4.690448
0.363750,3.168873
0.364250,-4.059998
0.364750,1.453981
0.365250,6.836027
0.365750,5.341299
0.366250,3.047191
0.366750,-0.338258
0.367250,-4.990354
0.367750,4.996884
0.368250,1.102566
0.368750,-0.132015
0.369250,-2.894282
0.369750,-4.112174
0.370250,1.234819
0.370750,-0.670248
0.371250,3.748743
0.371750,-1.023376
0.372250,-1.674919
0.372750,-2.926627
0.373250,4.690311
0.373750,-1.111297
0.374250,-12.125372
0.374750,0.901604
0.375250,0.042409
0.375750,-3.772869
0.376250,-0.611190
0.376750,6.007138
0.377250,3.288265
0.377750,-5.308962
0.378250,2.967832
0.378750,3.549200
0.379250,-3.688285
0.379750,2.366681
0.380250,-5.193372
0.380750,1.624874
0.381250,5.547346
0.381750,-1.638678
0.382250,1.366333
0.382750,0.924324
0.383250,-3.711096
0.383750,-0.402246
0.384250,1.811623
0.384750,1.694224
0.385250,2.550549
0.385750,2.989359
0.386250,-0.485891
0.386750,1.316848
0.387250,-2.650991
0.387750,0.235077
0.388250,0.948587
0.388750,1.136386
0.389250,6.253473
0.389750,0.677419
0.390250,7.603016
0.390750,4.067547
0.391250,1.970337
0.391750,0.480360
0.392250,2.964628
0.392750,1.805399
0.393250,0.818165
0.393750,3.778418
0.394250,4.539759
0.394750,3.593368
0.395250,6.832810
0.395750,0.629615
0.396250,3.106762
0.396750,-5.996788
0.397250,7.125993
0.397750,0.429612
0.398250,6.272986
0.398750,-0.054113
0.399250,3.938622
0.399750,1.471324
0.400250,6.227586
0.400750,11.225353
0.401250,-0.046020
0.401750,2.288787
0.402250,4.879731
0.402750,-7.008748
0.403250,1.532276
0.403750,1.168363
0.404250,-0.509323
0.404750,4.602179
0.405250,-0.254748
0.405750,-2.761149
0.406250,3.114192
0.406750,1.709476
0.407250,1.220864
0.407750,4.418782
0.408250,-0.292350
0.408750,4.826454
0.409250,0.424585
0.409750,-2.768056
0.410250,-0.711943
0.410750,3.378211
0.411250,0.625770
0.411750,8.294798
0.412250,-5.251244
0.412750,-0.179320
0.413250,-3.719551
0.413750,-2.650907
0.414250,-1.514095
0.414750,3.620462
0.415250,3.460289
0.415750,2.411782
0.416250,5.960050
0.416750,8.062425
0.417250,-2.609118
0.417750,0.559078
0.418250,4.246356
0.418750,-4.127892
0.419250,5.941587
0.419750,-0.324480
0.420250,4.951197
0.420750,-1.672751
0.421250,4.188368
0.421750,0.316624
0.422250,3.877122
0.422750,-6.904391
0.423250,0.633910
0.423750,4.103579
0.424250,3.745512
0.424750,-0.005835
0.425250,-6.752831
0.425750,-1.950713
0.426250,3.031950
0.426750,0.577927
0.427250,-1.833332
0.427750,-0.550267
0.428250,-3.977001
0.428750,1.231941
0.429250,1.587710
0.429750,1.321816
0.430250,9.228451
0.430750,2.005509
0.431250,-4.067564
0.431750,1.723810
0.432250,2.594538
0.432750,-1.622555
0.433250,1.475108
0.433750,-2.842121
0.434250,0.340203
0.434750,4.265996
0.435250,4.343705
0.435750,-0.754261
0.436250,-5.542898
0.436750,5.429062
0.437250,3.604663
0.437750,-8.882918
0.438250,1.155755
0.438750,-1.101634
0.439250,0.539400
0.439750,-2.724468
0.440250,0.431617
0.440750,-4.813351
0.441250,1.901712
0.441750,-1.498266
0.442250,-7.423368
0.442750,5.947899
0.443250,-3.465273
0.443750,-2.923465
0.444250,-2.314118
0.444750,2.054052
0.445250,2.191308
0.445750,2.837680
0.446250,-2.668406
0.446750,-3.052485
0.447250,8.371897
0.447750,3.029501
0.448250,2.789700
0.448750,6.639701
0.449250,0.719692
0.449750,1.986059
0.450250,5.174095
0.450750,11.965983
0.451250,1.132756
0.451750,-3.968559
0.452250,7.209885
0.452750,5.722197
0.453250,2.346982
0.453750,-0.476545
0.454250,-6.049589
0.454750,1.104632
0.455250,9.560556
0.455750,11.517744
0.456250,0.382745
0.456750,-1.664619
0.457250,0.441381
0.457750,10.548552
0.458250,-1.634179
0.458750,-1.023624
0.459250,-2.646182
0.459750,-0.465156
0.460250,4.720654
0.460750,-0.456663
0.461250,2.716139
0.461750,-2.185604
0.462250,-0.314087
0.462750,6.638338
0.463250,9.050685
0.463750,5.406087
0.464250,-2.741128
0.464750,-1.281219
0.465250,4.761980
0.465750,4.431547
0.466250,8.463357
0.466750,-0.049459
0.467250,3.367331
0.467750,-5.589800
0.468250,8.915551
0.468750,0.983406
0.469250,3.615310
0.469750,10.872287
0.470250,2.991318
0.470750,-6.489505
0.471250,5.920570
0.471750,2.894648
0.472250,-0.086573
0.472750,1.982895
0.473250,6.287703
0.473750,11.635736
0.474250,6.098785
0.474750,-2.639622
0.475250,3.620738
0.475750,2.523919
0.476250,-1.224025
0.476750,0.916031
0.477250,5.917313
0.477750,0.055004
0.478250,0.568287
0.478750,4.821273
0.479250,-0.814299
0.479750,-0.950846
0.480250,-4.421037
0.480750,4.247429
0.481250,7.426194
0.481750,0.633449
0.482250,9.041754
0.482750,7.601098
0.483250,-0.755067
0.483750,-1.727330
0.484250,2.177645
0.484750,5.081367
0.485250,3.445705
0.485750,-0.652416
0.486250,1.959072
0.486750,4.092740
0.487250,-3.150508
0.487750,11.276733
0.488250,-1.798652
0.488750,2.826902
0.489250,-5.404452
0.489750,2.447654
0.490250,0.228887
0.490750,5.912088
0.491250,6.488460
0.491750,2.152355
0.492250,1.587789
0.492750,9.645934
0.493250,3.494608
0.493750,3.362750
0.494250,5.682451
0.494750,3.950286
0.495250,2.402541
0.495750,3.223649
0.496250,12.874478
0.496750,1.484600
0.497250,-2.178244
0.497750,3.119510
0.498250,6.993626
0.498750,4.178135
0.499250,3.157704
0.499750,7.149088
0.500250,-4.185904
0.500750,1.573314
0.501250,3.984238
0.501750,10.955981
0.502250,2.916403
0.502750,0.842281
0.503250,1.187866
0.503750,0.257629
0.504250,7.158702
0.504750,-1.263671
0.505250,3.919365
0.505750,1.701425
0.506250,1.814424
0.506750,3.266892
0.507250,-0.100503
0.507750,-2.204104
0.508250,-1.718659
0.508750,5.118256
0.509250,-0.443492
0.509750,3.894551
0.510250,1.075928
0.510750,-0.696699
0.511250,-0.363189
0.511750,2.017539
0.512250,3.912021
0.512750,-0.998650
0.513250,4.480936
0.513750,-3.106550
0.514250,2.314112
0.514750,4.129495
0.515250,1.017671
0.515750,-0.623644
0.516250,6.696388
0.516750,-3.806461
0.517250,-1.482122
0.517750,3.672671
0.518250,-4.830805
0.518750,-6.754177
0.519250,-1.346484
0.519750,4.439894
0.520250,1.017363
0.520750,6.628602
0.521250,3.392349
0.521750,5.715467
0.522250,6.544578
0.522750,-5.746621
0.523250,0.597621
0.523750,7.841308
0.524250,-0.402153
0.524750,-0.289751
0.525250,0.137385
0.525750,5.024597
0.526250,0.905596
0.526750,-5.008547
0.527250,10.152516
0.527750,2.158441
0.528250,-0.790440
0.528750,1.416732
0.529250,2.413278
0.529750,0.764408
0.530250,6.943868
0.530750,0.635667
0.531250,3.146508
0.531750,-3.231606
0.532250,-5.735931
0.532750,3.207553
0.533250,4.182683
0.533750,3.837535
0.534250,0.225614
0.534750,1.453508
0.535250,4.097598
0.535750,4.896333
0.536250,-3.772060
0.536750,-4.864567
0.537250,3.943244
0.537750,4.236785
0.538250,9.121236
0.538750,-2.064320
0.539250,0.675908
0.539750,-1.241441
0.540250,1.695652
0.540750,-2.011180
0.541250,-7.655281
0.541750,6.927446
0.542250,1.424831
0.542750,-4.750000
0.543250,1.387862
0.543750,1.073936
0.544250,-3.360175
0.544750,-0.719117
0.545250,0.382989
0.545750,2.109907
0.546250,0.596012
0.546750,4.609669
0.547250,-1.778375
0.547750,3.133980
0.548250,1.603635
0.548750,7.763891
0.549250,-0.821477
0.549750,11.143157
0.550250,-2.194438
0.550750,-6.119674
0.551250,3.542003
0.551750,-4.166114
0.552250,2.802137
0.552750,2.405587
0.553250,5.505920
0.553750,-3.723924
0.554250,-2.057703
0.554750,10.199144
0.555250,-0.897396
0.555750,4.783263
0.556250,-6.073227
0.556750,-4.622784
0.557250,-1.603923
0.557750,1.600253
0.558250,1.127661
0.558750,-10.911508
0.559250,4.259741
0.559750,-1.153543
0.560250,-0.482489
0.560750,1.523427
0.561250,-5.796596
0.561750,0.802168
0.562250,-8.995565
0.562750,-4.536135
0.563250,-1.270837
0.563750,0.664530
0.564250,4.738419
0.564750,4.502730
0.565250,6.584616
0.565750,-1.377150
0.566250,6.638528
0.566750,5.464348
0.567250,-1.317833
0.567750,11.641872
0.568250,-3.260000
0.568750,2.354062
0.569250,5.861010
0.569750,-2.791140
0.570250,1.360487
0.570750,-4.075331
0.571250,4.609471
0.571750,3.828656
0.572250,1.922521
0.572750,0.623409
0.573250,-9.205077
0.573750,-0.551205
0.574250,1.568544
0.574750,1.400649
0.575250,-2.214281
0.575750,3.231241
0.576250,4.483176
0.576750,-2.926850
0.577250,2.422129
0.577750,2.503139
0.578250,3.938029
0.578750,-0.073930
0.579250,-2.198665
0.579750,-5.017935
0.580250,-4.968042
0.580750,-0.142903
0.581250,-0.020766
0.581750,1.171003
0.582250,0.809239
0.582750,-0.506240
0.583250,-6.136192
0.583750,-0.868654
0.584250,1.176113
0.584750,3.106991
0.585250,-2.356718
0.585750,-6.900096
0.586250,-1.293841
0.586750,-1.986774
0.587250,-0.919786
0.587750,-6.904465
0.588250,-12.443327
0.588750,-7.280059
0.589250,-7.492768
0.589750,-3.699920
0.590250,4.257322
0.590750,0.983720
0.591250,-1.939540
0.591750,-0.768355
0.592250,2.301301
0.592750,-0.244393
0.593250,2.165542
0.593750,-3.147489
0.594250,-3.180645
0.594750,3.147434
0.595250,-4.545496
0.595750,2.991393
0.596250,4.793358
0.596750,11.590436
0.597250,-2.888184
0.597750,3.832019
0.598250,2.865693
0.598750,4.013430
0.599250,0.169393
0.599750,-8.618934
0.600250,9.851980
0.600750,-4.287140
0.601250,7.842064
0.601750,-8.184848
0.602250,1.445216
0.602750,-7.573930
0.603250,-3.140546
0.603750,3.935746
0.604250,1.300690
0.604750,2.720821
0.605250,-2.994073
0.605750,-0.527260
0.606250,0.518139
0.606750,3.460825
0.607250,-0.963875
0.607750,-6.837319
0.608250,1.238675
0.608750,2.267976
0.609250,3.044040
0.609750,-1.011493
0.610250,-3.521265
0.610750,1.872074
0.611250,0.505342
0.611750,0.259438
0.612250,-0.341265
0.612750,-4.338520
0.613250,-7.069060
0.613750,9.997569
0.614250,-8.249603
0.614750,-4.515264
0.615250,-10.765786
0.615750,-7.316890
0.616250,-2.212548
0.616750,0.569691
0.617250,-11.327851
0.617750,-1.075078
0.618250,-3.275509
0.618750,-1.625969
0.619250,0.149045
0.619750,0.909460
0.620250,-5.500742
0.620750,-4.814240
0.621250,-2.492525
0.621750,6.353041
0.622250,-4.717458
0.622750,-5.873724
0.623250,1.910183
0.623750,3.467820
0.624250,2.849142
0.624750,-0.191487
0.625250,-2.762810
0.625750,6.487462
0.626250,2.629331
0.626750,0.433539
0.627250,-0.737186
0.627750,4.693022
0.628250,-1.489291
0.628750,2.417549
0.629250,1.707249
0.629750,3.989753
0.630250,0.491866
0.630750,-2.530747
0.631250,-1.391679
0.631750,-6.068850
0.632250,-3.442564
0.632750,-2.809908
0.633250,3.021686
0.633750,-1.429655
0.634250,2.148064
0.634750,4.824618
0.635250,3.957240
0.635750,3.813126
0.636250,3.878763
0.636750,0.120107
0.637250,1.131793
0.637750,-8.733497
0.638250,-1.258213
0.638750,-6.923950
0.639250,6.347374
0.639750,7.967779
0.640250,4.537942
0.640750,0.525140
0.641250,5.600354
0.641750,-1.626256
0.642250,3.831992
0.642750,-2.514868
0.643250,3.307873
0.643750,3.513890
0.644250,-1.697292
0.644750,-3.428281
0.645250,-5.256779
0.645750,0.879790
0.646250,-2.630347
0.646750,-2.325095
0.647250,8.538291
0.647750,-2.068620
0.648250,-6.525540
0.648750,6.527914
0.649250,-7.028256
0.649750,1.737938
0.650250,0.202227
0.650750,1.173336
0.651250,-8.566662
0.651750,3.222088
0.652250,3.948233
0.652750,-5.986882
0.653250,3.652156
0.653750,-2.004222
0.654250,-2.291421
0.654750,0.090247
0.655250,-4.697661
0.655750,13.254075
0.656250,-2.292341
0.656750,6.768149
0.657250,0.230953
0.657750,-0.074414
0.658250,-12.161158
0.658750,-3.538471
0.659250,-1.052551
0.659750,-3.927071
0.660250,-9.664877
0.660750,-3.292058
0.661250,4.025147
0.661750,-10.336258
0.662250,1.467401
0.662750,-2.101934
0.663250,-4.008398
0.663750,4.033795
0.664250,-3.199197
0.664750,-9.487259
0.665250,-0.085053
0.665750,-3.774075
0.666250,-0.882088
0.666750,5.584976
0.667250,7.837999
0.667750,3.701588
0.668250,-9.231836
0.668750,-9.264257
0.669250,-0.535801
0.669750,4.456968
0.670250,-12.388153
0.670750,2.255365
0.671250,7.089420
0.671750,4.437062
0.672250,-7.410903
0.672750,-7.620123
0.673250,4.239268
0.673750,-3.248915
0.674250,-8.285887
0.674750,-5.628769
0.675250,-11.618585
0.675750,3.767912
0.676250,-8.215057
0.676750,10.833645
0.677250,-0.479006
0.677750,-2.790958
0.678250,-4.888103
0.678750,3.892179
0.679250,-5.117945
0.679750,-9.238581
0.680250,-3.533170
0.680750,0.090152
0.681250,2.698314
0.681750,-4.010402
0.682250,0.679446
0.682750,-5.513377
0.683250,-0.848571
0.683750,0.555564
0.684250,1.190995
0.684750,-6.505982
0.685250,-2.522205
0.685750,5.213582
0.686250,-1.691828
0.686750,4.439084
0.687250,0.711993
0.687750,-7.040934
0.688250,-1.936274
0.688750,-9.733102
0.689250,-4.506032
0.689750,-1.399608
0.690250,1.285172
0.690750,2.338255
0.691250,-5.577630
0.691750,-0.828203
0.692250,-9.460502
0.692750,-5.506377
0.693250,-1.832672
0.693750,1.872558
0.694250,-5.417527
0.694750,0.572625
0.695250,-8.001542
0.695750,-3.588936
0.696250,-3.919845
0.696750,-1.239745
0.697250,-5.443410
0.697750,-0.086275
0.698250,2.844855
0.698750,-3.450508
0.699250,-2.529889
0.699750,2.338031
0.700250,8.111441
0.700750,1.414753
0.701250,2.384223
0.701750,-2.675220
0.702250,-6.525512
0.702750,-4.672032
0.703250,-1.103879
0.703750,6.881005
0.704250,0.145414
0.704750,-3.397374
0.705250,-10.664356
0.705750,-2.395833
0.706250,-5.211132
0.706750,-1.746476
0.707250,2.945990
0.707750,-3.597009
0.708250,-3.275766
0.708750,-6.427056
0.709250,-0.735149
0.709750,-6.956754
0.710250,-6.309241
0.710750,10.324013
0.711250,-9.075348
0.711750,-5.259910
0.712250,-3.679355
0.712750,-11.129455
0.713250,1.216876
0.713750,-5.092227
0.714250,-0.684808
0.714750,-9.882901
0.715250,-1.645983
0.715750,-3.498595
0.716250,-10.144996
0.716750,3.128035
0.717250,2.192030
0.717750,-2.063276
0.718250,-11.197773
0.718750,4.068044
0.719250,5.847874
0.719750,-0.611643
0.720250,2.710165
0.720750,10.521468
0.721250,-10.295247
0.721750,-4.309102
0.722250,5.966393
0.722750,-3.889340
0.723250,-3.021651
0.723750,1.312578
0.724250,-2.554439
0.724750,1.555959
0.725250,1.078033
0.725750,10.353577
0.726250,-1.389620
0.726750,2.175156
0.727250,0.009702
0.727750,-7.097012
0.728250,5.043613
0.728750,-6.373164
0.729250,-5.552268
0.729750,-7.537923
0.730250,-7.892568
0.730750,3.140275
0.731250,0.685579
0.731750,3.195307
0.732250,2.435533
0.732750,1.201925
0.733250,5.609742
0.733750,-6.601514
0.734250,-3.374101
0.734750,-2.731324
0.735250,-8.854544
0.735750,-6.653722
0.736250,-6.836650
0.736750,-3.099018
0.737250,-0.275657
0.737750,2.016099
0.738250,4.304871
0.738750,4.274659
0.739250,-1.577154
0.739750,-2.187624
0.740250,-10.602930
0.740750,0.328071
0.741250,7.206732
0.741750,4.284908
0.742250,3.468851
0.742750,10.094335
0.743250,4.883638
0.743750,-1.818591
0.744250,-6.619726
0.744750,-0.083825
0.745250,-10.704381
0.745750,-0.345650
0.746250,-5.161858
0.746750,-3.851975
0.747250,-5.113624
0.747750,-0.587561
0.748250,-5.859380
0.748750,-2.402722
0.749250,-3.288325
0.749750,4.736348
0.750250,5.381307
0.750750,-7.345917
0.751250,-9.211674
0.751750,-11.571169
0.752250,-9.419520
0.752750,-4.579636
0.753250,-4.807524
0.753750,1.984182
0.754250,-1.947982
0.754750,-7.302073
0.755250,2.346132
0.755750,-7.536141
0.756250,5.720545
0.756750,-12.676173
0.757250,-15.033665
0.757750,-0.789985
0.758250,-1.706915
0.758750,-7.322286
0.759250,-5.593521
0.759750,-1.836424
0.760250,-2.286179
0.760750,-3.276318
0.761250,-5.771063
0.761750,-0.511253
0.762250,-2.351985
0.762750,-0.934238
0.763250,-6.936453
0.763750,-4.365804
0.764250,-5.194711
0.764750,-10.626486
0.765250,-5.840670
0.765750,-13.338295
0.766250,-6.433770
0.766750,-0.088034
0.767250,-6.685057
0.767750,-6.210543
0.768250,0.088365
0.768750,0.297502
0.769250,-1.349386
0.769750,-0.566140
0.770250,-1.939970
0.770750,0.872853
0.771250,-4.225101
0.771750,-5.605677
0.772250,-4.937552
0.772750,-8.110483
0.773250,-7.597803
0.773750,-2.742784
0.774250,-8.410912
0.774750,-4.183086
0.775250,-6.457069
0.775750,-3.119537
0.776250,-2.341998
0.776750,1.670872
0.777250,3.563576
0.777750,-11.054606
0.778250,0.410844
0.778750,-8.608282
0.779250,-14.961418
0.779750,-10.724089
0.780250,-2.747164
0.780750,-4.889816
0.781250,-12.060594
0.781750,-9.696405
0.782250,-12.462724
0.782750,4.597506
0.783250,-2.549429
0.783750,-1.730058
0.784250,-0.808181
0.784750,-2.958300
0.785250,-0.820281
0.785750,-9.425127
0.786250,2.025181
0.786750,-2.269941
0.787250,-4.329149
0.787750,0.492309
0.788250,2.562451
0.788750,3.933022
0.789250,1.405636
0.789750,-2.145241
0.790250,1.992674
0.790750,-7.184583
0.791250,-12.894749
0.791750,2.317291
0.792250,1.196561
0.792750,3.680242
0.793250,-5.932547
0.793750,1.204743
0.794250,-8.353904
0.794750,1.308140
0.795250,-2.214971
0.795750,1.951314
0.796250,-3.593743
0.796750,-8.751966
0.797250,-6.683052
0.797750,-9.179449
0.798250,10.050784
0.798750,-4.584721
0.799250,-7.672835
0.799750,0.029359
0.800250,-13.028346
0.800750,-5.274714
0.801250,-5.828143
0.801750,-2.250869
0.802250,-6.176242
0.802750,-6.844203
0.803250,-9.148774
0.803750,-3.364766
0.804250,-10.468324
0.804750,-2.858483
0.805250,0.176786
0.805750,-3.656946
0.806250,-3.165209
0.806750,-9.352309
0.807250,-9.171636
0.807750,-4.949397
0.808250,-8.885715
0.808750,0.463979
0.809250,1.493694
0.809750,1.371835
0.810250,-1.550740
0.810750,-11.595327
0.811250,-8.568235
0.811750,-0.889037
0.812250,3.456483
0.812750,-5.096247
0.813250,-1.277344
0.813750,0.882650
0.814250,-4.776291
0.814750,-5.266748
0.815250,3.233575
0.815750,0.974127
0.816250,-3.094642
0.816750,9.826349
0.817250,0.379566
0.817750,-1.237785
0.818250,1.883373
0.818750,-8.916087
0.819250,-3.566456
0.819750,-7.921858
0.820250,-2.301972
0.820750,-3.852966
0.821250,-4.440415
0.821750,-7.341677
0.822250,7.418374
0.822750,-8.758241
0.823250,-3.038233
0.823750,-2.550232
0.824250,-17.614873
0.824750,-0.165033
0.825250,-1.234838
0.825750,-0.739703
0.826250,1.518461
0.826750,-0.112076
0.827250,-5.753543
0.827750,7.687584
0.828250,-1.780322
0.828750,4.608367
0.829250,-2.656138
0.829750,-4.879478
0.830250,-3.284291
0.830750,-1.250952
0.831250,-0.977228
0.831750,-6.853559
0.832250,0.881056
0.832750,-6.395293
0.833250,3.046335
0.833750,0.628734
0.834250,7.024798
0.834750,-4.836474
0.835250,-8.153170
0.835750,-7.986608
0.836250,4.053311
0.836750,-12.967460
0.837250,-4.252139
0.837750,-4.080339
0.838250,-4.955271
0.838750,7.570992
0.839250,-0.765304
0.839750,3.868736
0.840250,-12.360776
0.840750,-2.833534
0.841250,-2.574276
0.841750,-1.234294
0.842250,-2.982331
0.842750,-10.862828
0.843250,-4.034551
0.843750,8.083451
0.844250,-9.709180
0.844750,-2.619023
0.845250,-16.642696
0.845750,-9.425570
0.846250,-1.978553
0.846750,4.506464
0.847250,3.452531
0.847750,-2.950297
0.848250,1.005579
0.848750,3.785060
0.849250,-6.601967
0.849750,-4.964766
0.850250,-3.786862
0.850750,3.430504
0.851250,1.420627
0.851750,-6.531637
0.852250,-5.269210
0.852750,0.984848
0.853250,4.018884
0.853750,-1.317751
0.854250,7.615912
0.854750,-2.732519
0.855250,-13.328239
0.855750,5.404177
0.856250,0.650940
0.856750,11.563625
0.857250,-1.395307
0.857750,5.970541
0.858250,3.801398
0.858750,-0.875555
0.859250,-1.260612
0.859750,-18.189502
0.860250,-2.456292
0.860750,-9.935894
0.861250,-1.773397
0.861750,5.131746
0.862250,3.675177
0.862750,4.949641
0.863250,3.265084
0.863750,1.355196
0.864250,-4.114581
0.864750,0.530910
0.865250,-2.854337
0.865750,1.584479
0.866250,5.785659
0.866750,-0.819886
0.867250,-0.809350
0.867750,-9.251073
0.868250,2.502305
0.868750,0.477175
0.869250,1.730721
0.869750,-4.431205
0.870250,-8.697817
0.870750,-1.598730
0.871250,3.831938
0.871750,1.535832
0.872250,-9.403840
0.872750,-1.999104
0.873250,-2.842688
0.873750,-2.175274
0.874250,-8.423603
0.874750,-4.518568
0.875250,-6.113278
0.875750,-8.210072
0.876250,1.001794
0.876750,-12.424184
0.877250,-2.176277
0.877750,0.642971
0.878250,1.145069
0.878750,-6.620153
0.879250,0.530067
0.879750,5.107660
0.880250,-4.581544
0.880750,5.088091
0.881250,-6.636400
0.881750,-4.071786
0.882250,-6.915444
0.882750,-10.707478
0.883250,0.823438
0.883750,6.813116
0.884250,-0.387232
0.884750,-4.470988
0.885250,-0.687525
0.885750,-5.367333
0.886250,-2.364870
0.886750,-5.021388
0.887250,2.903902
0.887750,-1.821987
0.888250,-8.878254
0.888750,-1.564083
0.889250,-3.271209
0.889750,-7.334467
0.890250,-4.921180
0.890750,-9.793379
0.891250,0.231065
0.891750,-2.241678
0.892250,2.227952
0.892750,-3.101650
0.893250,-16.439655
0.893750,5.138403
0.894250,-7.780616
0.894750,-2.144007
0.895250,8.632512
0.895750,4.852040
0.896250,-2.314277
0.896750,4.045490
0.897250,0.292486
0.897750,4.740332
0.898250,-4.530098
0.898750,-8.158011
0.899250,-5.774686
0.899750,4.746150
0.900250,-9.768230
0.900750,0.549405
0.901250,-15.909185
0.901750,-8.012657
0.902250,-1.381601
0.902750,3.497519
0.903250,0.516292
0.903750,1.469840
0.904250,-12.284315
0.904750,-7.668513
0.905250,2.631634
0.905750,-4.971891
0.906250,5.754237
0.906750,-1.891761
0.907250,0.644290
0.907750,0.253201
0.908250,-3.187007
0.908750,0.145834
0.909250,3.441007
0.909750,11.971186
0.910250,-2.017228
0.910750,-11.087419
0.911250,0.421948
0.911750,-2.225596
0.912250,-1.029494
0.912750,-2.778513
0.913250,4.571794
0.913750,-0.048559
0.914250,0.196452
0.914750,-2.204636
0.915250,-2.402172
0.915750,1.633945
0.916250,3.238926
0.916750,0.920918
0.917250,-0.270041
0.917750,7.683779
0.918250,5.650444
0.918750,3.298832
0.919250,-2.974915
0.919750,-2.064652
0.920250,-4.181863
0.920750,5.171318
0.921250,-9.615021
0.921750,-7.753275
0.922250,1.572215
0.922750,4.778694
0.923250,9.250353
0.923750,-3.175679
0.924250,-3.269533
0.924750,2.466607
0.925250,-4.476110
0.925750,2.443253
0.926250,4.108693
0.926750,4.938373
0.927250,1.234256
0.927750,8.407598
0.928250,8.043825
0.928750,5.066622
0.929250,4.626796
0.929750,4.359301
0.930250,4.409378
0.930750,-2.790849
0.931250,-0.516474
0.931750,-0.322621
0.932250,-1.312161
0.932750,-0.699507
0.933250,9.905275
0.933750,-3.860588
0.934250,-5.398083
0.934750,5.229865
0.935250,-16.446290
0.935750,-3.833660
0.936250,-0.418101
0.936750,-7.982916
0.937250,0.615429
0.937750,5.042794
0.938250,3.600186
0.938750,6.031565
0.939250,-7.733363
0.939750,4.140842
0.940250,-5.917531
0.940750,-3.907382
0.941250,2.810410
0.941750,-1.952322
0.942250,-2.182768
0.942750,-6.610128
0.943250,7.226224
0.943750,-0.685659
0.944250,1.040861
0.944750,-13.490451
0.945250,10.647679
0.945750,3.181507
0.946250,0.997403
0.946750,-13.286559
0.947250,-7.250947
0.947750,-8.594563
0.948250,5.792404
0.948750,-0.857370
0.949250,-1.633604
0.949750,-2.804049
0.950250,10.083101
0.950750,-3.540742
0.951250,-8.419443
0.951750,0.912646
0.952250,10.485000
0.952750,-3.206964
0.953250,-0.199351
0.953750,-0.883607
0.954250,-5.830342
0.954750,-1.056697
0.955250,-2.255827
0.955750,-3.961909
0.956250,-13.761113
0.956750,-1.267608
0.957250,3.620762
0.957750,2.067144
0.958250,-1.826646
0.958750,0.228314
0.959250,6.197008
0.959750,1.339754
0.960250,-3.337289
0.960750,1.917119
0.961250,-10.299466
0.961750,1.537820
0.962250,-3.001347
0.962750,5.152197
0.963250,-11.897435
0.963750,-8.199473
0.964250,-3.629635
0.964750,-14.080438
0.965250,5.731365
0.965750,-4.664786
0.966250,-2.670548
0.966750,0.917078
0.967250,-2.401353
0.967750,3.096451
0.968250,-1.599010
0.968750,-14.874340
0.969250,0.729724
0.969750,-0.363809
0.970250,-0.822494
0.970750,-0.596425
0.971250,-9.741705
0.971750,7.380821
0.972250,-10.660971
0.972750,-11.518146
0.973250,6.619842
0.973750,-2.590108
0.974250,0.314108
0.974750,-15.426065
0.975250,-2.308253
0.975750,-0.977705
0.976250,-1.716537
0.976750,-7.661561
0.977250,-8.034987
0.977750,7.990616
0.978250,5.934146
0.978750,-13.068949
0.979250,-1.927623
0.979750,-6.414665
0.980250,-5.328622
0.980750,-9.002861
0.981250,-0.071248
0.981750,-8.524883
0.982250,5.345658
0.982750,-4.052443
0.983250,-1.081070
0.983750,-4.736262
0.984250,3.617187
0.984750,-4.009335
0.985250,-2.245843
0.985750,-0.768948
0.986250,-4.032947
0.986750,0.815463
0.987250,-4.108563
0.987750,-7.422016
0.988250,-6.663958
0.988750,-9.845014
0.989250,6.997452
0.989750,2.962951
0.990250,-2.176770
0.990750,4.791296
0.991250,-2.033277
0.991750,-10.104426
0.992250,8.209678
0.992750,-7.106110
0.993250,8.686813
0.993750,8.946146
0.994250,-6.182913
0.994750,-3.540373
0.995250,5.780255
0.995750,1.792933
0.996250,-2.123346
0.996750,-2.907638
0.997250,-4.353598
0.997750,-0.175246
0.998250,-1.176014
0.998750,-2.764363
0.999250,3.864958
0.999750,4.072225
