0.000250,0.035148
0.000750,0.082591
0.001250,0.144375
0.001750,-0.249400
0.002250,-0.356037
0.002750,-0.252781
0.003250,-0.140779
0.003750,0.078714
0.004250,0.328540
0.004750,0.125371
0.005250,0.551301
0.005750,0.148602
0.006250,-0.061901
0.006750,0.039794
0.007250,-0.017062
0.007750,0.386107
0.008250,-0.067990
0.008750,0.128812
0.009250,0.299978
0.009750,-0.230035
0.010250,-0.298472
0.010750,-0.383935
0.011250,0.445313
0.011750,0.032776
0.012250,0.001780
0.012750,0.188420
0.013250,0.394072
0.013750,1.064812
0.014250,0.226236
0.014750,0.599820
0.015250,0.788918
0.015750,0.812978
0.016250,0.957847
0.016750,0.338748
0.017250,1.487725
0.017750,0.758589
0.018250,0.360416
0.018750,1.170956
0.019250,1.716064
0.019750,1.161426
0.020250,1.260450
0.020750,1.453193
0.021250,0.872681
0.021750,0.602388
0.022250,1.057981
0.022750,0.625429
0.023250,0.920105
0.023750,-0.091584
0.024250,0.498698
0.024750,1.170650
0.025250,0.913945
0.025750,1.146371
0.026250,-0.800602
0.026750,2.135275
0.027250,-0.034604
0.027750,1.380331
0.028250,1.411459
0.028750,1.146853
0.029250,1.316577
0.029750,1.323406
0.030250,0.475996
0.030750,1.034095
0.031250,1.661026
0.031750,1.512952
0.032250,1.099253
0.032750,0.877927
0.033250,1.381482
0.033750,0.914679
0.034250,1.413521
0.034750,1.251045
0.035250,1.631844
0.035750,1.465564
0.036250,0.485651
0.036750,0.990787
0.037250,-0.027799
0.037750,0.693007
0.038250,0.602446
0.038750,1.258153
0.039250,2.344525
0.039750,0.865430
0.040250,0.676076
0.040750,1.235961
0.041250,0.107797
0.041750,0.420417
0.042250,1.183284
0.042750,1.014214
0.043250,0.998017
0.043750,0.201778
0.044250,0.192648
0.044750,2.380287
0.045250,0.412898
0.045750,1.343780
0.046250,0.327417
0.046750,0.882662
0.047250,0.925794
0.047750,0.906307
0.048250,0.068182
0.048750,0.811695
0.049250,-0.201691
0.049750,0.946652
0.050250,0.723943
0.050750,1.080158
0.051250,-0.085647
0.051750,0.984788
0.052250,0.313500
0.052750,0.686717
0.053250,1.459016
0.053750,-0.031951
0.054250,0.579457
0.054750,0.377836
0.055250,0.514447
0.055750,1.616453
0.056250,1.496629
0.056750,2.282658
0.057250,0.903651
0.057750,2.988712
0.058250,1.503135
0.058750,3.809321
0.059250,2.850640
0.059750,2.153530
0.060250,1.302874
0.060750,1.608622
0.061250,1.199697
0.061750,0.249033
0.062250,1.104445
0.062750,2.277494
0.063250,2.321217
0.063750,1.949633
0.064250,1.869951
0.064750,2.406000
0.065250,1.394229
0.065750,0.515859
0.066250,1.431711
0.066750,2.574768
0.067250,1.797667
0.067750,1.822711
0.068250,1.161370
0.068750,1.678607
0.069250,0.779840
0.069750,1.052207
0.070250,-0.511556
0.070750,1.985096
0.071250,-0.189864
0.071750,1.315655
0.072250,0.189921
0.072750,0.906293
0.073250,-0.706548
0.073750,0.394722
0.074250,1.094076
0.074750,0.935015
0.075250,1.974278
0.075750,1.626278
0.076250,-0.159903
0.076750,1.467130
0.077250,1.759247
0.077750,2.135787
0.078250,1.392733
0.078750,2.064836
0.079250,-0.417913
0.079750,1.544013
0.080250,0.831832
0.080750,1.304574
0.081250,0.075798
0.081750,0.569229
0.082250,0.459475
0.082750,1.597960
0.083250,0.987320
0.083750,2.165161
0.084250,3.488730
0.084750,0.739943
0.085250,1.180309
0.085750,2.279392
0.086250,1.703633
0.086750,0.825054
0.087250,2.618582
0.087750,0.350099
0.088250,1.420433
0.088750,2.138364
0.089250,1.202716
0.089750,3.250423
0.090250,0.106948
0.090750,0.746460
0.091250,-0.079588
0.091750,1.099235
0.092250,1.604325
0.092750,0.684800
0.093250,-0.374531
0.093750,1.618843
0.094250,1.578192
0.094750,1.498570
0.095250,1.197596
0.095750,2.005142
0.096250,2.549400
0.096750,-0.271786
0.097250,0.489645
0.097750,1.554543
0.098250,1.463891
0.098750,0.133445
0.099250,-1.125641
0.099750,0.935331
0.100250,-0.850610
0.100750,-0.877538
0.101250,0.298422
0.101750,-0.649159
0.102250,-1.477072
0.102750,0.003437
0.103250,-1.892342
0.103750,-0.703192
0.104250,0.302810
0.104750,-0.793443
0.105250,-0.353782
0.105750,0.188013
0.106250,0.737829
0.106750,-1.027080
0.107250,0.359287
0.107750,1.227685
0.108250,1.100099
0.108750,0.529654
0.109250,0.393956
0.109750,0.496522
0.110250,-0.116045
0.110750,0.843378
0.111250,1.903907
0.111750,-1.150990
0.112250,0.809777
0.112750,-0.072697
0.113250,-0.538578
0.113750,-0.196538
0.114250,0.267295
0.114750,0.643713
0.115250,0.291913
0.115750,-1.190059
0.116250,0.427405
0.116750,-0.586266
0.117250,0.622226
0.117750,-0.664354
0.118250,0.471955
0.118750,-0.078219
0.119250,-0.348223
0.119750,1.829899
0.120250,1.862567
0.120750,0.921983
0.121250,0.766697
0.121750,0.163273
0.122250,0.795395
0.122750,-0.274000
0.123250,0.340682
0.123750,0.858842
0.124250,1.836040
0.124750,2.512497
0.125250,1.086969
0.125750,1.742677
0.126250,0.295894
0.126750,0.000725
0.127250,1.206986
0.127750,-1.473555
0.128250,0.129008
0.128750,-1.382441
0.129250,-0.147248
0.129750,2.354861
0.130250,-0.111610
0.130750,0.820299
0.131250,-0.708342
0.131750,0.828195
0.132250,1.495763
0.132750,1.047947
0.133250,1.798829
0.133750,-0.776269
0.134250,4.023449
0.134750,-0.805706
0.135250,-1.123528
0.135750,-1.077621
0.136250,-2.250759
0.136750,-0.069240
0.137250,1.530163
0.137750,-0.501235
0.138250,-0.274400
0.138750,0.436602
0.139250,-0.412299
0.139750,-0.652735
0.140250,-2.120232
0.140750,0.201706
0.141250,-0.024497
0.141750,2.117449
0.142250,-1.616283
0.142750,-1.526502
0.143250,-0.651141
0.143750,0.164633
0.144250,-0.191937
0.144750,-1.399002
0.145250,-1.838201
0.145750,-1.315810
0.146250,-1.508218
0.146750,-1.588113
0.147250,0.427012
0.147750,0.180558
0.148250,-0.433096
0.148750,1.417237
0.149250,0.021509
0.149750,-0.090206
0.150250,0.882540
0.150750,0.764201
0.151250,1.178081
0.151750,-0.954408
0.152250,0.697247
0.152750,-0.730783
0.153250,-0.425955
0.153750,-2.444433
0.154250,0.072075
0.154750,-0.928513
0.155250,-1.080646
0.155750,-1.959237
0.156250,-0.948825
0.156750,0.244114
0.157250,-0.095978
0.157750,-0.811105
0.158250,-1.043638
0.158750,-0.626618
0.159250,1.000692
0.159750,0.312646
0.160250,-0.475573
0.160750,-0.605124
0.161250,-1.744659
0.161750,-0.113642
0.162250,0.891704
0.162750,-2.071927
0.163250,-0.339980
0.163750,-1.001916
0.164250,0.402055
0.164750,1.171353
0.165250,-0.008827
0.165750,-0.772533
0.166250,0.365477
0.166750,0.351927
0.167250,-0.764750
0.167750,1.161234
0.168250,0.705162
0.168750,0.894068
0.169250,1.353363
0.169750,0.360048
0.170250,-0.870165
0.170750,0.911487
0.171250,0.490707
0.171750,0.012231
0.172250,1.270772
0.172750,-1.142997
0.173250,-0.260576
0.173750,-0.372372
0.174250,-2.294004
0.174750,-1.040840
0.175250,-1.495324
0.175750,-1.429906
0.176250,-2.280556
0.176750,0.684125
0.177250,1.047736
0.177750,-0.443582
0.178250,0.737934
0.178750,-1.242544
0.179250,-2.576764
0.179750,-0.743837
0.180250,-1.460643
0.180750,1.102951
0.181250,0.218147
0.181750,1.783351
0.182250,-1.309470
0.182750,-2.290490
0.183250,-2.964070
0.183750,1.474381
0.184250,-0.566080
0.184750,0.214042
0.185250,-0.210966
0.185750,-0.466729
0.186250,-2.437810
0.186750,0.551014
0.187250,-0.485458
0.187750,-1.787264
0.188250,-0.165145
0.188750,-0.277251
0.189250,-1.881840
0.189750,-0.505566
0.190250,-1.202321
0.190750,-3.316719
0.191250,1.150638
0.191750,-1.959104
0.192250,1.318495
0.192750,-0.551631
0.193250,-1.269538
0.193750,-2.058102
0.194250,-0.355232
0.194750,-1.684168
0.195250,-2.143567
0.195750,-1.580499
0.196250,-1.867909
0.196750,-0.963577
0.197250,1.497588
0.197750,-2.380969
0.198250,-0.932165
0.198750,0.279362
0.199250,0.690072
0.199750,-0.507195
0.200250,2.012786
0.200750,-2.681610
0.201250,-2.258693
0.201750,-0.072560
0.202250,-2.943975
0.202750,-0.967741
0.203250,-1.373959
0.203750,-1.068979
0.204250,-1.856796
0.204750,-1.798670
0.205250,1.526570
0.205750,-2.141154
0.206250,-0.467179
0.206750,0.378031
0.207250,-2.108306
0.207750,0.233995
0.208250,-0.667742
0.208750,-0.338935
0.209250,0.471324
0.209750,-0.007166
0.210250,-0.549250
0.210750,-0.827440
0.211250,0.039636
0.211750,0.183216
0.212250,0.237765
0.212750,1.678400
0.213250,1.117387
0.213750,0.491924
0.214250,-1.559814
0.214750,0.407630
0.215250,-0.802523
0.215750,-0.006566
0.216250,0.576879
0.216750,2.325799
0.217250,-1.841859
0.217750,0.570378
0.218250,-1.793219
0.218750,2.344916
0.219250,0.925527
0.219750,-2.222342
0.220250,1.875495
0.220750,0.891497
0.221250,-1.121034
0.221750,-0.629811
0.222250,1.149204
0.222750,1.480619
0.223250,-0.416546
0.223750,0.137491
0.224250,1.591141
0.224750,1.020812
0.225250,3.935110
0.225750,-0.009671
0.226250,0.938368
0.226750,2.332568
0.227250,1.524408
0.227750,1.820638
0.228250,0.275186
0.228750,-1.375502
0.229250,-1.898226
0.229750,2.181175
0.230250,0.267094
0.230750,0.328134
0.231250,2.888920
0.231750,-0.304237
0.232250,0.708149
0.232750,-0.585418
0.233250,0.127372
0.233750,-0.067588
0.234250,1.955207
0.234750,-1.157237
0.235250,-0.273420
0.235750,-0.777438
0.236250,-0.513881
0.236750,0.837065
0.237250,-0.356010
0.237750,1.361785
0.238250,1.768227
0.238750,2.351918
0.239250,-1.603247
0.239750,-1.055477
0.240250,-2.861755
0.240750,1.354394
0.241250,-0.237758
0.241750,0.328859
0.242250,-1.409119
0.242750,-1.732694
0.243250,1.665014
0.243750,0.791518
0.244250,-4.719416
0.244750,-2.838392
0.245250,-0.908190
0.245750,0.562887
0.246250,1.065615
0.246750,-1.610166
0.247250,2.412632
0.247750,-3.119942
0.248250,0.286001
0.248750,0.041188
0.249250,-0.359919
0.249750,0.198069
0.250250,1.934548
0.250750,-1.928409
0.251250,0.958503
0.251750,2.215162
0.252250,0.648511
0.252750,-1.566589
0.253250,-3.631940
0.253750,-0.703991
0.254250,-1.088821
0.254750,1.909176
0.255250,0.440998
0.255750,-2.058744
0.256250,-0.974438
0.256750,0.750209
0.257250,-1.271249
0.257750,-0.721947
0.258250,2.238997
0.258750,-1.340776
0.259250,1.939292
0.259750,2.121858
0.260250,1.152744
0.260750,-2.037451
0.261250,0.996007
0.261750,-0.565509
0.262250,1.701996
0.262750,0.280804
0.263250,-0.209551
0.263750,-0.599038
0.264250,0.111995
0.264750,1.610259
0.265250,0.231598
0.265750,-0.086968
0.266250,-0.144044
0.266750,-1.682529
0.267250,2.204958
0.267750,1.490188
0.268250,1.153108
0.268750,-1.350275
0.269250,-2.383852
0.269750,-0.052052
0.270250,-0.719339
0.270750,0.551141
0.271250,2.945539
0.271750,4.193158
0.272250,-1.162010
0.272750,0.085240
0.273250,2.055182
0.273750,4.027047
0.274250,3.204540
0.274750,0.244042
0.275250,2.490827
0.275750,-0.611252
0.276250,0.342960
0.276750,1.718128
0.277250,0.000262
0.277750,2.309800
0.278250,0.689205
0.278750,-0.030929
0.279250,-0.568687
0.279750,-0.362319
0.280250,-1.605967
0.280750,2.324027
0.281250,-0.590641
0.281750,1.605868
0.282250,2.685910
0.282750,0.872073
0.283250,1.233121
0.283750,-1.317372
0.284250,1.874092
0.284750,0.096615
0.285250,2.673123
0.285750,1.071139
0.286250,1.170647
0.286750,-0.605221
0.287250,0.161612
0.287750,-1.137372
0.288250,-0.120711
0.288750,-1.579124
0.289250,0.909432
0.289750,2.078791
0.290250,-1.460073
0.290750,-1.639119
0.291250,0.440400
0.291750,0.930244
0.292250,-0.534902
0.292750,-1.272629
0.293250,0.880572
0.293750,-1.515840
0.294250,2.340609
0.294750,1.365722
0.295250,0.265328
0.295750,-2.523814
0.296250,-0.388555
0.296750,-0.064296
0.297250,-0.014455
0.297750,-1.507209
0.298250,0.742133
0.298750,0.701603
0.299250,-0.827471
0.299750,-1.826326
0.300250,0.704803
0.300750,0.449744
0.301250,0.404972
0.301750,1.835906
0.302250,-0.751980
0.302750,-3.792510
0.303250,-1.415978
0.303750,-1.321591
0.304250,0.393713
0.304750,0.144936
0.305250,-3.375326
0.305750,0.228932
0.306250,-1.639914
0.306750,-2.171068
0.307250,-1.293730
0.307750,0.356919
0.308250,-1.132905
0.308750,-0.880598
0.309250,0.046884
0.309750,3.509837
0.310250,-2.700133
0.310750,-0.704775
0.311250,-1.751568
0.311750,0.636413
0.312250,1.877283
0.312750,-0.005954
0.313250,-1.564680
0.313750,-1.523766
0.314250,0.325020
0.314750,1.234551
0.315250,1.463956
0.315750,2.134102
0.316250,0.928423
0.316750,1.385471
0.317250,-0.857303
0.317750,2.334908
0.318250,-4.139540
0.318750,-1.476319
0.319250,1.048019
0.319750,-4.569365
0.320250,2.055291
0.320750,1.557106
0.321250,-0.265144
0.321750,-1.370912
0.322250,1.797537
0.322750,-0.779743
0.323250,-0.227235
0.323750,1.131344
0.324250,0.799937
0.324750,0.387975
0.325250,0.752602
0.325750,2.714819
0.326250,2.330960
0.326750,2.807593
0.327250,0.816556
0.327750,0.207344
0.328250,0.869735
0.328750,2.344300
0.329250,-0.855161
0.329750,-0.394127
0.330250,2.463242
0.330750,0.162937
0.331250,1.280088
0.331750,-0.959800
0.332250,-0.258209
0.332750,-0.182831
0.333250,0.618790
0.333750,0.897504
0.334250,-1.660520
0.334750,-1.740082
0.335250,0.486151
0.335750,-0.474782
0.336250,4.050317
0.336750,-1.032431
0.337250,2.284422
0.337750,2.607088
0.338250,0.985092
0.338750,1.184166
0.339250,1.866149
0.339750,-0.351412
0.340250,1.506308
0.340750,1.582615
0.341250,2.421346
0.341750,-0.332780
0.342250,2.398041
0.342750,-1.133401
0.343250,3.517100
0.343750,4.401774
0.344250,0.437371
0.344750,2.907683
0.345250,0.642575
0.345750,1.038026
0.346250,-0.120415
0.346750,1.224477
0.347250,1.858888
0.347750,-0.203439
0.348250,1.844640
0.348750,2.424711
0.349250,0.315978
0.349750,-0.998374
0.350250,2.745253
0.350750,1.533623
0.351250,3.219520
0.351750,1.686796
0.352250,1.790936
0.352750,1.497138
0.353250,1.416678
0.353750,1.353097
0.354250,0.679126
0.354750,2.994048
0.355250,1.909085
0.355750,3.593846
0.356250,3.142337
0.356750,2.873636
0.357250,0.326531
0.357750,-0.600414
0.358250,2.089824
0.358750,2.624573
0.359250,2.072250
0.359750,1.740208
0.360250,-1.049575
0.360750,-0.176909
0.361250,0.478605
0.361750,4.168028
0.362250,3.069366
0.362750,-0.208228
0.363250,2.140399
0.363750,2.014278
0.364250,-1.424309
0.364750,-0.309650
0.365250,4.083114
0.365750,3.770950
0.366250,0.826431
0.366750,3.219745
0.367250,-0.310287
0.367750,3.877723
0.368250,3.076426
0.368750,0.077302
0.369250,-0.204044
0.369750,0.709360
0.370250,3.108517
0.370750,2.374925
0.371250,2.757395
0.371750,1.057569
0.372250,1.325782
0.372750,0.130769
0.373250,3.197549
0.373750,-2.556333
0.374250,-1.598428
0.374750,1.182795
0.375250,1.432906
0.375750,3.446114
0.376250,2.550192
0.376750,2.031878
0.377250,1.816888
0.377750,1.039623
0.378250,1.672144
0.378750,1.340545
0.379250,-3.415513
0.379750,3.784386
0.380250,-1.093049
0.380750,3.848946
0.381250,4.078950
0.381750,1.206927
0.382250,1.472044
0.382750,2.831390
0.383250,-0.035134
0.383750,1.454288
0.384250,0.517836
0.384750,4.162671
0.385250,0.887067
0.385750,6.091878
0.386250,-0.938683
0.386750,3.081274
0.387250,1.093345
0.387750,1.681820
0.388250,-0.751161
0.388750,1.862852
0.389250,1.624515
0.389750,0.392481
0.390250,1.251137
0.390750,7.234310
0.391250,-0.702670
0.391750,1.515068
0.392250,3.720970
0.392750,1.898092
0.393250,2.455844
0.393750,1.814321
0.394250,1.730054
0.394750,3.518977
0.395250,2.408114
0.395750,3.469100
0.396250,1.362191
0.396750,-0.287461
0.397250,3.627680
0.397750,-1.291416
0.398250,6.944117
0.398750,0.085240
0.399250,1.444836
0.399750,4.472356
0.400250,1.718719
0.400750,6.132849
0.401250,1.843278
0.401750,0.442319
0.402250,1.627618
0.402750,-0.961474
0.403250,-1.155977
0.403750,0.843676
0.404250,1.168219
0.404750,5.464206
0.405250,1.595943
0.405750,-0.228614
0.406250,4.516509
0.406750,2.177110
0.407250,1.885636
0.407750,1.927257
0.408250,2.001323
0.408750,4.186922
0.409250,0.199659
0.409750,1.915846
0.410250,-0.175021
0.410750,1.842281
0.411250,2.175540
0.411750,1.346481
0.412250,-1.853801
0.412750,2.132944
0.413250,-0.605292
0.413750,1.299639
0.414250,2.071986
0.414750,7.664943
0.415250,3.253828
0.415750,2.676912
0.416250,5.920240
0.416750,4.683639
0.417250,1.202919
0.417750,-0.371672
0.418250,1.918955
0.418750,-1.230596
0.419250,2.406459
0.419750,-0.801125
0.420250,0.749698
0.420750,-0.575833
0.421250,1.931987
0.421750,1.040819
0.422250,6.286771
0.422750,-2.701585
0.423250,-0.733371
0.423750,1.290216
0.424250,4.462063
0.424750,1.746903
0.425250,-0.656027
0.425750,0.988643
0.426250,-0.973868
0.426750,-0.386781
0.427250,2.684018
0.427750,-3.129598
0.428250,0.739374
0.428750,1.796924
0.429250,3.805603
0.429750,-0.297742
0.430250,0.407808
0.430750,1.327524
0.431250,0.012626
0.431750,-0.637537
0.432250,3.421215
0.432750,0.548670
0.433250,2.254029
0.433750,0.696694
0.434250,-0.491062
0.434750,3.514563
0.435250,2.424821
0.435750,-2.360070
0.436250,-0.264113
0.436750,3.299520
0.437250,1.872028
0.437750,-2.700913
0.438250,2.126015
0.438750,4.095840
0.439250,-0.954407
0.439750,-1.185764
0.440250,2.105478
0.440750,1.019367
0.441250,2.098432
0.441750,-0.645406
0.442250,-1.032206
0.442750,0.910895
0.443250,0.520429
0.443750,-0.792497
0.444250,3.469786
0.444750,2.277351
0.445250,3.680864
0.445750,-2.273878
0.446250,2.751516
0.446750,0.793488
0.447250,1.905440
0.447750,3.689585
0.448250,1.596109
0.448750,2.905496
0.449250,0.747103
0.449750,2.485640
0.450250,5.006536
0.450750,4.616695
0.451250,3.627891
0.451750,-0.365403
0.452250,7.205736
0.452750,3.830285
0.453250,4.076746
0.453750,1.733002
0.454250,1.171432
0.454750,2.459376
0.455250,0.149765
0.455750,6.401687
0.456250,1.043360
0.456750,0.034210
0.457250,-1.446679
0.457750,3.571999
0.458250,-0.808329
0.458750,1.703081
0.459250,-0.507315
0.459750,3.744474
0.460250,2.832567
0.460750,1.104997
0.461250,3.355971
0.461750,3.801861
0.462250,1.220321
0.462750,3.503861
0.463250,1.250173
0.463750,3.571514
0.464250,2.312793
0.464750,1.832624
0.465250,8.167304
0.465750,4.698924
0.466250,4.234107
0.466750,2.090808
0.467250,3.421728
0.467750,2.354350
0.468250,7.276998
0.468750,3.571546
0.469250,2.320355
0.469750,3.075361
0.470250,3.563722
0.470750,0.586619
0.471250,2.809948
0.471750,1.397559
0.472250,0.776441
0.472750,2.779908
0.473250,3.552475
0.473750,4.952630
0.474250,5.306008
0.474750,-0.906888
0.475250,3.748223
0.475750,4.465822
0.476250,0.253167
0.476750,4.782988
0.477250,4.575763
0.477750,1.176116
0.478250,1.114463
0.478750,3.567236
0.479250,1.404544
0.479750,2.892501
0.480250,0.970572
0.480750,5.456552
0.481250,1.830478
0.481750,1.493831
0.482250,5.767553
0.482750,4.303157
0.483250,-1.501275
0.483750,3.520369
0.484250,2.945560
0.484750,2.176900
0.485250,1.669369
0.485750,2.113540
0.486250,4.654636
0.486750,3.805203
0.487250,-0.170265
0.487750,4.203989
0.488250,2.401424
0.488750,1.324768
0.489250,-3.686914
0.489750,2.461292
0.490250,-0.834523
0.490750,-0.489381
0.491250,0.800680
0.491750,1.079879
0.492250,2.919753
0.492750,1.549323
0.493250,0.835969
0.493750,0.997811
0.494250,5.496193
0.494750,4.667797
0.495250,-0.035318
0.495750,-0.146711
0.496250,8.153564
0.496750,3.189078
0.497250,-1.447134
0.497750,4.065893
0.498250,5.630215
0.498750,2.542201
0.499250,-1.401965
0.499750,1.758596
0.500250,-1.025493
0.500750,2.369251
0.501250,2.963629
0.501750,-0.569995
0.502250,2.583943
0.502750,1.516743
0.503250,3.454150
0.503750,-0.155084
0.504250,2.463729
0.504750,-2.857969
0.505250,0.094512
0.505750,5.531880
0.506250,2.337710
0.506750,1.760550
0.507250,2.921499
0.507750,2.091309
0.508250,1.197983
0.508750,0.385024
0.509250,1.492694
0.509750,3.990840
0.510250,0.968172
0.510750,1.797532
0.511250,0.709733
0.511750,-0.632760
0.512250,4.582483
0.512750,0.431967
0.513250,-0.385100
0.513750,-0.865807
0.514250,1.426223
0.514750,2.022171
0.515250,3.869921
0.515750,0.493081
0.516250,5.727196
0.516750,0.104217
0.517250,-1.387956
0.517750,3.156332
0.518250,2.508394
0.518750,2.647233
0.519250,-2.310201
0.519750,1.824097
0.520250,4.294211
0.520750,1.338112
0.521250,2.633564
0.521750,3.151942
0.522250,2.712308
0.522750,-1.026521
0.523250,1.476865
0.523750,3.499862
0.524250,0.086472
0.524750,-0.276128
0.525250,-0.457608
0.525750,4.027526
0.526250,0.292384
0.526750,-0.497196
0.527250,1.609795
0.527750,1.204855
0.528250,-0.061913
0.528750,0.937321
0.529250,-0.547934
0.529750,0.625950
0.530250,1.870789
0.530750,3.982439
0.531250,0.940099
0.531750,2.863297
0.532250,-2.230966
0.532750,1.706831
0.533250,1.389961
0.533750,0.584314
0.534250,0.607854
0.534750,1.132200
0.535250,2.624734
0.535750,4.421544
0.536250,-0.528969
0.536750,0.560358
0.537250,4.808356
0.537750,3.774930
0.538250,4.228762
0.538750,2.869736
0.539250,1.337055
0.539750,4.332968
0.540250,0.352180
0.540750,-0.590845
0.541250,0.699873
0.541750,5.447511
0.542250,1.619168
0.542750,-3.065273
0.543250,1.690045
0.543750,-1.472237
0.544250,2.256418
0.544750,-0.784544
0.545250,-2.194012
0.545750,2.360664
0.546250,1.304579
0.546750,1.706883
0.547250,0.607700
0.547750,3.856298
0.548250,2.805028
0.548750,3.823620
0.549250,0.022128
0.549750,3.472761
0.550250,-0.015356
0.550750,-1.760172
0.551250,3.123926
0.551750,-1.433183
0.552250,3.156368
0.552750,-1.668806
0.553250,-0.164632
0.553750,-1.091605
0.554250,1.358875
0.554750,5.416735
0.555250,-2.441237
0.555750,3.064790
0.556250,-1.184996
0.556750,-0.406182
0.557250,3.929252
0.557750,5.628799
0.558250,2.533528
0.558750,-0.861686
0.559250,2.372976
0.559750,0.631308
0.560250,1.967766
0.560750,3.626485
0.561250,-1.419526
0.561750,1.543974
0.562250,-3.684090
0.562750,0.571323
0.563250,3.496492
0.563750,4.330465
0.564250,1.458218
0.564750,3.297530
0.565250,0.898227
0.565750,-0.785289
0.566250,1.388751
0.566750,3.194588
0.567250,2.951482
0.567750,0.660430
0.568250,-1.966923
0.568750,0.877131
0.569250,-0.241212
0.569750,-1.362515
0.570250,5.118848
0.570750,0.852125
0.571250,-2.798492
0.571750,2.721100
0.572250,0.450528
0.572750,1.589483
0.573250,-0.769059
0.573750,-2.109986
0.574250,0.806660
0.574750,1.583932
0.575250,-1.491399
0.575750,1.004374
0.576250,-0.640931
0.576750,-0.266026
0.577250,4.071048
0.577750,0.894862
0.578250,-0.806907
0.578750,-1.514694
0.579250,0.838516
0.579750,-2.076136
0.580250,-0.410083
0.580750,-2.012503
0.581250,1.283473
0.581750,2.480373
0.582250,-2.074631
0.582750,0.940130
0.583250,1.252861
0.583750,-2.091358
0.584250,1.987920
0.584750,-0.202423
0.585250,0.755700
0.585750,-2.698730
0.586250,-0.841038
0.586750,-0.501965
0.587250,2.259483
0.587750,0.619631
0.588250,-2.970657
0.588750,-2.746838
0.589250,2.671204
0.589750,-0.588847
0.590250,-2.226489
0.590750,0.652755
0.591250,-1.733490
0.591750,1.171840
0.592250,-0.906589
0.592750,-1.172635
0.593250,0.149977
0.593750,-0.918050
0.594250,-2.989381
0.594750,4.164455
0.595250,-0.241117
0.595750,-0.987525
0.596250,1.776689
0.596750,3.145149
0.597250,1.764255
0.597750,0.064957
0.598250,-1.803735
0.598750,-0.011207
0.599250,1.460684
0.599750,-0.302723
0.600250,2.276227
0.600750,-0.007286
0.601250,2.868704
0.601750,-2.318909
0.602250,0.612210
0.602750,0.057006
0.603250,-5.961336
0.603750,1.030386
0.604250,-3.140530
0.604750,-0.487703
0.605250,-1.246012
0.605750,5.335662
0.606250,1.165172
0.606750,3.112763
0.607250,0.097372
0.607750,-6.030818
0.608250,-0.641707
0.608750,1.027290
0.609250,-2.427408
0.609750,0.605734
0.610250,-0.304939
0.610750,-0.090485
0.611250,0.024564
0.611750,1.435622
0.612250,-2.479668
0.612750,-0.051997
0.613250,-4.971517
0.613750,5.190940
0.614250,0.368516
0.614750,0.788300
0.615250,-3.002256
0.615750,-0.677833
0.616250,-1.090785
0.616750,-1.490003
0.617250,-1.386101
0.617750,-0.017959
0.618250,-2.652280
0.618750,-1.864477
0.619250,-1.325479
0.619750,0.546442
0.620250,-3.557496
0.620750,-2.899794
0.621250,-1.221603
0.621750,1.874901
0.622250,0.254855
0.622750,-3.764056
0.623250,1.629788
0.623750,0.431106
0.624250,1.990292
0.624750,-3.882333
0.625250,2.950877
0.625750,6.299743
0.626250,0.027330
0.626750,0.384318
0.627250,-0.735632
0.627750,2.470942
0.628250,0.393855
0.628750,-0.530202
0.629250,3.437741
0.629750,2.436733
0.630250,3.267820
0.630750,-0.059097
0.631250,-1.932876
0.631750,-2.035420
0.632250,-0.203695
0.632750,0.319407
0.633250,5.020644
0.633750,1.610097
0.634250,-0.144842
0.634750,-0.829010
0.635250,1.227767
0.635750,-0.098274
0.636250,2.069496
0.636750,4.298253
0.637250,2.707943
0.637750,-1.539567
0.638250,-2.897480
0.638750,-1.643636
0.639250,4.037458
0.639750,3.471412
0.640250,-0.057515
0.640750,2.935919
0.641250,2.920443
0.641750,2.155423
0.642250,1.858997
0.642750,-0.109217
0.643250,2.576989
0.643750,4.600868
0.644250,-0.614915
0.644750,-5.992433
0.645250,1.128242
0.645750,-0.655388
0.646250,-0.468963
0.646750,2.788237
0.647250,2.502842
0.647750,-0.009207
0.648250,-4.879870
0.648750,0.301379
0.649250,0.692541
0.649750,3.040549
0.650250,-2.433705
0.650750,-0.199908
0.651250,-1.385957
0.651750,-2.460009
0.652250,2.253192
0.652750,-1.776666
0.653250,3.865478
0.653750,-0.001593
0.654250,-3.774432
0.654750,0.703839
0.655250,-2.358025
0.655750,2.592605
0.656250,-0.709944
0.656750,-1.551123
0.657250,0.276434
0.657750,2.326996
0.658250,-2.400611
0.658750,2.529847
0.659250,-3.061101
0.659750,-3.521209
0.660250,-1.147105
0.660750,-0.002078
0.661250,2.206462
0.661750,-6.083411
0.662250,-1.535472
0.662750,-0.959707
0.663250,1.856063
0.663750,0.607048
0.664250,1.316674
0.664750,-4.593590
0.665250,-2.101760
0.665750,-1.325951
0.666250,-0.911772
0.666750,2.683093
0.667250,4.758513
0.667750,0.919718
0.668250,1.067072
0.668750,-1.940905
0.669250,0.915144
0.669750,5.179627
0.670250,-2.471362
0.670750,3.082260
0.671250,4.592187
0.671750,-1.099835
0.672250,-2.334930
0.672750,-4.612014
0.673250,0.292439
0.673750,-2.691099
0.674250,-6.188164
0.674750,-2.060686
0.675250,-4.348569
0.675750,4.259869
0.676250,-3.689811
0.676750,6.129873
0.677250,1.364620
0.677750,-0.703840
0.678250,1.006431
0.678750,-0.219636
0.679250,-1.238870
0.679750,-4.651544
0.680250,-3.942407
0.680750,-0.650718
0.681250,2.553779
0.681750,-1.355429
0.682250,1.739478
0.682750,-0.678966
0.683250,-1.293170
0.683750,-2.829078
0.684250,2.371023
0.684750,-3.246647
0.685250,-2.028558
0.685750,2.280016
0.686250,-0.359646
0.686750,3.182359
0.687250,3.736091
0.687750,-4.967703
0.688250,-1.078599
0.688750,-0.833090
0.689250,-5.077672
0.689750,-0.849698
0.690250,2.329402
0.690750,0.749062
0.691250,-4.812089
0.691750,-0.340771
0.692250,-2.469200
0.692750,-0.961591
0.693250,-1.612818
0.693750,0.173622
0.694250,0.137538
0.694750,-2.800385
0.695250,-3.744252
0.695750,-0.812366
0.696250,-3.048020
0.696750,-0.075572
0.697250,-1.742033
0.697750,-5.190125
0.698250,1.067425
0.698750,-2.553694
0.699250,-1.274308
0.699750,1.729065
0.700250,5.703452
0.700750,1.440222
0.701250,0.203723
0.701750,1.130690
0.702250,-3.574775
0.702750,-2.972489
0.703250,0.029756
0.703750,2.051070
0.704250,-1.269664
0.704750,-1.218573
0.705250,-4.390926
0.705750,-3.675894
0.706250,-2.578000
0.706750,-0.020454
0.707250,-2.757351
0.707750,-2.103254
0.708250,-1.229449
0.708750,-2.468717
0.709250,-2.430812
0.709750,-4.731558
0.710250,-0.369009
0.710750,4.763898
0.711250,-4.585012
0.711750,-4.730803
0.712250,0.578551
0.712750,0.271575
0.713250,-2.060957
0.713750,-1.140222
0.714250,-7.446154
0.714750,-0.605771
0.715250,0.713124
0.715750,-0.905052
0.716250,-4.206901
0.716750,-1.276289
0.717250,-1.492364
0.717750,-0.597650
0.718250,-0.456538
0.718750,-3.408259
0.719250,3.610642
0.719750,2.512614
0.720250,3.266718
0.720750,-2.435658
0.721250,-3.665582
0.721750,-0.176465
0.722250,2.252827
0.722750,-0.153578
0.723250,-0.621520
0.723750,1.178451
0.724250,3.850668
0.724750,1.702332
0.725250,-0.590757
0.725750,3.247348
0.726250,-3.367325
0.726750,-1.288282
0.727250,-0.997992
0.727750,-0.705122
0.728250,1.474013
0.728750,1.262887
0.729250,-1.812079
0.729750,-1.616469
0.730250,-4.565092
0.730750,-0.190972
0.731250,3.323451
0.731750,-4.247989
0.732250,-3.531667
0.732750,-3.112336
0.733250,0.753954
0.733750,0.892589
0.734250,-3.015803
0.734750,-7.499686
0.735250,-0.353404
0.735750,1.003881
0.736250,1.568183
0.736750,-4.311112
0.737250,0.759208
0.737750,-3.610454
0.738250,2.202940
0.738750,0.351453
0.739250,-0.452904
0.739750,-0.917568
0.740250,-6.665697
0.740750,3.870609
0.741250,-0.033038
0.741750,-1.333235
0.742250,0.917823
0.742750,3.954281
0.743250,0.145385
0.743750,-3.224263
0.744250,-2.967950
0.744750,-0.487363
0.745250,-1.065431
0.745750,-2.877144
0.746250,-1.461787
0.746750,-1.596045
0.747250,-2.027200
0.747750,-3.142387
0.748250,-3.307893
0.748750,-3.743397
0.749250,-4.008966
0.749750,-1.884200
0.750250,-0.303572
0.750750,-6.598827
0.751250,-4.624150
0.751750,-6.232364
0.752250,-6.546220
0.752750,-5.535821
0.753250,-6.029952
0.753750,0.817590
0.754250,-2.439790
0.754750,-4.210589
0.755250,-2.631739
0.755750,-2.813506
0.756250,3.862708
0.756750,-3.259057
0.757250,-6.443719
0.757750,-1.714558
0.758250,-5.030654
0.758750,-2.058335
0.759250,-1.084447
0.759750,-2.578329
0.760250,-1.008334
0.760750,-1.761418
0.761250,-0.994022
0.761750,0.125757
0.762250,-3.085076
0.762750,-5.287304
0.763250,-3.393324
0.763750,-5.856347
0.764250,-3.537348
0.764750,-5.734959
0.765250,-4.025628
0.765750,-10.100641
0.766250,-3.114496
0.766750,-3.823439
0.767250,-2.295626
0.767750,-1.409024
0.768250,-1.142726
0.768750,0.737616
0.769250,-4.061108
0.769750,-1.148488
0.770250,0.435141
0.770750,-1.727168
0.771250,-3.482136
0.771750,-2.734556
0.772250,-4.592215
0.772750,-6.465305
0.773250,-4.882216
0.773750,-3.638492
0.774250,-3.304136
0.774750,-4.364636
0.775250,-7.790976
0.775750,-1.023836
0.776250,-2.801165
0.776750,5.066319
0.777250,-0.041470
0.777750,-4.667996
0.778250,-3.189865
0.778750,-6.270502
0.779250,-7.706430
0.779750,-3.937816
0.780250,-1.941563
0.780750,-5.170362
0.781250,-6.629474
0.781750,-1.863609
0.782250,-7.892167
0.782750,-1.220525
0.783250,-2.324704
0.783750,-2.636655
0.784250,-4.602120
0.784750,-4.363427
0.785250,3.141315
0.785750,-5.506021
0.786250,3.947393
0.786750,2.335521
0.787250,-6.257918
0.787750,-5.853014
0.788250,-1.632249
0.788750,-6.371498
0.789250,-5.190299
0.789750,-1.346379
0.790250,-2.255334
0.790750,-3.787788
0.791250,-1.501987
0.791750,-2.333673
0.792250,-3.508509
0.792750,-1.964363
0.793250,-3.772951
0.793750,-0.394016
0.794250,-4.377534
0.794750,-3.459069
0.795250,-4.374763
0.795750,-4.828939
0.796250,-2.388535
0.796750,-0.544692
0.797250,1.190534
0.797750,-1.205995
0.798250,1.051509
0.798750,-7.665068
0.799250,-4.433515
0.799750,-0.216079
0.800250,-3.770891
0.800750,-5.042239
0.801250,-3.071289
0.801750,2.733986
0.802250,1.793710
0.802750,-1.073104
0.803250,-6.589013
0.803750,-2.170212
0.804250,-4.016155
0.804750,-3.644235
0.805250,-4.939550
0.805750,-1.924926
0.806250,-4.967355
0.806750,-6.383369
0.807250,-4.754812
0.807750,-0.736208
0.808250,-9.479048
0.808750,1.105234
0.809250,-1.087977
0.809750,-0.721278
0.810250,1.736036
0.810750,-5.547417
0.811250,-5.155622
0.811750,0.052133
0.812250,-2.445939
0.812750,-0.478960
0.813250,2.379413
0.813750,1.242539
0.814250,0.336973
0.814750,2.668815
0.815250,2.267699
0.815750,-0.597043
0.816250,-6.310683
0.816750,3.860591
0.817250,-4.219638
0.817750,-0.108644
0.818250,-0.090517
0.818750,-2.409207
0.819250,-0.163495
0.819750,-1.420732
0.820250,1.785788
0.820750,-1.498114
0.821250,-1.268976
0.821750,-4.169398
0.822250,0.388569
0.822750,-4.313559
0.823250,-1.677343
0.823750,-2.451984
0.824250,-6.474020
0.824750,-2.022164
0.825250,1.328337
0.825750,-1.613152
0.826250,-2.415310
0.826750,4.095425
0.827250,-2.740398
0.827750,-3.084486
0.828250,-0.680682
0.828750,-4.582260
0.829250,0.843703
0.829750,-0.410177
0.830250,-3.746599
0.830750,-0.756766
0.831250,-0.052182
0.831750,-3.950512
0.832250,-3.169694
0.832750,1.346199
0.833250,-2.036787
0.833750,2.144134
0.834250,-0.853841
0.834750,-0.150696
0.835250,-1.313280
0.835750,-5.944877
0.836250,3.026496
0.836750,-4.047896
0.837250,-1.014123
0.837750,2.242387
0.838250,-4.777999
0.838750,3.360154
0.839250,0.716088
0.839750,-0.336388
0.840250,-1.659440
0.840750,-4.988454
0.841250,1.752585
0.841750,-1.203698
0.842250,-1.119055
0.842750,-2.096922
0.843250,-2.840435
0.843750,-2.579194
0.844250,-6.009194
0.844750,0.940727
0.845250,-2.799979
0.845750,0.083995
0.846250,1.015504
0.846750,4.225445
0.847250,1.107023
0.847750,-0.939318
0.848250,-4.276461
0.848750,-0.091593
0.849250,-3.224266
0.849750,1.865950
0.850250,-3.870867
0.850750,1.339018
0.851250,-3.117161
0.851750,-1.517323
0.852250,-2.222587
0.852750,0.977838
0.853250,2.918649
0.853750,-0.404383
0.854250,-0.433028
0.854750,-0.712273
0.855250,-8.188176
0.855750,2.062991
0.856250,0.762185
0.856750,1.843630
0.857250,-4.260490
0.857750,1.761017
0.858250,3.201484
0.858750,-2.215622
0.859250,-3.260278
0.859750,-6.176489
0.860250,-1.931225
0.860750,-1.999225
0.861250,1.870586
0.861750,-0.227028
0.862250,1.464309
0.862750,1.177636
0.863250,0.163108
0.863750,0.114308
0.864250,-5.344700
0.864750,3.323060
0.865250,-2.308940
0.865750,1.248509
0.866250,0.760929
0.866750,1.537446
0.867250,-5.687031
0.867750,0.476499
0.868250,-1.555339
0.868750,-1.715373
0.869250,-4.049167
0.869750,-3.766871
0.870250,-1.415622
0.870750,-2.004997
0.871250,2.945482
0.871750,0.640903
0.872250,-1.910873
0.872750,-2.792635
0.873250,2.792139
0.873750,-1.621285
0.874250,-1.380526
0.874750,-5.444561
0.875250,-4.795692
0.875750,-0.348249
0.876250,-1.758606
0.876750,-2.893620
0.877250,-3.304729
0.877750,5.055116
0.878250,1.027529
0.878750,-4.522015
0.879250,-5.079101
0.879750,2.274181
0.880250,-5.380291
0.880750,0.747500
0.881250,-7.237612
0.881750,-2.751742
0.882250,-0.938007
0.882750,-2.042490
0.883250,-0.919183
0.883750,-1.236031
0.884250,-3.339171
0.884750,-1.432566
0.885250,-3.799361
0.885750,-6.446311
0.886250,0.318144
0.886750,-1.290858
0.887250,2.708427
0.887750,0.184624
0.888250,-4.761786
0.888750,-2.571207
0.889250,-0.690869
0.889750,-2.458137
0.890250,0.835824
0.890750,-4.069987
0.891250,0.934685
0.891750,-2.354554
0.892250,-4.329487
0.892750,-2.791421
0.893250,-4.081329
0.893750,-0.566214
0.894250,-2.137663
0.894750,2.242884
0.895250,2.146476
0.895750,1.578384
0.896250,-2.255184
0.896750,3.502275
0.897250,0.728451
0.897750,-3.890055
0.898250,-0.510830
0.898750,3.415999
0.899250,0.414591
0.899750,4.245555
0.900250,-7.070752
0.900750,-0.101779
0.901250,-8.226400
0.901750,-4.748375
0.902250,-0.988524
0.902750,-1.303562
0.903250,-3.102827
0.903750,2.222755
0.904250,-3.846980
0.904750,-3.942704
0.905250,-2.696921
0.905750,-5.347932
0.906250,1.805701
0.906750,1.108617
0.907250,-2.156731
0.907750,-1.908889
0.908250,-4.215613
0.908750,1.529021
0.909250,2.245809
0.909750,3.283184
0.910250,-3.306537
0.910750,-5.053540
0.911250,1.585501
0.911750,-2.172097
0.912250,1.906542
0.912750,-4.087013
0.913250,0.267004
0.913750,1.890258
0.914250,-2.845458
0.914750,1.607958
0.915250,1.490186
0.915750,1.583890
0.916250,2.516669
0.916750,0.787666
0.917250,-1.191034
0.917750,-1.721061
0.918250,6.486683
0.918750,2.602891
0.919250,-0.584150
0.919750,0.110540
0.920250,0.286682
0.920750,3.393487
0.921250,-1.063074
0.921750,-7.340508
0.922250,-1.442979
0.922750,2.197803
0.923250,2.760112
0.923750,2.043427
0.924250,-2.261040
0.924750,-1.506991
0.925250,-3.492380
0.925750,4.767519
0.926250,-3.699787
0.926750,2.023807
0.927250,1.417700
0.927750,8.260654
0.928250,6.343208
0.928750,2.481932
0.929250,0.525418
0.929750,1.441148
0.930250,4.877371
0.930750,0.425512
0.931250,3.450511
0.931750,-1.986234
0.932250,0.368020
0.932750,-2.028497
0.933250,2.727486
0.933750,-2.469203
0.934250,-0.762575
0.934750,1.392079
0.935250,-3.046951
0.935750,-0.124117
0.936250,0.055275
0.936750,-3.558957
0.937250,-2.227733
0.937750,0.070414
0.938250,0.296317
0.938750,1.110113
0.939250,-1.419041
0.939750,-3.423306
0.940250,-1.983330
0.940750,0.589690
0.941250,1.083118
0.941750,0.145815
0.942250,0.619085
0.942750,-4.873132
0.943250,2.101156
0.943750,-1.058461
0.944250,1.170100
0.944750,-3.487556
0.945250,-2.223802
0.945750,2.222047
0.946250,0.671169
0.946750,-5.668674
0.947250,-3.117806
0.947750,-0.767183
0.948250,-1.192073
0.948750,3.938777
0.949250,2.242904
0.949750,1.572809
0.950250,4.587154
0.950750,1.023232
0.951250,-2.405540
0.951750,-0.641380
0.952250,0.254769
0.952750,0.502353
0.953250,0.390907
0.953750,-2.632699
0.954250,-1.229085
0.954750,1.088525
0.955250,1.288625
0.955750,2.095142
0.956250,-6.166303
0.956750,-2.458618
0.957250,0.139728
0.957750,-0.527803
0.958250,-4.226768
0.958750,2.594593
0.959250,7.460898
0.959750,-3.322156
0.960250,-0.960364
0.960750,3.228843
0.961250,-3.050471
0.961750,-1.093732
0.962250,-3.009116
0.962750,1.695627
0.963250,-7.430792
0.963750,-7.622153
0.964250,-0.222631
0.964750,-4.071650
0.965250,2.296629
0.965750,-2.845375
0.966250,-3.704061
0.966750,-2.227891
0.967250,-6.173981
0.967750,-4.091243
0.968250,0.411170
0.968750,-2.320787
0.969250,-0.287010
0.969750,-0.886436
0.970250,-3.811939
0.970750,-4.554605
0.971250,-1.490085
0.971750,-2.510803
0.972250,-2.398158
0.972750,-5.488273
0.973250,-2.064304
0.973750,-3.549211
0.974250,-7.641200
0.974750,-6.048064
0.975250,-4.138724
0.975750,-3.687733
0.976250,-2.364278
0.976750,-3.592331
0.977250,-0.736988
0.977750,2.792397
0.978250,-2.905617
0.978750,-6.564012
0.979250,1.440805
0.979750,-2.288554
0.980250,-3.897337
0.980750,-0.904855
0.981250,-2.708215
0.981750,-5.720978
0.982250,3.733436
0.982750,-0.234722
0.983250,-2.864921
0.983750,-3.813987
0.984250,1.670775
0.984750,-0.685761
0.985250,-1.764636
0.985750,1.627707
0.986250,-4.609880
0.986750,0.486370
0.987250,2.024172
0.987750,0.031261
0.988250,-1.370442
0.988750,-0.367727
0.989250,-2.165740
0.989750,-1.759743
0.990250,3.474959
0.990750,2.735113
0.991250,1.149404
0.991750,-2.577794
0.992250,6.774121
0.992750,-1.705477
0.993250,-1.719617
0.993750,2.849929
0.994250,-1.740849
0.994750,1.954450
0.995250,-1.884432
0.995750,3.651092
0.996250,-1.561974
0.996750,0.111760
0.997250,-6.953902
0.997750,2.614314
0.998250,-4.037067
0.998750,-0.631903
0.999250,-0.062304
0.999750,-5.697775
