0.000250,0.141895
0.000750,0.141978
0.001250,0.053806
0.001750,-0.103490
0.002250,-0.225868
0.002750,0.031148
0.003250,0.172656
0.003750,-0.053409
0.004250,-0.076911
0.004750,0.272484
0.005250,0.478932
0.005750,0.564344
0.006250,0.302922
0.006750,0.063954
0.007250,0.063041
0.007750,0.188017
0.008250,0.258452
0.008750,-0.069625
0.009250,0.052037
0.009750,-0.115000
0.010250,0.066158
0.010750,0.161477
0.011250,0.035223
0.011750,0.604485
0.012250,0.293027
0.012750,0.396698
0.013250,0.430010
0.013750,0.223483
0.014250,0.853767
0.014750,0.838400
0.015250,0.457689
0.015750,1.089912
0.016250,0.812624
0.016750,1.013642
0.017250,1.504132
0.017750,0.810141
0.018250,1.094169
0.018750,1.273325
0.019250,1.362735
0.019750,1.075357
0.020250,1.120794
0.020750,1.338505
0.021250,1.153472
0.021750,1.058261
0.022250,1.258683
0.022750,0.977684
0.023250,0.933069
0.023750,0.550656
0.024250,0.783026
0.024750,0.732395
0.025250,0.870224
0.025750,0.606002
0.026250,0.799427
0.026750,1.411402
0.027250,1.272186
0.027750,0.996719
0.028250,1.347696
0.028750,0.945875
0.029250,1.162422
0.029750,1.419078
0.030250,1.109517
0.030750,1.543983
0.031250,1.103309
0.031750,1.409371
0.032250,1.095379
0.032750,1.781074
0.033250,1.502801
0.033750,1.706917
0.034250,1.597880
0.034750,1.161827
0.035250,1.457072
0.035750,1.439838
0.036250,1.664536
0.036750,1.364384
0.037250,1.164418
0.037750,1.178744
0.038250,1.001731
0.038750,1.651874
0.039250,1.349964
0.039750,1.721085
0.040250,0.826557
0.040750,1.150125
0.041250,0.626374
0.041750,1.293568
0.042250,1.191972
0.042750,0.415609
0.043250,0.689588
0.043750,0.219571
0.044250,0.810051
0.044750,0.825779
0.045250,0.496584
0.045750,0.562126
0.046250,0.667081
0.046750,-0.094369
0.047250,0.643830
0.047750,0.937050
0.048250,1.243038
0.048750,1.240306
0.049250,1.383222
0.049750,0.871591
0.050250,0.380206
0.050750,0.850997
0.051250,0.246826
0.051750,0.074600
0.052250,0.412014
0.052750,1.023296
0.053250,0.635863
0.053750,0.773847
0.054250,0.523851
0.054750,1.392505
0.055250,1.073064
0.055750,1.371487
0.056250,0.935583
0.056750,1.341048
0.057250,1.268109
0.057750,1.404967
0.058250,1.521698
0.058750,1.515118
0.059250,1.043278
0.059750,1.163278
0.060250,1.480852
0.060750,1.576901
0.061250,1.099744
0.061750,1.254245
0.062250,1.554269
0.062750,2.217858
0.063250,1.450222
0.063750,1.306789
0.064250,1.726685
0.064750,1.417881
0.065250,1.161523
0.065750,1.239203
0.066250,1.169618
0.066750,1.792283
0.067250,1.676991
0.067750,1.833829
0.068250,0.391639
0.068750,1.282106
0.069250,1.519730
0.069750,0.948977
0.070250,1.666060
0.070750,1.886671
0.071250,0.487335
0.071750,1.394943
0.072250,1.254248
0.072750,1.279130
0.073250,0.033902
0.073750,0.043024
0.074250,0.825783
0.074750,1.055716
0.075250,0.812296
0.075750,1.757388
0.076250,1.079499
0.076750,0.502311
0.077250,0.697236
0.077750,1.210919
0.078250,0.412172
0.078750,0.668487
0.079250,0.664348
0.079750,0.464921
0.080250,0.855124
0.080750,1.141305
0.081250,1.309069
0.081750,1.978523
0.082250,0.797261
0.082750,1.628125
0.083250,1.504411
0.083750,1.139614
0.084250,1.658385
0.084750,1.167859
0.085250,1.486911
0.085750,1.378218
0.086250,1.355199
0.086750,1.235725
0.087250,0.475789
0.087750,1.496643
0.088250,0.019031
0.088750,1.793332
0.089250,1.111503
0.089750,1.101270
0.090250,1.119790
0.090750,1.022523
0.091250,0.730352
0.091750,1.357957
0.092250,1.225177
0.092750,1.106865
0.093250,0.494873
0.093750,1.250658
0.094250,0.619122
0.094750,1.161551
0.095250,1.189599
0.095750,0.919601
0.096250,0.444368
0.096750,0.460772
0.097250,0.331261
0.097750,0.646025
0.098250,0.526900
0.098750,0.362740
0.099250,0.169361
0.099750,-0.367836
0.100250,0.190880
0.100750,0.497939
0.101250,0.457072
0.101750,-0.073608
0.102250,0.572998
0.102750,-0.324036
0.103250,-0.524071
0.103750,-1.107925
0.104250,0.423065
0.104750,0.547562
0.105250,-0.627806
0.105750,0.326194
0.106250,0.610950
0.106750,0.290397
0.107250,-0.179673
0.107750,0.244360
0.108250,0.624105
0.108750,-0.983919
0.109250,1.048998
0.109750,1.481853
0.110250,0.518284
0.110750,0.163180
0.111250,-0.005600
0.111750,0.753062
0.112250,-0.596868
0.112750,1.559660
0.113250,0.761235
0.113750,-0.232457
0.114250,0.655291
0.114750,0.169523
0.115250,0.933549
0.115750,0.632710
0.116250,1.523988
0.116750,0.000954
0.117250,-0.216575
0.117750,0.008710
0.118250,-0.433029
0.118750,0.352117
0.119250,0.589680
0.119750,0.148287
0.120250,1.139591
0.120750,0.340003
0.121250,-0.149817
0.121750,0.874597
0.122250,0.631167
0.122750,0.787866
0.123250,1.117048
0.123750,0.957814
0.124250,1.474457
0.124750,1.258091
0.125250,0.874221
0.125750,1.490167
0.126250,0.696350
0.126750,1.192378
0.127250,0.040687
0.127750,0.911518
0.128250,1.132735
0.128750,0.634863
0.129250,0.811158
0.129750,0.315400
0.130250,0.455625
0.130750,1.521005
0.131250,-0.185518
0.131750,1.403398
0.132250,0.694617
0.132750,1.505336
0.133250,2.278579
0.133750,0.954701
0.134250,1.272092
0.134750,1.203518
0.135250,0.634816
0.135750,0.455869
0.136250,-0.089125
0.136750,0.444245
0.137250,0.621417
0.137750,0.567308
0.138250,0.960834
0.138750,-1.363095
0.139250,-1.109044
0.139750,-0.160370
0.140250,-0.335195
0.140750,-0.185967
0.141250,-0.481823
0.141750,-0.505797
0.142250,-0.185512
0.142750,-0.995535
0.143250,-0.708627
0.143750,-0.373901
0.144250,-0.748149
0.144750,-0.024477
0.145250,-0.381716
0.145750,-0.614682
0.146250,-0.090492
0.146750,-0.428184
0.147250,0.284845
0.147750,0.353859
0.148250,-0.688221
0.148750,-0.864293
0.149250,-0.268662
0.149750,-0.879949
0.150250,0.089758
0.150750,-0.019007
0.151250,-0.173667
0.151750,-0.209560
0.152250,0.529247
0.152750,-0.689427
0.153250,-0.333650
0.153750,-0.942941
0.154250,-0.036239
0.154750,-0.310925
0.155250,-0.182124
0.155750,-0.403975
0.156250,-2.037721
0.156750,-0.633967
0.157250,-1.125272
0.157750,-0.818564
0.158250,-0.367396
0.158750,-0.048760
0.159250,-0.257775
0.159750,-0.348104
0.160250,-0.047489
0.160750,0.039865
0.161250,0.216865
0.161750,-0.645084
0.162250,-0.309391
0.162750,0.015210
0.163250,0.658818
0.163750,0.031698
0.164250,0.222729
0.164750,-0.457112
0.165250,0.265309
0.165750,-0.198594
0.166250,0.842124
0.166750,0.383493
0.167250,0.847782
0.167750,0.019343
0.168250,0.099950
0.168750,-0.320815
0.169250,-0.811809
0.169750,-0.439664
0.170250,-0.497316
0.170750,-0.031556
0.171250,-0.990574
0.171750,-0.779678
0.172250,-0.288297
0.172750,-0.686609
0.173250,-0.213238
0.173750,0.096255
0.174250,-0.649229
0.174750,-0.622534
0.175250,-1.170190
0.175750,-0.861078
0.176250,-0.350104
0.176750,-0.865187
0.177250,0.772636
0.177750,-0.408641
0.178250,-0.433465
0.178750,-0.475452
0.179250,0.150619
0.179750,0.019717
0.180250,-1.865201
0.180750,-0.165435
0.181250,-0.035476
0.181750,0.190283
0.182250,-0.254561
0.182750,-0.835974
0.183250,-0.024040
0.183750,0.803502
0.184250,-0.680184
0.184750,-0.580233
0.185250,-1.139594
0.185750,-1.802849
0.186250,-0.673320
0.186750,-0.133013
0.187250,-0.421888
0.187750,-1.375659
0.188250,-1.529085
0.188750,-1.173783
0.189250,-1.354142
0.189750,-0.598237
0.190250,0.530075
0.190750,-1.074811
0.191250,-0.064484
0.191750,-0.601299
0.192250,-1.302642
0.192750,-0.918737
0.193250,-0.179161
0.193750,-0.268621
0.194250,-0.215993
0.194750,-0.036997
0.195250,-0.817065
0.195750,-0.824776
0.196250,-0.752478
0.196750,-0.437219
0.197250,0.255031
0.197750,-0.657109
0.198250,-1.142172
0.198750,0.299638
0.199250,-0.403695
0.199750,-0.469322
0.200250,-0.142622
0.200750,-1.699362
0.201250,-0.271974
0.201750,-0.724764
0.202250,-0.987333
0.202750,-2.134120
0.203250,-1.632533
0.203750,-1.008112
0.204250,0.901693
0.204750,-0.861622
0.205250,0.042532
0.205750,-0.564721
0.206250,0.644306
0.206750,-1.220581
0.207250,-1.491467
0.207750,-1.370493
0.208250,-0.607677
0.208750,0.355464
0.209250,-0.086937
0.209750,0.366537
0.210250,-0.464803
0.210750,-0.450577
0.211250,2.009220
0.211750,1.365851
0.212250,0.618090
0.212750,0.260027
0.213250,1.304527
0.213750,0.585454
0.214250,0.705908
0.214750,1.805419
0.215250,2.269308
0.215750,1.252397
0.216250,0.562925
0.216750,-0.465720
0.217250,-1.235082
0.217750,0.614448
0.218250,1.395418
0.218750,1.451287
0.219250,0.496499
0.219750,0.039782
0.220250,1.217880
0.220750,0.517867
0.221250,-0.249976
0.221750,0.475456
0.222250,-1.005583
0.222750,-0.326806
0.223250,0.564385
0.223750,0.076315
0.224250,0.393982
0.224750,0.406355
0.225250,0.249826
0.225750,0.920682
0.226250,1.329590
0.226750,1.147286
0.227250,0.450729
0.227750,0.366903
0.228250,0.314937
0.228750,-0.162369
0.229250,-0.122641
0.229750,0.873154
0.230250,-0.611235
0.230750,0.765146
0.231250,0.407794
0.231750,0.317569
0.232250,-1.101606
0.232750,0.154540
0.233250,1.329492
0.233750,0.488320
0.234250,0.810833
0.234750,0.257026
0.235250,0.793579
0.235750,0.174724
0.236250,-1.033166
0.236750,-0.817159
0.237250,0.763025
0.237750,0.079683
0.238250,-1.615606
0.238750,-0.110543
0.239250,-0.522292
0.239750,-1.207601
0.240250,1.038010
0.240750,-0.979017
0.241250,-0.060496
0.241750,0.029263
0.242250,0.367079
0.242750,-1.770136
0.243250,-0.139824
0.243750,-0.323774
0.244250,0.746424
0.244750,-0.292543
0.245250,-0.565111
0.245750,-0.016418
0.246250,0.326559
0.246750,-0.652264
0.247250,1.643145
0.247750,0.177278
0.248250,-0.503946
0.248750,0.656352
0.249250,1.215804
0.249750,-0.008142
0.250250,0.907704
0.250750,0.280891
0.251250,1.115924
0.251750,0.167135
0.252250,0.257603
0.252750,1.050304
0.253250,-0.643068
0.253750,0.379157
0.254250,-0.532443
0.254750,-1.110860
0.255250,0.203619
0.255750,-0.373715
0.256250,1.186708
0.256750,1.526472
0.257250,0.368338
0.257750,-0.131444
0.258250,-0.121995
0.258750,-0.078820
0.259250,-0.650372
0.259750,0.532313
0.260250,0.822924
0.260750,1.332248
0.261250,-0.069012
0.261750,0.798183
0.262250,0.150821
0.262750,-0.549684
0.263250,1.468576
0.263750,1.600040
0.264250,1.227764
0.264750,1.466635
0.265250,0.503778
0.265750,0.306675
0.266250,1.960761
0.266750,0.947756
0.267250,0.346927
0.267750,0.011962
0.268250,1.508371
0.268750,0.636785
0.269250,-0.880587
0.269750,1.374096
0.270250,2.368625
0.270750,0.793795
0.271250,0.301484
0.271750,1.363335
0.272250,0.716950
0.272750,0.674983
0.273250,0.852504
0.273750,0.552330
0.274250,2.008736
0.274750,0.987196
0.275250,0.300128
0.275750,1.480797
0.276250,0.722779
0.276750,0.802052
0.277250,-0.179384
0.277750,-0.993276
0.278250,-0.682652
0.278750,-0.470234
0.279250,0.182561
0.279750,-0.770168
0.280250,-1.220443
0.280750,0.150575
0.281250,-0.253786
0.281750,0.836962
0.282250,0.591738
0.282750,1.299456
0.283250,-0.001461
0.283750,-0.447802
0.284250,0.519124
0.284750,-0.305226
0.285250,1.125682
0.285750,-0.071855
0.286250,-1.042088
0.286750,-0.352167
0.287250,0.220740
0.287750,0.706400
0.288250,0.157794
0.288750,-0.180114
0.289250,-0.260632
0.289750,-1.381129
0.290250,0.386491
0.290750,-1.022228
0.291250,-0.088242
0.291750,0.576924
0.292250,-0.663440
0.292750,-0.793412
0.293250,-1.211015
0.293750,-0.833721
0.294250,1.251584
0.294750,-0.170840
0.295250,-1.347088
0.295750,-1.113240
0.296250,-1.108678
0.296750,-1.595550
0.297250,-1.001140
0.297750,-1.146094
0.298250,0.644623
0.298750,-0.614715
0.299250,0.399184
0.299750,0.479599
0.300250,-0.226063
0.300750,0.839376
0.301250,-0.696942
0.301750,1.647684
0.302250,0.370747
0.302750,0.666838
0.303250,1.608153
0.303750,0.568048
0.304250,0.221884
0.304750,1.086719
0.305250,-0.127322
0.305750,0.954886
0.306250,0.708450
0.306750,-0.174316
0.307250,-0.222532
0.307750,0.751174
0.308250,0.384859
0.308750,-0.908051
0.309250,0.390308
0.309750,-0.406131
0.310250,-1.089042
0.310750,1.076137
0.311250,1.379671
0.311750,0.003046
0.312250,0.244969
0.312750,-0.532124
0.313250,0.371373
0.313750,0.905335
0.314250,-1.452004
0.314750,0.285483
0.315250,0.017698
0.315750,1.828377
0.316250,-0.155041
0.316750,-1.151368
0.317250,0.464891
0.317750,-0.506103
0.318250,-0.560098
0.318750,0.176283
0.319250,0.099888
0.319750,-0.405656
0.320250,0.375818
0.320750,-0.293493
0.321250,-0.680534
0.321750,-0.668347
0.322250,0.785743
0.322750,1.197087
0.323250,1.442808
0.323750,2.331009
0.324250,1.953678
0.324750,-0.434568
0.325250,1.981189
0.325750,1.834840
0.326250,2.613856
0.326750,0.326464
0.327250,2.829086
0.327750,1.844019
0.328250,1.661497
0.328750,1.337841
0.329250,1.630260
0.329750,1.121339
0.330250,1.027030
0.330750,0.950345
0.331250,1.158321
0.331750,0.918921
0.332250,1.508560
0.332750,0.306100
0.333250,0.821446
0.333750,1.443521
0.334250,0.657049
0.334750,1.416846
0.335250,0.616940
0.335750,1.465183
0.336250,-0.218711
0.336750,0.150277
0.337250,1.692653
0.337750,0.411395
0.338250,1.524202
0.338750,2.334333
0.339250,1.394405
0.339750,1.182684
0.340250,1.588571
0.340750,1.309628
0.341250,0.498347
0.341750,0.972238
0.342250,-0.279745
0.342750,3.404222
0.343250,0.238898
0.343750,1.348051
0.344250,1.477908
0.344750,1.618833
0.345250,-0.289927
0.345750,1.651865
0.346250,2.031765
0.346750,2.626191
0.347250,1.178408
0.347750,0.513446
0.348250,1.414001
0.348750,1.394201
0.349250,3.788800
0.349750,1.475857
0.350250,1.361479
0.350750,1.409091
0.351250,0.633341
0.351750,1.845856
0.352250,-0.102596
0.352750,0.748403
0.353250,2.054016
0.353750,2.034003
0.354250,1.176693
0.354750,3.472381
0.355250,0.416559
0.355750,1.418946
0.356250,3.376811
0.356750,2.989412
0.357250,0.045773
0.357750,2.229670
0.358250,0.941807
0.358750,1.300764
0.359250,0.489057
0.359750,-0.151626
0.360250,0.280345
0.360750,0.822580
0.361250,2.979332
0.361750,0.682526
0.362250,0.748898
0.362750,0.590572
0.363250,0.949366
0.363750,-0.362431
0.364250,1.543219
0.364750,0.162886
0.365250,2.260561
0.365750,-0.385124
0.366250,2.024754
0.366750,1.077132
0.367250,1.026007
0.367750,2.563539
0.368250,1.432765
0.368750,0.205798
0.369250,-0.664131
0.369750,1.681779
0.370250,1.867748
0.370750,-0.521489
0.371250,1.620226
0.371750,-1.610854
0.372250,1.189393
0.372750,3.355878
0.373250,1.606579
0.373750,0.492011
0.374250,0.180827
0.374750,1.131623
0.375250,0.238652
0.375750,1.041409
0.376250,0.485862
0.376750,2.630916
0.377250,1.723694
0.377750,0.938812
0.378250,2.135266
0.378750,1.055007
0.379250,2.329901
0.379750,2.553618
0.380250,1.995170
0.380750,3.022095
0.381250,2.656612
0.381750,2.162574
0.382250,-0.289667
0.382750,1.956569
0.383250,1.410304
0.383750,2.536828
0.384250,2.120021
0.384750,3.742687
0.385250,1.029220
0.385750,2.434188
0.386250,1.436561
0.386750,2.961130
0.387250,2.182897
0.387750,2.300163
0.388250,3.254907
0.388750,1.093335
0.389250,2.684181
0.389750,1.899322
0.390250,4.892302
0.390750,1.254758
0.391250,2.574672
0.391750,1.926649
0.392250,2.055412
0.392750,1.647839
0.393250,2.691424
0.393750,5.228411
0.394250,3.282308
0.394750,3.044373
0.395250,4.318568
0.395750,2.334272
0.396250,3.216106
0.396750,1.410697
0.397250,2.524317
0.397750,2.782906
0.398250,2.592494
0.398750,1.638650
0.399250,2.311219
0.399750,2.214700
0.400250,3.437234
0.400750,3.698383
0.401250,2.657698
0.401750,2.093616
0.402250,0.599988
0.402750,1.726582
0.403250,3.368883
0.403750,0.652652
0.404250,2.141929
0.404750,1.417906
0.405250,-0.284752
0.405750,2.837580
0.406250,3.247002
0.406750,2.258113
0.407250,0.930409
0.407750,1.867482
0.408250,2.346416
0.408750,2.694277
0.409250,3.090409
0.409750,1.473612
0.410250,0.522458
0.410750,-0.346693
0.411250,2.459085
0.411750,1.927709
0.412250,2.183578
0.412750,1.328788
0.413250,2.722436
0.413750,2.018301
0.414250,1.040067
0.414750,1.518233
0.415250,2.223946
0.415750,1.293662
0.416250,3.384596
0.416750,2.406432
0.417250,1.246143
0.417750,1.279911
0.418250,1.862059
0.418750,0.876448
0.419250,1.483980
0.419750,2.202974
0.420250,1.502308
0.420750,1.060383
0.421250,2.048964
0.421750,1.870395
0.422250,1.556465
0.422750,0.287317
0.423250,0.560040
0.423750,1.107687
0.424250,1.674870
0.424750,-0.414455
0.425250,0.397651
0.425750,2.164907
0.426250,0.355062
0.426750,-0.464403
0.427250,-0.011242
0.427750,-1.470538
0.428250,-0.274185
0.428750,-0.113102
0.429250,0.968775
0.429750,2.574459
0.430250,-0.918620
0.430750,2.432793
0.431250,-0.499932
0.431750,1.383385
0.432250,1.253613
0.432750,1.412051
0.433250,1.887054
0.433750,-0.006633
0.434250,2.693526
0.434750,1.261629
0.435250,1.691349
0.435750,1.250116
0.436250,1.449935
0.436750,0.875250
0.437250,0.823230
0.437750,-0.092501
0.438250,3.341040
0.438750,0.624334
0.439250,2.025585
0.439750,0.861069
0.440250,-0.567443
0.440750,0.879227
0.441250,0.256588
0.441750,1.706125
0.442250,0.504810
0.442750,0.613958
0.443250,0.605459
0.443750,1.290001
0.444250,0.228710
0.444750,0.334416
0.445250,2.932020
0.445750,1.654647
0.446250,0.392814
0.446750,0.742892
0.447250,2.891287
0.447750,1.299350
0.448250,0.613971
0.448750,2.262926
0.449250,2.365713
0.449750,2.241900
0.450250,2.702694
0.450750,1.904726
0.451250,0.335114
0.451750,1.093497
0.452250,2.215490
0.452750,3.306836
0.453250,1.624310
0.453750,0.640371
0.454250,0.214599
0.454750,0.754387
0.455250,3.157928
0.455750,2.017515
0.456250,1.100733
0.456750,2.215730
0.457250,1.305277
0.457750,3.944945
0.458250,2.216147
0.458750,1.606416
0.459250,0.592261
0.459750,2.417950
0.460250,1.405439
0.460750,1.482539
0.461250,3.071294
0.461750,2.978649
0.462250,2.297702
0.462750,3.438334
0.463250,4.143466
0.463750,3.406017
0.464250,-0.798953
0.464750,2.086988
0.465250,1.139775
0.465750,4.810933
0.466250,1.732499
0.466750,1.412330
0.467250,1.733266
0.467750,2.340451
0.468250,4.363158
0.468750,2.043886
0.469250,1.318973
0.469750,0.991639
0.470250,3.385505
0.470750,0.691424
0.471250,2.468950
0.471750,4.506820
0.472250,1.617041
0.472750,2.080075
0.473250,2.494497
0.473750,1.605998
0.474250,3.328763
0.474750,0.975695
0.475250,2.848377
0.475750,2.496695
0.476250,3.026727
0.476750,3.275840
0.477250,3.259468
0.477750,1.510897
0.478250,3.302083
0.478750,4.121322
0.479250,2.045298
0.479750,3.086770
0.480250,0.441517
0.480750,3.418888
0.481250,2.800881
0.481750,2.524328
0.482250,1.336234
0.482750,2.153471
0.483250,2.242306
0.483750,3.286198
0.484250,1.892956
0.484750,1.339161
0.485250,2.305791
0.485750,2.068565
0.486250,1.311498
0.486750,2.121012
0.487250,1.305948
0.487750,3.582006
0.488250,3.071401
0.488750,0.828123
0.489250,1.830750
0.489750,2.875365
0.490250,1.625650
0.490750,1.502229
0.491250,3.113615
0.491750,2.491410
0.492250,0.741032
0.492750,1.624987
0.493250,2.982037
0.493750,0.588136
0.494250,3.731953
0.494750,2.514264
0.495250,2.446938
0.495750,1.940990
0.496250,0.623850
0.496750,2.037252
0.497250,2.550193
0.497750,1.447593
0.498250,1.406180
0.498750,2.548884
0.499250,1.695517
0.499750,1.704654
0.500250,1.152199
0.500750,2.385902
0.501250,0.369012
0.501750,1.957271
0.502250,0.187433
0.502750,1.435956
0.503250,0.273407
0.503750,0.384586
0.504250,1.295881
0.504750,0.868340
0.505250,1.126100
0.505750,-0.150825
0.506250,1.908669
0.506750,1.298225
0.507250,2.501258
0.507750,0.098331
0.508250,-1.513191
0.508750,1.427258
0.509250,2.075047
0.509750,1.959135
0.510250,2.514495
0.510750,3.657818
0.511250,-0.006460
0.511750,2.376046
0.512250,1.761088
0.512750,1.697848
0.513250,-0.266362
0.513750,0.400499
0.514250,1.200277
0.514750,2.368325
0.515250,-0.260991
0.515750,0.382225
0.516250,2.872638
0.516750,0.601704
0.517250,0.825240
0.517750,1.317466
0.518250,2.560715
0.518750,2.074677
0.519250,1.759828
0.519750,1.321645
0.520250,0.724189
0.520750,1.609503
0.521250,2.221426
0.521750,1.129950
0.522250,3.409178
0.522750,2.480514
0.523250,1.466838
0.523750,1.199772
0.524250,1.472711
0.524750,1.198537
0.525250,1.545205
0.525750,1.955591
0.526250,3.106274
0.526750,0.982256
0.527250,0.310377
0.527750,0.644647
0.528250,0.673639
0.528750,1.209577
0.529250,1.883115
0.529750,0.945834
0.530250,-0.509683
0.530750,2.792953
0.531250,1.787169
0.531750,-0.203061
0.532250,0.643770
0.532750,1.098472
0.533250,1.926563
0.533750,0.652148
0.534250,-0.091471
0.534750,0.333258
0.535250,0.365869
0.535750,1.079339
0.536250,1.147318
0.536750,0.109373
0.537250,3.019556
0.537750,2.606874
0.538250,3.536575
0.538750,1.699665
0.539250,-0.631359
0.539750,1.265938
0.540250,0.482287
0.540750,2.631578
0.541250,1.313628
0.541750,2.073263
0.542250,1.576161
0.542750,1.495201
0.543250,2.501015
0.543750,2.145731
0.544250,-0.665432
0.544750,1.594700
0.545250,2.827120
0.545750,1.276996
0.546250,1.835993
0.546750,1.428848
0.547250,-0.521644
0.547750,1.830109
0.548250,1.836266
0.548750,2.331209
0.549250,2.290800
0.549750,3.922880
0.550250,1.446257
0.550750,1.725812
0.551250,3.439240
0.551750,1.587439
0.552250,2.241661
0.552750,0.966694
0.553250,2.355841
0.553750,0.267227
0.554250,1.519454
0.554750,2.166714
0.555250,-0.612760
0.555750,3.965282
0.556250,1.022225
0.556750,-0.367777
0.557250,-0.197419
0.557750,0.461520
0.558250,1.668234
0.558750,-1.506491
0.559250,0.650369
0.559750,0.794635
0.560250,2.513795
0.560750,2.892215
0.561250,0.605254
0.561750,0.045860
0.562250,-2.363781
0.562750,-0.647336
0.563250,2.224596
0.563750,3.099882
0.564250,-0.353254
0.564750,1.997170
0.565250,1.167760
0.565750,0.312849
0.566250,0.409862
0.566750,3.071510
0.567250,2.259010
0.567750,1.187472
0.568250,0.966104
0.568750,-0.697836
0.569250,-0.582946
0.569750,0.090412
0.570250,2.372837
0.570750,1.008837
0.571250,0.103775
0.571750,0.418863
0.572250,0.055558
0.572750,-1.742555
0.573250,0.826051
0.573750,0.123510
0.574250,1.539005
0.574750,0.069404
0.575250,-0.692311
0.575750,-1.752442
0.576250,-0.251337
0.576750,0.299419
0.577250,0.889810
0.577750,-1.199318
0.578250,-0.479701
0.578750,-0.668706
0.579250,-1.948790
0.579750,-2.381869
0.580250,-1.183996
0.580750,0.508558
0.581250,-1.272966
0.581750,0.524746
0.582250,-1.724177
0.582750,-0.612364
0.583250,0.039507
0.583750,-0.373738
0.584250,1.679655
0.584750,-0.192014
0.585250,-0.284653
0.585750,-1.491677
0.586250,-0.957718
0.586750,-0.152862
0.587250,0.161729
0.587750,-2.075773
0.588250,-0.953709
0.588750,-2.328289
0.589250,-1.316019
0.589750,-1.926033
0.590250,-2.223976
0.590750,-1.700431
0.591250,-0.154848
0.591750,-1.197694
0.592250,0.822757
0.592750,-0.944921
0.593250,-0.034560
0.593750,-2.905429
0.594250,-1.653186
0.594750,1.508948
0.595250,-1.222785
0.595750,-1.507101
0.596250,-0.375376
0.596750,1.879487
0.597250,1.025798
0.597750,2.277092
0.598250,0.166784
0.598750,1.203967
0.599250,1.822979
0.599750,-1.872242
0.600250,1.297915
0.600750,-0.332669
0.601250,-0.114714
0.601750,-0.408864
0.602250,-2.975860
0.602750,0.439381
0.603250,-1.168975
0.603750,-1.218335
0.604250,0.999324
0.604750,-0.012134
0.605250,0.067732
0.605750,0.570627
0.606250,-0.119231
0.606750,1.054655
0.607250,-0.015081
0.607750,-1.436196
0.608250,-0.538233
0.608750,0.181409
0.609250,-1.377248
0.609750,0.902062
0.610250,0.668678
0.610750,0.238614
0.611250,0.711602
0.611750,0.898030
0.612250,-1.025451
0.612750,-1.554402
0.613250,-1.746793
0.613750,-0.205870
0.614250,-2.798438
0.614750,0.186759
0.615250,0.170240
0.615750,-1.698073
0.616250,-1.919357
0.616750,1.346662
0.617250,-0.234940
0.617750,-0.356054
0.618250,1.178016
0.618750,-1.087420
0.619250,-1.188664
0.619750,-0.486846
0.620250,-1.389652
0.620750,0.071531
0.621250,-1.994175
0.621750,-0.519006
0.622250,2.116026
0.622750,0.523794
0.623250,1.568719
0.623750,-1.252842
0.624250,0.327311
0.624750,1.594126
0.625250,1.540308
0.625750,-1.631773
0.626250,-2.485263
0.626750,0.776865
0.627250,-0.401712
0.627750,1.021449
0.628250,0.098168
0.628750,1.324270
0.629250,2.457898
0.629750,0.509030
0.630250,-1.277197
0.630750,1.164262
0.631250,0.381120
0.631750,-0.117794
0.632250,0.408097
0.632750,1.123961
0.633250,1.389948
0.633750,-0.383572
0.634250,-0.427128
0.634750,1.284726
0.635250,-0.212953
0.635750,0.647350
0.636250,0.061655
0.636750,2.552514
0.637250,1.531586
0.637750,0.124615
0.638250,0.648996
0.638750,1.589383
0.639250,1.728842
0.639750,-0.394732
0.640250,1.844647
0.640750,1.571466
0.641250,1.316300
0.641750,-2.215167
0.642250,0.571936
0.642750,-0.082609
0.643250,1.179057
0.643750,2.905043
0.644250,0.135025
0.644750,-0.253121
0.645250,-0.264025
0.645750,-1.553321
0.646250,-0.086729
0.646750,-0.033610
0.647250,2.079544
0.647750,1.804519
0.648250,1.023743
0.648750,-0.067428
0.649250,-0.288426
0.649750,1.196301
0.650250,0.428792
0.650750,1.725832
0.651250,-1.593550
0.651750,2.005579
0.652250,1.567746
0.652750,1.374703
0.653250,0.923222
0.653750,-0.430201
0.654250,-0.458170
0.654750,0.064433
0.655250,-0.872368
0.655750,2.130193
0.656250,0.963189
0.656750,0.765868
0.657250,0.172138
0.657750,-1.707840
0.658250,-1.018431
0.658750,0.041105
0.659250,-0.575357
0.659750,0.909191
0.660250,-1.137516
0.660750,0.004715
0.661250,-0.677907
0.661750,-1.828953
0.662250,-1.781297
0.662750,-0.577520
0.663250,-0.561187
0.663750,0.410099
0.664250,1.411080
0.664750,-0.705462
0.665250,1.541569
0.665750,-0.092574
0.666250,0.940278
0.666750,0.474552
0.667250,0.274361
0.667750,-0.160060
0.668250,-3.748812
0.668750,-2.036700
0.669250,0.094081
0.669750,0.779256
0.670250,-2.663026
0.670750,1.583440
0.671250,0.684285
0.671750,-0.148970
0.672250,-1.247569
0.672750,-3.279053
0.673250,-2.065341
0.673750,-2.090078
0.674250,-1.672953
0.674750,-2.666434
0.675250,-0.986269
0.675750,-0.336881
0.676250,-1.170221
0.676750,0.176718
0.677250,-1.714905
0.677750,-2.292353
0.678250,-0.570438
0.678750,-2.194407
0.679250,-1.591967
0.679750,-4.704466
0.680250,-0.667013
0.680750,0.321880
0.681250,-2.332365
0.681750,-3.137960
0.682250,-1.042215
0.682750,-1.684540
0.683250,-1.424635
0.683750,-1.643105
0.684250,-2.214350
0.684750,-2.028999
0.685250,-0.263527
0.685750,-1.571542
0.686250,-0.713568
0.686750,0.655380
0.687250,1.072914
0.687750,-3.034595
0.688250,-1.744921
0.688750,-2.467550
0.689250,-0.303666
0.689750,-0.807818
0.690250,-0.129217
0.690750,0.536615
0.691250,-1.328769
0.691750,0.608757
0.692250,-1.663122
0.692750,-0.292536
0.693250,0.019246
0.693750,-0.154397
0.694250,-2.847982
0.694750,-0.306848
0.695250,-1.604087
0.695750,-0.992960
0.696250,-1.041955
0.696750,-0.962807
0.697250,-2.382995
0.697750,-1.004422
0.698250,-2.269976
0.698750,-0.518264
0.699250,-0.515900
0.699750,-0.857016
0.700250,0.619114
0.700750,-0.469040
0.701250,-0.792522
0.701750,-0.589150
0.702250,-0.768115
0.702750,-1.825283
0.703250,0.314780
0.703750,-0.884039
0.704250,-1.172064
0.704750,-0.368673
0.705250,-2.647819
0.705750,0.881521
0.706250,-2.291302
0.706750,-1.853844
0.707250,-0.366132
0.707750,-3.626183
0.708250,-1.955719
0.708750,-2.236785
0.709250,-1.640324
0.709750,-2.427156
0.710250,-2.325762
0.710750,1.586793
0.711250,-1.579151
0.711750,-0.839225
0.712250,-2.354816
0.712750,-0.241340
0.713250,-1.583714
0.713750,-1.236463
0.714250,2.979468
0.714750,0.173692
0.715250,-1.500822
0.715750,-2.155734
0.716250,-3.109059
0.716750,-1.239893
0.717250,0.032049
0.717750,0.034542
0.718250,0.467729
0.718750,1.394546
0.719250,0.285307
0.719750,-1.038921
0.720250,0.001087
0.720750,0.251726
0.721250,-0.622691
0.721750,-1.369093
0.722250,-0.422944
0.722750,-0.058262
0.723250,1.138693
0.723750,-0.739376
0.724250,-1.041494
0.724750,-1.055969
0.725250,-0.649954
0.725750,1.450564
0.726250,-0.581059
0.726750,1.594205
0.727250,-0.418405
0.727750,-0.940392
0.728250,0.387415
0.728750,0.168799
0.729250,-2.702105
0.729750,-4.311111
0.730250,-0.772760
0.730750,0.401671
0.731250,-1.628147
0.731750,1.637795
0.732250,-1.814354
0.732750,0.069845
0.733250,0.685207
0.733750,-1.738744
0.734250,-0.938507
0.734750,-0.900944
0.735250,-1.541535
0.735750,0.470687
0.736250,-0.087436
0.736750,-1.999636
0.737250,-0.578411
0.737750,0.383557
0.738250,-1.757296
0.738750,-0.026523
0.739250,-1.772991
0.739750,0.009319
0.740250,-3.274663
0.740750,-2.846669
0.741250,0.827448
0.741750,-1.521923
0.742250,-0.422884
0.742750,-0.804700
0.743250,-0.809181
0.743750,-0.846970
0.744250,-4.155508
0.744750,-4.053189
0.745250,-2.807483
0.745750,-1.679242
0.746250,-2.806977
0.746750,-2.357532
0.747250,-2.463355
0.747750,1.943045
0.748250,-1.667999
0.748750,-2.156126
0.749250,-1.540218
0.749750,0.733918
0.750250,0.795351
0.750750,-2.385901
0.751250,-2.358650
0.751750,-0.774344
0.752250,-2.149080
0.752750,0.177163
0.753250,-1.990915
0.753750,0.511792
0.754250,-0.627275
0.754750,-2.581886
0.755250,-2.677428
0.755750,-3.245036
0.756250,-1.632627
0.756750,-2.129080
0.757250,-0.966678
0.757750,-3.802454
0.758250,-1.262589
0.758750,-2.814212
0.759250,-3.675518
0.759750,-3.368402
0.760250,-1.732140
0.760750,-2.080268
0.761250,-3.895932
0.761750,-1.697714
0.762250,-5.466904
0.762750,-2.254402
0.763250,-2.031239
0.763750,-1.549386
0.764250,-2.020138
0.764750,-3.024954
0.765250,-4.156522
0.765750,-4.134965
0.766250,-2.551517
0.766750,-2.271169
0.767250,-6.066731
0.767750,-3.007851
0.768250,-2.795922
0.768750,-4.301674
0.769250,-5.646746
0.769750,-2.933904
0.770250,-1.868619
0.770750,-1.527258
0.771250,-2.329996
0.771750,-1.835816
0.772250,-1.537312
0.772750,-1.441547
0.773250,-3.970380
0.773750,-2.466281
0.774250,-1.778638
0.774750,-3.124018
0.775250,-3.731771
0.775750,-2.902435
0.776250,-4.579471
0.776750,-4.854774
0.777250,-2.432980
0.777750,-2.801598
0.778250,-3.417987
0.778750,-3.867311
0.779250,-3.902169
0.779750,-4.172592
0.780250,-3.741619
0.780750,-2.304285
0.781250,-3.540110
0.781750,-4.958446
0.782250,-1.806976
0.782750,-2.155509
0.783250,-1.369038
0.783750,-2.576309
0.784250,0.444003
0.784750,-3.620911
0.785250,-2.058314
0.785750,-0.838404
0.786250,-3.034654
0.786750,-3.012171
0.787250,-4.198387
0.787750,-2.274794
0.788250,-0.802000
0.788750,-1.563695
0.789250,-2.621187
0.789750,-2.377460
0.790250,-1.477979
0.790750,-1.867362
0.791250,-2.809487
0.791750,-0.939696
0.792250,-4.473524
0.792750,-1.899396
0.793250,-2.961472
0.793750,-3.364028
0.794250,-4.064509
0.794750,-4.111370
0.795250,-3.082931
0.795750,-2.205900
0.796250,-4.479808
0.796750,-5.674601
0.797250,-1.823200
0.797750,-2.527128
0.798250,-3.211017
0.798750,-0.504836
0.799250,-3.891939
0.799750,-4.401871
0.800250,-1.097551
0.800750,-4.065039
0.801250,-3.053911
0.801750,-2.283768
0.802250,-2.201372
0.802750,-0.885867
0.803250,-3.770416
0.803750,-1.965677
0.804250,-2.390235
0.804750,-2.922776
0.805250,-5.159181
0.805750,-2.201642
0.806250,-3.809653
0.806750,-2.918565
0.807250,-4.252761
0.807750,-2.244834
0.808250,-2.830132
0.808750,-0.390227
0.809250,-3.950948
0.809750,0.294150
0.810250,-3.607739
0.810750,-3.006700
0.811250,-3.134431
0.811750,-2.491262
0.812250,-1.588237
0.812750,-1.994319
0.813250,-1.996613
0.813750,-0.146099
0.814250,0.374090
0.814750,-2.729451
0.815250,0.004205
0.815750,-0.930138
0.816250,-4.754524
0.816750,1.163202
0.817250,-2.099385
0.817750,-1.109802
0.818250,-1.898414
0.818750,-1.074301
0.819250,-2.831497
0.819750,-1.234739
0.820250,-2.201867
0.820750,-0.167996
0.821250,0.400295
0.821750,-0.499000
0.822250,-0.378919
0.822750,-0.157740
0.823250,0.075227
0.823750,-1.980564
0.824250,-1.828552
0.824750,-2.299765
0.825250,-0.948878
0.825750,-4.037937
0.826250,0.259823
0.826750,2.140908
0.827250,-1.073750
0.827750,-0.179038
0.828250,0.804271
0.828750,-0.421665
0.829250,-0.143398
0.829750,-0.083592
0.830250,1.469626
0.830750,-1.722489
0.831250,-1.093410
0.831750,-1.771148
0.832250,-1.573598
0.832750,-1.637520
0.833250,-0.567982
0.833750,-1.468724
0.834250,-0.841030
0.834750,0.071653
0.835250,0.846286
0.835750,-0.138862
0.836250,-0.273313
0.836750,-2.511561
0.837250,-2.251911
0.837750,-3.087604
0.838250,-1.869537
0.838750,-1.442398
0.839250,1.138445
0.839750,-1.072972
0.840250,-1.204828
0.840750,-0.532872
0.841250,0.322587
0.841750,0.637105
0.842250,-1.681257
0.842750,-1.824022
0.843250,-0.955503
0.843750,-1.836414
0.844250,-2.198500
0.844750,-2.626544
0.845250,-1.570235
0.845750,-3.390127
0.846250,-1.917973
0.846750,-1.427345
0.847250,-2.448805
0.847750,-0.134831
0.848250,-0.776898
0.848750,-3.386671
0.849250,-2.405918
0.849750,-0.051215
0.850250,-1.458056
0.850750,-2.236381
0.851250,-1.378720
0.851750,-4.215888
0.852250,-0.048784
0.852750,1.030492
0.853250,2.939143
0.853750,-1.067027
0.854250,1.033976
0.854750,-1.491723
0.855250,-0.739403
0.855750,-0.111277
0.856250,0.185977
0.856750,1.767423
0.857250,0.509113
0.857750,-1.123928
0.858250,-2.121688
0.858750,-1.062217
0.859250,-2.714147
0.859750,0.180652
0.860250,-1.835881
0.860750,-2.425528
0.861250,-2.486440
0.861750,0.211225
0.862250,-0.144973
0.862750,-3.393337
0.863250,1.234948
0.863750,-0.410648
0.864250,-2.928763
0.864750,-0.413523
0.865250,-2.145563
0.865750,-2.705350
0.866250,-0.573926
0.866750,-2.145258
0.867250,-2.136540
0.867750,-3.762756
0.868250,-1.382632
0.868750,-5.510898
0.869250,-0.941257
0.869750,-5.005169
0.870250,-4.011455
0.870750,-1.884790
0.871250,-0.263384
0.871750,-0.292100
0.872250,-3.261243
0.872750,-1.983006
0.873250,-4.263131
0.873750,-2.414086
0.874250,-1.771716
0.874750,-6.554454
0.875250,-1.679014
0.875750,-3.733114
0.876250,0.589074
0.876750,-2.316980
0.877250,-3.062824
0.877750,-1.317165
0.878250,-0.756321
0.878750,-2.996116
0.879250,-1.856706
0.879750,-3.327374
0.880250,-2.569675
0.880750,-0.902889
0.881250,-1.127850
0.881750,-1.635470
0.882250,-1.535605
0.882750,-3.915114
0.883250,-2.845333
0.883750,0.618993
0.884250,-0.275575
0.884750,-1.938914
0.885250,-1.806075
0.885750,-2.129255
0.886250,-0.655400
0.886750,-1.200976
0.887250,-1.094076
0.887750,-3.399673
0.888250,-1.329941
0.888750,-1.442536
0.889250,-1.609787
0.889750,-3.320584
0.890250,-2.766395
0.890750,-2.714108
0.891250,-1.616212
0.891750,1.667752
0.892250,-1.681072
0.892750,-2.595498
0.893250,-5.722524
0.893750,-2.550357
0.894250,-0.043041
0.894750,1.038339
0.895250,-0.989036
0.895750,-0.772834
0.896250,0.503453
0.896750,1.841889
0.897250,-0.847510
0.897750,-0.672769
0.898250,-2.773423
0.898750,-2.193214
0.899250,0.511722
0.899750,-0.937600
0.900250,-1.851536
0.900750,0.572097
0.901250,-4.080040
0.901750,-1.838817
0.902250,0.079170
0.902750,-3.341746
0.903250,0.650703
0.903750,-0.878951
0.904250,-2.752597
0.904750,-0.636910
0.905250,-3.102824
0.905750,-1.617041
0.906250,0.628284
0.906750,0.689793
0.907250,0.448555
0.907750,-2.684492
0.908250,-1.445257
0.908750,1.211348
0.909250,-0.111701
0.909750,-1.170689
0.910250,-1.200253
0.910750,0.341526
0.911250,-3.162653
0.911750,-2.855166
0.912250,-1.002653
0.912750,-3.360518
0.913250,0.447519
0.913750,1.738416
0.914250,-0.112135
0.914750,2.333482
0.915250,-1.114033
0.915750,-0.412982
0.916250,-0.911166
0.916750,-2.022251
0.917250,-0.030039
0.917750,1.915062
0.918250,3.190350
0.918750,-1.058146
0.919250,-0.983823
0.919750,0.312534
0.920250,1.322151
0.920750,-2.471266
0.921250,-0.588908
0.921750,0.496089
0.922250,1.630656
0.922750,2.190924
0.923250,-1.093046
0.923750,-1.357272
0.924250,-1.288851
0.924750,-3.897776
0.925250,-0.616709
0.925750,0.768192
0.926250,-2.839953
0.926750,-0.599886
0.927250,-1.807343
0.927750,-2.771293
0.928250,-1.362700
0.928750,-2.747013
0.929250,0.419963
0.929750,0.994246
0.930250,0.572261
0.930750,0.671022
0.931250,2.119646
0.931750,-0.666404
0.932250,0.920501
0.932750,1.236207
0.933250,0.399483
0.933750,-1.743459
0.934250,-1.725310
0.934750,-0.141078
0.935250,-4.633081
0.935750,-1.600293
0.936250,-0.976578
0.936750,-0.897710
0.937250,0.502518
0.937750,-0.233165
0.938250,-1.537194
0.938750,-0.491544
0.939250,0.356694
0.939750,-1.725639
0.940250,1.157606
0.940750,0.816352
0.941250,0.403899
0.941750,-1.292385
0.942250,0.668886
0.942750,-1.388102
0.943250,-0.719326
0.943750,-0.586813
0.944250,-1.732147
0.944750,-2.026625
0.945250,0.684064
0.945750,-2.901842
0.946250,-2.956213
0.946750,-0.358430
0.947250,-1.909468
0.947750,-1.708339
0.948250,-0.672596
0.948750,-1.735387
0.949250,-0.470106
0.949750,-3.929524
0.950250,-1.870906
0.950750,0.211657
0.951250,-3.642764
0.951750,-2.706111
0.952250,0.390352
0.952750,-0.855867
0.953250,-0.175237
0.953750,-2.103767
0.954250,-0.024081
0.954750,-1.215674
0.955250,-0.490544
0.955750,-2.335092
0.956250,-2.760481
0.956750,-3.649731
0.957250,-2.313307
0.957750,-1.071178
0.958250,-0.429643
0.958750,-0.242577
0.959250,-1.431779
0.959750,-3.271837
0.960250,-0.667067
0.960750,-2.169795
0.961250,-2.583095
0.961750,-1.941626
0.962250,0.398023
0.962750,0.288537
0.963250,-2.499419
0.963750,-2.284510
0.964250,-2.547570
0.964750,-2.002314
0.965250,-2.646017
0.965750,-1.074414
0.966250,-3.160061
0.966750,-0.594772
0.967250,-3.210646
0.967750,-1.971072
0.968250,-2.493335
0.968750,-4.445798
0.969250,-3.459885
0.969750,-2.391037
0.970250,-1.533315
0.970750,-1.143039
0.971250,-4.911027
0.971750,-1.803369
0.972250,-2.548512
0.972750,-0.364279
0.973250,-2.613761
0.973750,-0.378495
0.974250,-3.935222
0.974750,-2.043681
0.975250,-2.205453
0.975750,-3.309383
0.976250,-1.152018
0.976750,-3.201802
0.977250,-1.762485
0.977750,0.550333
0.978250,-2.413339
0.978750,-3.053250
0.979250,-1.855239
0.979750,-0.806540
0.980250,-2.206997
0.980750,-1.588103
0.981250,-3.357318
0.981750,-1.170134
0.982250,-1.886533
0.982750,-4.800883
0.983250,-1.497583
0.983750,2.051225
0.984250,-3.084669
0.984750,0.091944
0.985250,-1.646504
0.985750,-1.923310
0.986250,-0.564137
0.986750,-2.796632
0.987250,-3.459834
0.987750,1.763341
0.988250,-2.850788
0.988750,-4.755433
0.989250,-1.709726
0.989750,-1.846895
0.990250,0.618777
0.990750,0.247494
0.991250,-2.045990
0.991750,-1.288019
0.992250,-1.510606
0.992750,-2.986501
0.993250,-1.058402
0.993750,-2.113170
0.994250,-1.556080
0.994750,-3.098321
0.995250,-3.256083
0.995750,-1.140519
0.996250,-1.283316
0.996750,0.694976
0.997250,-2.419264
0.997750,0.645503
0.998250,-0.468958
0.998750,-3.876336
0.999250,-0.187655
0.999750,-1.974774
