0.000250,0.039058
0.000750,0.223576
0.001250,0.275789
0.001750,-0.166287
0.002250,-0.098526
0.002750,-0.099303
0.003250,-0.079158
0.003750,0.015709
0.004250,0.210700
0.004750,0.216182
0.005250,0.570153
0.005750,0.182189
0.006250,0.175627
0.006750,0.003365
0.007250,0.195900
0.007750,0.099089
0.008250,0.131182
0.008750,0.258366
0.009250,0.004691
0.009750,0.068601
0.010250,0.120353
0.010750,-0.271395
0.011250,0.442722
0.011750,0.063640
0.012250,0.235127
0.012750,0.155441
0.013250,0.240357
0.013750,0.497900
0.014250,0.412924
0.014750,1.175643
0.015250,0.930709
0.015750,1.370075
0.016250,0.677593
0.016750,0.788211
0.017250,1.105521
0.017750,0.538517
0.018250,0.889098
0.018750,0.876345
0.019250,1.623197
0.019750,1.298346
0.020250,1.686049
0.020750,1.460102
0.021250,0.987011
0.021750,0.628248
0.022250,0.379991
0.022750,0.542806
0.023250,1.030240
0.023750,-0.139078
0.024250,-0.061268
0.024750,0.918013
0.025250,0.973795
0.025750,1.036633
0.026250,-0.331391
0.026750,1.679714
0.027250,0.611044
0.027750,0.985195
0.028250,1.213460
0.028750,1.390118
0.029250,1.368185
0.029750,0.953085
0.030250,0.750411
0.030750,1.669245
0.031250,1.349348
0.031750,1.139489
0.032250,1.167176
0.032750,1.274853
0.033250,0.834402
0.033750,1.147621
0.034250,1.201854
0.034750,1.654352
0.035250,0.927341
0.035750,1.687738
0.036250,0.955732
0.036750,1.123298
0.037250,0.567491
0.037750,1.183688
0.038250,1.363436
0.038750,1.570266
0.039250,2.109887
0.039750,1.020917
0.040250,1.051296
0.040750,0.697918
0.041250,0.685814
0.041750,0.073420
0.042250,1.348364
0.042750,0.300433
0.043250,0.273950
0.043750,0.706607
0.044250,0.733057
0.044750,1.217644
0.045250,0.417334
0.045750,1.300047
0.046250,0.789375
0.046750,0.590720
0.047250,1.565531
0.047750,-0.127905
0.048250,0.012736
0.048750,1.880013
0.049250,0.310248
0.049750,0.934958
0.050250,0.870839
0.050750,0.787453
0.051250,0.168413
0.051750,0.349663
0.052250,-0.094850
0.052750,1.280529
0.053250,1.313807
0.053750,0.141142
0.054250,0.245084
0.054750,1.020064
0.055250,0.857088
0.055750,1.507220
0.056250,0.602439
0.056750,2.035535
0.057250,0.987984
0.057750,1.754147
0.058250,1.669215
0.058750,0.794552
0.059250,2.162127
0.059750,1.403595
0.060250,1.535332
0.060750,2.225443
0.061250,0.730877
0.061750,0.678967
0.062250,0.277192
0.062750,2.431096
0.063250,1.108188
0.063750,2.212410
0.064250,2.648787
0.064750,3.223463
0.065250,0.975493
0.065750,0.636135
0.066250,1.714025
0.066750,2.363970
0.067250,1.409946
0.067750,1.468436
0.068250,0.502276
0.068750,1.421494
0.069250,0.506227
0.069750,0.314863
0.070250,0.487596
0.070750,1.116984
0.071250,0.808718
0.071750,0.212988
0.072250,0.932917
0.072750,0.724600
0.073250,-1.209556
0.073750,0.499542
0.074250,0.171215
0.074750,0.487901
0.075250,0.848786
0.075750,1.008604
0.076250,0.194121
0.076750,1.172391
0.077250,1.504030
0.077750,1.078631
0.078250,0.976573
0.078750,1.687092
0.079250,0.842915
0.079750,1.903003
0.080250,0.896927
0.080750,0.818301
0.081250,0.504349
0.081750,0.157302
0.082250,0.752386
0.082750,0.706993
0.083250,1.666413
0.083750,2.100390
0.084250,2.932426
0.084750,-0.022950
0.085250,0.425441
0.085750,1.965491
0.086250,0.983746
0.086750,1.759777
0.087250,1.394628
0.087750,2.063452
0.088250,1.223430
0.088750,0.501711
0.089250,0.639621
0.089750,2.555546
0.090250,-0.896241
0.090750,0.093490
0.091250,0.184899
0.091750,1.988548
0.092250,1.805671
0.092750,1.151381
0.093250,-0.284164
0.093750,0.992776
0.094250,0.218697
0.094750,0.810371
0.095250,0.743537
0.095750,1.401832
0.096250,1.795777
0.096750,-0.487820
0.097250,-0.645449
0.097750,1.632254
0.098250,1.047216
0.098750,-0.031824
0.099250,1.630306
0.099750,0.955917
0.100250,-0.260020
0.100750,-0.964948
0.101250,-0.080971
0.101750,-0.489440
0.102250,-0.002078
0.102750,-0.622658
0.103250,-0.848548
0.103750,-1.781724
0.104250,-0.502522
0.104750,-0.244042
0.105250,0.531666
0.105750,-0.291148
0.106250,0.376919
0.106750,0.340393
0.107250,-0.113963
0.107750,-0.943439
0.108250,0.289511
0.108750,0.276654
0.109250,1.410923
0.109750,-0.452565
0.110250,0.588791
0.110750,1.206535
0.111250,1.251966
0.111750,-2.088406
0.112250,0.369828
0.112750,0.000450
0.113250,-1.570371
0.113750,-0.218301
0.114250,0.202058
0.114750,0.934494
0.115250,0.179740
0.115750,0.428211
0.116250,-1.548371
0.116750,-0.656335
0.117250,1.292210
0.117750,-0.503191
0.118250,0.329624
0.118750,0.295757
0.119250,-0.597920
0.119750,0.759364
0.120250,3.010674
0.120750,0.976450
0.121250,0.954679
0.121750,0.658701
0.122250,1.490307
0.122750,0.566545
0.123250,-0.371999
0.123750,-0.259588
0.124250,2.117202
0.124750,2.177062
0.125250,0.929827
0.125750,0.830068
0.126250,-0.078428
0.126750,-0.548508
0.127250,1.299042
0.127750,-0.592832
0.128250,0.313664
0.128750,0.370567
0.129250,-0.034179
0.129750,2.288647
0.130250,0.522299
0.130750,0.889481
0.131250,-0.171793
0.131750,0.591058
0.132250,0.892942
0.132750,1.291945
0.133250,2.723983
0.133750,1.646324
0.134250,2.909851
0.134750,0.841949
0.135250,-0.182529
0.135750,-0.348969
0.136250,-1.594059
0.136750,1.251358
0.137250,-0.964417
0.137750,-0.718198
0.138250,0.576716
0.138750,-2.181771
0.139250,-0.537714
0.139750,-0.213105
0.140250,-3.150937
0.140750,-1.445269
0.141250,-0.716594
0.141750,-0.695249
0.142250,-2.222819
0.142750,0.408493
0.143250,-0.228307
0.143750,0.166873
0.144250,0.002066
0.144750,-0.086833
0.145250,-2.071828
0.145750,0.148629
0.146250,-1.306206
0.146750,0.221939
0.147250,-0.042573
0.147750,0.873766
0.148250,-1.437265
0.148750,1.728104
0.149250,0.161079
0.149750,-1.224285
0.150250,-1.647462
0.150750,0.358971
0.151250,0.958481
0.151750,-0.658418
0.152250,-0.171855
0.152750,0.769768
0.153250,-0.263111
0.153750,-3.074949
0.154250,-1.021267
0.154750,-0.163376
0.155250,-0.576194
0.155750,-1.432448
0.156250,0.331105
0.156750,0.428806
0.157250,-0.212292
0.157750,0.574606
0.158250,0.480882
0.158750,-0.134750
0.159250,-0.187466
0.159750,0.051074
0.160250,-1.823931
0.160750,-1.613783
0.161250,-0.956063
0.161750,-0.542144
0.162250,0.648151
0.162750,0.477757
0.163250,0.517716
0.163750,-0.072828
0.164250,-0.036009
0.164750,-1.147976
0.165250,-0.411653
0.165750,-0.413679
0.166250,-1.327225
0.166750,0.303183
0.167250,-1.536695
0.167750,-0.436605
0.168250,1.667029
0.168750,-1.027277
0.169250,0.619825
0.169750,0.235057
0.170250,-0.359308
0.170750,0.525913
0.171250,-0.478989
0.171750,0.197839
0.172250,0.501075
0.172750,-0.990489
0.173250,-0.310390
0.173750,-0.516054
0.174250,-1.433307
0.174750,-0.906455
0.175250,-0.285126
0.175750,-1.180676
0.176250,-0.636221
0.176750,0.427353
0.177250,0.289714
0.177750,-1.466368
0.178250,-0.040627
0.178750,-0.655059
0.179250,-1.893167
0.179750,0.282748
0.180250,0.268461
0.180750,-1.028259
0.181250,-0.085023
0.181750,0.777415
0.182250,-1.267301
0.182750,-0.451975
0.183250,-1.662330
0.183750,1.392565
0.184250,0.658919
0.184750,-0.782842
0.185250,-1.560942
0.185750,-2.383596
0.186250,-3.742344
0.186750,-0.691795
0.187250,-1.570102
0.187750,-0.624125
0.188250,-1.371961
0.188750,0.343619
0.189250,-2.186200
0.189750,-0.255687
0.190250,-2.389999
0.190750,-1.872090
0.191250,1.977760
0.191750,-2.237944
0.192250,-1.260639
0.192750,-0.454691
0.193250,0.254570
0.193750,0.252678
0.194250,-0.698358
0.194750,-0.460761
0.195250,-2.652497
0.195750,-0.539876
0.196250,0.244950
0.196750,-0.135558
0.197250,1.535758
0.197750,-1.186484
0.198250,-1.270398
0.198750,-1.453743
0.199250,0.619753
0.199750,-0.903698
0.200250,1.228258
0.200750,-3.123986
0.201250,-1.820614
0.201750,-0.382223
0.202250,-1.323650
0.202750,0.818394
0.203250,-1.266592
0.203750,-0.135834
0.204250,-1.784574
0.204750,-0.790046
0.205250,-0.354860
0.205750,-2.266559
0.206250,0.668598
0.206750,0.055419
0.207250,0.168495
0.207750,-0.203322
0.208250,-0.320370
0.208750,0.095711
0.209250,0.779727
0.209750,-0.089461
0.210250,-1.551960
0.210750,-0.600833
0.211250,0.474424
0.211750,1.754579
0.212250,0.729995
0.212750,-0.175605
0.213250,0.010359
0.213750,-0.988326
0.214250,-1.163386
0.214750,0.959972
0.215250,1.038680
0.215750,0.215825
0.216250,0.645070
0.216750,1.415030
0.217250,-1.884144
0.217750,0.704366
0.218250,-2.054921
0.218750,3.304531
0.219250,1.533643
0.219750,-0.221740
0.220250,1.706265
0.220750,-0.920711
0.221250,-1.864436
0.221750,-2.430901
0.222250,1.657165
0.222750,0.360819
0.223250,0.974412
0.223750,0.324191
0.224250,2.491155
0.224750,1.529943
0.225250,1.547321
0.225750,-0.596111
0.226250,1.276800
0.226750,0.221134
0.227250,3.097514
0.227750,0.807800
0.228250,0.495172
0.228750,0.753998
0.229250,-2.990474
0.229750,3.427734
0.230250,0.000400
0.230750,0.754245
0.231250,0.202177
0.231750,1.355806
0.232250,-0.168024
0.232750,-0.450117
0.233250,0.436827
0.233750,1.274622
0.234250,-0.789201
0.234750,-1.365309
0.235250,-0.486008
0.235750,0.829971
0.236250,-0.431236
0.236750,0.360417
0.237250,1.009303
0.237750,-0.064717
0.238250,-1.538309
0.238750,0.741836
0.239250,0.559195
0.239750,-0.113806
0.240250,-1.388074
0.240750,-0.444492
0.241250,0.119925
0.241750,-0.197234
0.242250,-0.575594
0.242750,-0.111501
0.243250,0.461865
0.243750,0.279051
0.244250,-3.466853
0.244750,-1.755325
0.245250,-0.427831
0.245750,1.003879
0.246250,-0.939856
0.246750,-1.256384
0.247250,1.655748
0.247750,-1.465686
0.248250,0.023711
0.248750,0.396524
0.249250,0.626163
0.249750,0.173118
0.250250,1.024755
0.250750,-0.880800
0.251250,1.293103
0.251750,3.155460
0.252250,-0.892398
0.252750,0.154364
0.253250,-2.848825
0.253750,1.513497
0.254250,-0.706629
0.254750,1.942899
0.255250,0.320982
0.255750,-2.877625
0.256250,-0.789140
0.256750,0.401306
0.257250,-0.641804
0.257750,-0.745810
0.258250,1.063714
0.258750,0.517589
0.259250,1.224553
0.259750,1.237488
0.260250,1.908207
0.260750,-0.683223
0.261250,1.887358
0.261750,-2.211004
0.262250,1.589477
0.262750,-0.092387
0.263250,-0.548206
0.263750,-0.881201
0.264250,1.367794
0.264750,2.210102
0.265250,0.945122
0.265750,1.676675
0.266250,-0.037900
0.266750,-0.350396
0.267250,2.335512
0.267750,1.418676
0.268250,2.015148
0.268750,1.100523
0.269250,0.141775
0.269750,0.117559
0.270250,-0.111350
0.270750,0.061101
0.271250,0.030517
0.271750,4.310631
0.272250,0.225252
0.272750,0.618189
0.273250,0.685051
0.273750,4.688453
0.274250,4.627450
0.274750,-0.285111
0.275250,-0.083050
0.275750,-0.090748
0.276250,0.550625
0.276750,2.775508
0.277250,-1.249953
0.277750,0.190033
0.278250,1.389771
0.278750,1.859148
0.279250,-0.115685
0.279750,-1.634866
0.280250,-2.759432
0.280750,1.708774
0.281250,-1.357260
0.281750,2.226108
0.282250,3.289512
0.282750,1.764675
0.283250,0.563090
0.283750,0.051388
0.284250,3.497214
0.284750,0.518932
0.285250,3.523561
0.285750,0.804201
0.286250,2.995976
0.286750,-2.086932
0.287250,0.204861
0.287750,-1.561534
0.288250,-0.240218
0.288750,-0.957586
0.289250,0.090089
0.289750,1.520732
0.290250,-0.192821
0.290750,-4.863806
0.291250,1.209042
0.291750,1.097631
0.292250,-0.886549
0.292750,-1.432295
0.293250,0.822162
0.293750,-0.357964
0.294250,-0.292162
0.294750,1.145071
0.295250,1.359635
0.295750,-2.978774
0.296250,-1.103982
0.296750,-0.713587
0.297250,-2.471211
0.297750,-1.873181
0.298250,0.299995
0.298750,0.018160
0.299250,2.306946
0.299750,-1.938240
0.300250,-0.805407
0.300750,2.336446
0.301250,-1.213735
0.301750,1.516222
0.302250,-0.168948
0.302750,-1.788353
0.303250,-0.575947
0.303750,-0.134317
0.304250,2.431136
0.304750,0.166715
0.305250,-3.205241
0.305750,-1.090470
0.306250,-2.028524
0.306750,0.074089
0.307250,-0.488098
0.307750,0.376530
0.308250,-1.328625
0.308750,-1.267292
0.309250,0.130940
0.309750,0.920196
0.310250,-2.247527
0.310750,-1.125911
0.311250,-1.874298
0.311750,0.913448
0.312250,2.286045
0.312750,-1.101779
0.313250,-0.762020
0.313750,-0.453044
0.314250,1.349091
0.314750,1.030830
0.315250,1.831113
0.315750,0.194032
0.316250,0.182133
0.316750,0.316110
0.317250,1.532786
0.317750,0.026893
0.318250,-0.427218
0.318750,-1.194530
0.319250,1.855164
0.319750,-1.780623
0.320250,0.631761
0.320750,2.127507
0.321250,-0.232808
0.321750,-0.075197
0.322250,0.488909
0.322750,-1.172870
0.323250,0.716578
0.323750,2.916652
0.324250,2.068190
0.324750,1.150159
0.325250,-0.081906
0.325750,4.303061
0.326250,3.942592
0.326750,2.203739
0.327250,2.838994
0.327750,0.894057
0.328250,1.906230
0.328750,2.636605
0.329250,2.150904
0.329750,-0.773964
0.330250,1.368909
0.330750,2.592810
0.331250,0.979020
0.331750,0.501978
0.332250,1.240226
0.332750,-1.525070
0.333250,0.216710
0.333750,1.393113
0.334250,-1.311834
0.334750,0.679108
0.335250,0.008171
0.335750,1.797729
0.336250,1.580770
0.336750,-3.022932
0.337250,1.242995
0.337750,2.700478
0.338250,0.697801
0.338750,2.102995
0.339250,2.289040
0.339750,1.148244
0.340250,1.090660
0.340750,-0.306282
0.341250,1.603511
0.341750,-0.834676
0.342250,3.859300
0.342750,-1.330579
0.343250,1.213398
0.343750,2.882503
0.344250,2.450418
0.344750,3.211474
0.345250,0.539998
0.345750,-0.912887
0.346250,0.925413
0.346750,1.183485
0.347250,0.513129
0.347750,-0.674695
0.348250,2.714983
0.348750,2.019172
0.349250,1.297017
0.349750,-1.706069
0.350250,4.710996
0.350750,1.404548
0.351250,3.261858
0.351750,-1.342899
0.352250,0.175736
0.352750,3.108569
0.353250,1.590525
0.353750,1.607591
0.354250,2.127259
0.354750,0.596302
0.355250,1.697374
0.355750,1.436082
0.356250,2.252271
0.356750,3.347281
0.357250,-1.233807
0.357750,0.927973
0.358250,0.756879
0.358750,3.054344
0.359250,3.284261
0.359750,0.163362
0.360250,-0.209892
0.360750,-0.150069
0.361250,0.028752
0.361750,2.139463
0.362250,2.402779
0.362750,1.116902
0.363250,-0.309746
0.363750,2.246697
0.364250,-2.080144
0.364750,1.095719
0.365250,3.165378
0.365750,3.176164
0.366250,2.058687
0.366750,1.135443
0.367250,-1.045492
0.367750,2.298936
0.368250,2.214149
0.368750,1.586135
0.369250,1.983284
0.369750,1.324905
0.370250,2.725211
0.370750,-0.233847
0.371250,3.440531
0.371750,1.969236
0.372250,1.133784
0.372750,-0.123132
0.373250,2.682524
0.373750,-0.476875
0.374250,1.142741
0.374750,0.579728
0.375250,0.697148
0.375750,0.944509
0.376250,2.014901
0.376750,1.219456
0.377250,-0.090408
0.377750,-1.343696
0.378250,2.556460
0.378750,0.708650
0.379250,-0.628176
0.379750,0.902543
0.380250,1.291864
0.380750,3.550065
0.381250,2.032323
0.381750,-1.497799
0.382250,2.381970
0.382750,1.011713
0.383250,-0.493868
0.383750,1.717002
0.384250,-0.462789
0.384750,5.325347
0.385250,0.056856
0.385750,6.245839
0.386250,0.928706
0.386750,2.693117
0.387250,-1.196677
0.387750,0.812348
0.388250,0.956264
0.388750,2.212870
0.389250,1.542984
0.389750,-0.035720
0.390250,2.863631
0.390750,4.036469
0.391250,0.526448
0.391750,1.340705
0.392250,3.102650
0.392750,-0.320238
0.393250,1.811825
0.393750,3.497649
0.394250,3.724565
0.394750,3.828269
0.395250,1.964017
0.395750,2.442555
0.396250,2.504255
0.396750,0.906764
0.397250,3.936460
0.397750,-0.872225
0.398250,6.657319
0.398750,-2.153845
0.399250,3.356727
0.399750,3.862915
0.400250,4.215220
0.400750,2.984538
0.401250,1.726275
0.401750,1.274687
0.402250,0.421145
0.402750,-0.315238
0.403250,1.445566
0.403750,-0.442886
0.404250,2.452126
0.404750,0.399383
0.405250,1.877162
0.405750,0.001844
0.406250,1.555182
0.406750,0.814659
0.407250,2.302795
0.407750,3.460448
0.408250,1.040182
0.408750,3.033622
0.409250,0.635829
0.409750,2.786459
0.410250,-0.802576
0.410750,-0.057546
0.411250,1.863384
0.411750,0.564069
0.412250,0.202349
0.412750,1.702281
0.413250,-0.683165
0.413750,-0.534258
0.414250,1.051862
0.414750,7.129824
0.415250,3.917981
0.415750,0.973345
0.416250,2.300468
0.416750,3.312925
0.417250,0.356665
0.417750,2.681508
0.418250,2.908050
0.418750,-0.432289
0.419250,0.087779
0.419750,1.471402
0.420250,1.101282
0.420750,3.071766
0.421250,1.743742
0.421750,0.255254
0.422250,4.307748
0.422750,-0.885178
0.423250,0.509121
0.423750,0.805020
0.424250,0.526773
0.424750,4.184639
0.425250,0.038997
0.425750,2.131233
0.426250,0.484244
0.426750,-0.053412
0.427250,-0.397992
0.427750,-2.061721
0.428250,-1.110317
0.428750,-0.906556
0.429250,-0.418842
0.429750,-0.410447
0.430250,-1.375286
0.430750,1.939861
0.431250,-0.276261
0.431750,-1.523361
0.432250,-0.425198
0.432750,1.585427
0.433250,2.595410
0.433750,1.317587
0.434250,1.459070
0.434750,1.850674
0.435250,2.356639
0.435750,0.306304
0.436250,0.440275
0.436750,4.021124
0.437250,2.157293
0.437750,-0.207588
0.438250,1.369682
0.438750,3.213351
0.439250,1.336361
0.439750,1.287111
0.440250,0.680008
0.440750,-1.614452
0.441250,3.640663
0.441750,-2.579783
0.442250,1.286940
0.442750,-0.272754
0.443250,-0.031957
0.443750,1.432199
0.444250,4.240849
0.444750,0.499826
0.445250,4.613744
0.445750,-0.705910
0.446250,2.248163
0.446750,-0.916304
0.447250,4.073866
0.447750,0.881019
0.448250,1.315259
0.448750,4.760599
0.449250,1.540921
0.449750,1.315864
0.450250,3.690191
0.450750,5.510188
0.451250,0.627340
0.451750,1.648194
0.452250,3.997052
0.452750,4.304986
0.453250,0.578343
0.453750,-1.276396
0.454250,0.832045
0.454750,2.543698
0.455250,4.102589
0.455750,2.391626
0.456250,1.015054
0.456750,1.329442
0.457250,-0.348630
0.457750,3.268888
0.458250,-1.188106
0.458750,2.104112
0.459250,-2.273045
0.459750,4.995832
0.460250,2.920375
0.460750,0.037647
0.461250,3.996715
0.461750,1.784900
0.462250,-1.949189
0.462750,0.666101
0.463250,1.632323
0.463750,5.765635
0.464250,0.925736
0.464750,0.234740
0.465250,4.820927
0.465750,5.212906
0.466250,4.725725
0.466750,1.985704
0.467250,2.158561
0.467750,0.798248
0.468250,6.888209
0.468750,2.836889
0.469250,1.260006
0.469750,3.855945
0.470250,2.540658
0.470750,1.715031
0.471250,1.839836
0.471750,2.346952
0.472250,-0.663193
0.472750,3.797573
0.473250,2.743152
0.473750,2.925076
0.474250,5.898783
0.474750,0.218801
0.475250,3.943397
0.475750,3.104872
0.476250,-0.395899
0.476750,3.313667
0.477250,7.405950
0.477750,-0.212918
0.478250,4.450809
0.478750,2.336438
0.479250,2.055199
0.479750,3.443720
0.480250,0.865430
0.480750,4.232344
0.481250,2.234479
0.481750,1.851268
0.482250,4.734518
0.482750,1.553727
0.483250,-0.289959
0.483750,2.704939
0.484250,1.879782
0.484750,3.655571
0.485250,2.807488
0.485750,1.107093
0.486250,3.627386
0.486750,3.604227
0.487250,-0.577736
0.487750,0.380699
0.488250,-1.743155
0.488750,1.325946
0.489250,-0.955804
0.489750,1.916702
0.490250,2.241084
0.490750,2.180537
0.491250,-0.355909
0.491750,2.059353
0.492250,3.356702
0.492750,1.373199
0.493250,0.415725
0.493750,2.248179
0.494250,3.884192
0.494750,5.506764
0.495250,1.256665
0.495750,0.585684
0.496250,6.035614
0.496750,3.279687
0.497250,-0.031077
0.497750,0.835729
0.498250,6.689100
0.498750,-0.354748
0.499250,1.373086
0.499750,-0.923989
0.500250,-0.848783
0.500750,-0.181544
0.501250,1.831163
0.501750,0.644517
0.502250,3.020748
0.502750,0.625241
0.503250,3.202449
0.503750,0.187674
0.504250,2.847642
0.504750,0.486359
0.505250,-0.484798
0.505750,3.710262
0.506250,1.007063
0.506750,1.147932
0.507250,2.664245
0.507750,-0.764087
0.508250,1.989870
0.508750,1.502226
0.509250,2.645779
0.509750,1.733218
0.510250,-0.307318
0.510750,1.840186
0.511250,0.777880
0.511750,0.186028
0.512250,1.121307
0.512750,1.327887
0.513250,-1.471247
0.513750,1.660620
0.514250,-0.071267
0.514750,3.459092
0.515250,2.469483
0.515750,0.824062
0.516250,4.592076
0.516750,-0.457611
0.517250,-2.398502
0.517750,2.383665
0.518250,3.162697
0.518750,1.428246
0.519250,-0.744396
0.519750,1.999116
0.520250,3.921835
0.520750,1.426269
0.521250,2.851420
0.521750,2.804647
0.522250,2.287811
0.522750,0.227862
0.523250,4.392844
0.523750,3.262622
0.524250,-1.419260
0.524750,0.984126
0.525250,0.067947
0.525750,3.513465
0.526250,1.057059
0.526750,0.445213
0.527250,1.923220
0.527750,2.527763
0.528250,2.757379
0.528750,3.068183
0.529250,2.112835
0.529750,2.700514
0.530250,2.584581
0.530750,0.231886
0.531250,-0.982534
0.531750,0.956270
0.532250,-3.662959
0.532750,0.684079
0.533250,2.282229
0.533750,-1.762068
0.534250,1.774247
0.534750,1.037583
0.535250,1.877889
0.535750,5.836430
0.536250,1.420157
0.536750,0.276399
0.537250,1.957466
0.537750,3.035060
0.538250,4.647561
0.538750,0.610125
0.539250,2.858296
0.539750,-0.500970
0.540250,4.121733
0.540750,0.614508
0.541250,1.835020
0.541750,4.280657
0.542250,0.525560
0.542750,-0.402071
0.543250,0.042469
0.543750,1.466641
0.544250,1.370614
0.544750,0.295531
0.545250,-2.512176
0.545750,-0.076416
0.546250,1.180725
0.546750,2.384597
0.547250,-3.048646
0.547750,2.687433
0.548250,2.982874
0.548750,3.988989
0.549250,1.877864
0.549750,3.594063
0.550250,-2.889512
0.550750,-2.544864
0.551250,0.085466
0.551750,0.983396
0.552250,3.883538
0.552750,0.932380
0.553250,-0.022844
0.553750,-1.540785
0.554250,-0.079998
0.554750,3.490181
0.555250,0.928684
0.555750,2.530108
0.556250,0.538450
0.556750,-0.494272
0.557250,0.218878
0.557750,3.131230
0.558250,0.942835
0.558750,-1.365667
0.559250,5.244792
0.559750,0.443505
0.560250,3.140973
0.560750,1.486936
0.561250,0.378694
0.561750,2.910643
0.562250,-2.124061
0.562750,0.907346
0.563250,1.333560
0.563750,3.890753
0.564250,-0.514235
0.564750,1.485053
0.565250,-0.084705
0.565750,0.007821
0.566250,3.103970
0.566750,3.948296
0.567250,4.336775
0.567750,2.689641
0.568250,-3.924714
0.568750,2.195827
0.569250,1.158251
0.569750,0.169109
0.570250,3.675338
0.570750,-2.258130
0.571250,0.318000
0.571750,4.063565
0.572250,2.252197
0.572750,0.464016
0.573250,-4.152397
0.573750,-3.994800
0.574250,1.594524
0.574750,0.764887
0.575250,-1.986708
0.575750,0.866012
0.576250,-0.583690
0.576750,1.989527
0.577250,2.790876
0.577750,0.460618
0.578250,0.363781
0.578750,-0.919724
0.579250,-1.335210
0.579750,-0.010883
0.580250,-1.238848
0.580750,0.644890
0.581250,-0.445363
0.581750,3.806836
0.582250,-0.846541
0.582750,-3.827382
0.583250,-0.868540
0.583750,0.612066
0.584250,0.084648
0.584750,-2.046115
0.585250,-0.126091
0.585750,-3.526736
0.586250,-0.598772
0.586750,-0.060005
0.587250,0.697640
0.587750,-1.965970
0.588250,-1.375084
0.588750,-4.286687
0.589250,-1.369796
0.589750,1.760678
0.590250,-1.504094
0.590750,0.365780
0.591250,-3.000959
0.591750,-1.935160
0.592250,3.369112
0.592750,-0.709152
0.593250,-1.391126
0.593750,-4.148771
0.594250,-2.723145
0.594750,5.288706
0.595250,-2.139120
0.595750,1.988837
0.596250,1.571240
0.596750,-0.961570
0.597250,-1.312966
0.597750,-1.590793
0.598250,-0.500921
0.598750,0.965939
0.599250,3.285818
0.599750,0.103068
0.600250,0.120722
0.600750,2.252253
0.601250,0.916705
0.601750,1.028099
0.602250,-1.767501
0.602750,-0.231518
0.603250,-3.375857
0.603750,3.028907
0.604250,-1.703561
0.604750,1.780764
0.605250,0.102998
0.605750,3.776438
0.606250,-0.184581
0.606750,0.836045
0.607250,-0.908111
0.607750,-3.969777
0.608250,-2.883318
0.608750,0.324662
0.609250,-3.108697
0.609750,1.852219
0.610250,-2.329234
0.610750,-0.405323
0.611250,-3.870715
0.611750,2.811472
0.612250,-3.316897
0.612750,1.288286
0.613250,-4.095550
0.613750,0.400740
0.614250,-2.005829
0.614750,-0.153584
0.615250,-1.229618
0.615750,-4.100430
0.616250,-0.550834
0.616750,0.177911
0.617250,-1.004352
0.617750,0.267843
0.618250,-3.472091
0.618750,2.425429
0.619250,-1.290646
0.619750,1.701024
0.620250,-3.951686
0.620750,-2.162364
0.621250,-2.190919
0.621750,0.779960
0.622250,4.718274
0.622750,-1.230827
0.623250,1.550458
0.623750,-1.318047
0.624250,1.009550
0.624750,-1.136739
0.625250,3.271734
0.625750,0.985552
0.626250,2.190175
0.626750,-0.342756
0.627250,3.204092
0.627750,0.686303
0.628250,0.713296
0.628750,1.428348
0.629250,5.305204
0.629750,5.072758
0.630250,1.987920
0.630750,-0.246277
0.631250,-2.999961
0.631750,-4.643775
0.632250,-0.536801
0.632750,1.148888
0.633250,3.365684
0.633750,1.134977
0.634250,-1.259756
0.634750,0.852702
0.635250,2.531664
0.635750,-0.335670
0.636250,-0.172788
0.636750,3.272608
0.637250,4.531939
0.637750,-1.525854
0.638250,-1.114279
0.638750,-0.302265
0.639250,4.194267
0.639750,2.685531
0.640250,0.332084
0.640750,2.390414
0.641250,-0.601079
0.641750,3.130401
0.642250,4.142679
0.642750,2.182122
0.643250,1.953212
0.643750,4.224472
0.644250,-2.596656
0.644750,-4.513216
0.645250,-2.736482
0.645750,1.045403
0.646250,2.940490
0.646750,-0.123006
0.647250,2.093743
0.647750,-1.299457
0.648250,0.444768
0.648750,-2.691165
0.649250,-1.766474
0.649750,2.901201
0.650250,-1.752773
0.650750,3.285345
0.651250,-3.894433
0.651750,0.078919
0.652250,4.030426
0.652750,-2.183824
0.653250,3.866162
0.653750,0.456890
0.654250,-1.856125
0.654750,0.214551
0.655250,-3.458963
0.655750,7.841363
0.656250,-0.154918
0.656750,0.777436
0.657250,-1.261137
0.657750,0.584095
0.658250,0.420693
0.658750,-0.361745
0.659250,0.720881
0.659750,2.429911
0.660250,-1.746293
0.660750,-0.090098
0.661250,0.961595
0.661750,-2.001605
0.662250,-2.891390
0.662750,-1.887070
0.663250,-1.097707
0.663750,0.288039
0.664250,1.241640
0.664750,-4.108731
0.665250,-1.560233
0.665750,-4.150466
0.666250,-0.416339
0.666750,1.064431
0.667250,5.866216
0.667750,0.836119
0.668250,-2.446885
0.668750,-4.388453
0.669250,1.475033
0.669750,2.679531
0.670250,-3.244826
0.670750,1.104728
0.671250,4.439154
0.671750,-1.480837
0.672250,-0.342133
0.672750,-4.342021
0.673250,-3.225034
0.673750,-1.447253
0.674250,-1.777036
0.674750,-2.391417
0.675250,-5.404934
0.675750,-0.463342
0.676250,-0.535655
0.676750,2.890303
0.677250,1.551728
0.677750,-2.920611
0.678250,-1.206264
0.678750,0.315425
0.679250,1.657246
0.679750,-8.468893
0.680250,-0.030348
0.680750,-1.199388
0.681250,3.250213
0.681750,-3.029035
0.682250,-0.049664
0.682750,-2.999206
0.683250,-2.141821
0.683750,-1.709782
0.684250,-0.164621
0.684750,-1.340533
0.685250,-2.046231
0.685750,1.216140
0.686250,-0.379941
0.686750,2.270521
0.687250,2.217248
0.687750,-3.330614
0.688250,-3.428899
0.688750,-0.304368
0.689250,-1.264906
0.689750,-2.854351
0.690250,-0.221807
0.690750,-2.934009
0.691250,-2.992229
0.691750,0.999420
0.692250,-1.690495
0.692750,-0.363855
0.693250,-0.684616
0.693750,-1.529487
0.694250,0.036869
0.694750,1.263891
0.695250,-3.002470
0.695750,-3.459685
0.696250,-1.778336
0.696750,3.340154
0.697250,-3.035728
0.697750,-3.213415
0.698250,-0.885260
0.698750,-4.182384
0.699250,-4.251639
0.699750,1.461430
0.700250,2.363140
0.700750,0.314995
0.701250,-2.271712
0.701750,-0.183502
0.702250,-2.363828
0.702750,-3.913405
0.703250,-0.668744
0.703750,-1.856967
0.704250,-1.016352
0.704750,-1.681373
0.705250,-3.880201
0.705750,-1.192058
0.706250,-2.412606
0.706750,-1.797319
0.707250,-3.375675
0.707750,1.144076
0.708250,0.046691
0.708750,-1.874596
0.709250,-3.394426
0.709750,-2.267144
0.710250,-0.353446
0.710750,2.898455
0.711250,-4.017848
0.711750,-2.339202
0.712250,-1.588044
0.712750,0.283737
0.713250,-2.091616
0.713750,-3.956374
0.714250,-2.001471
0.714750,-2.044683
0.715250,0.137784
0.715750,0.060425
0.716250,-2.376875
0.716750,1.440029
0.717250,-1.830372
0.717750,-0.368764
0.718250,-4.042744
0.718750,-5.161611
0.719250,1.370690
0.719750,3.549285
0.720250,1.454398
0.720750,-0.823882
0.721250,-3.301269
0.721750,-3.728297
0.722250,1.863478
0.722750,0.188154
0.723250,-3.403149
0.723750,2.426514
0.724250,2.529655
0.724750,-1.687269
0.725250,-1.210266
0.725750,4.556193
0.726250,0.239122
0.726750,1.829531
0.727250,4.502531
0.727750,-0.569063
0.728250,-3.028546
0.728750,-0.234491
0.729250,-3.550594
0.729750,-1.633930
0.730250,-2.576004
0.730750,0.564317
0.731250,-0.186963
0.731750,0.434144
0.732250,-5.057055
0.732750,-3.077028
0.733250,-3.333599
0.733750,1.064015
0.734250,1.292231
0.734750,-4.101491
0.735250,-1.626567
0.735750,-0.643350
0.736250,-4.063763
0.736750,-1.025426
0.737250,-3.042940
0.737750,-4.033707
0.738250,0.452972
0.738750,-0.403758
0.739250,-0.022607
0.739750,-2.104631
0.740250,-2.644573
0.740750,-0.600344
0.741250,-1.181184
0.741750,-1.194107
0.742250,-1.310724
0.742750,5.478568
0.743250,1.896773
0.743750,-3.282776
0.744250,-1.340561
0.744750,0.171937
0.745250,-2.855518
0.745750,0.331177
0.746250,-3.670689
0.746750,-4.473334
0.747250,-0.196473
0.747750,-3.089511
0.748250,-4.080037
0.748750,-1.576679
0.749250,-2.456526
0.749750,-3.355004
0.750250,-1.534006
0.750750,-1.597785
0.751250,-2.795283
0.751750,-5.718576
0.752250,-3.450351
0.752750,-3.430593
0.753250,0.054657
0.753750,0.327567
0.754250,-2.930090
0.754750,-3.733939
0.755250,-8.714682
0.755750,-1.477849
0.756250,2.177200
0.756750,-3.085055
0.757250,-5.389463
0.757750,-1.948342
0.758250,-3.102948
0.758750,-4.164998
0.759250,-3.011493
0.759750,-3.513235
0.760250,-2.426027
0.760750,-1.896591
0.761250,0.487244
0.761750,-0.699365
0.762250,-5.798114
0.762750,-2.505814
0.763250,-1.449655
0.763750,-3.288028
0.764250,-4.326933
0.764750,-2.875009
0.765250,-2.377664
0.765750,-7.636114
0.766250,-0.157288
0.766750,-3.491476
0.767250,-1.297280
0.767750,-5.080002
0.768250,-2.106507
0.768750,-0.566267
0.769250,0.373773
0.769750,-1.879109
0.770250,1.339322
0.770750,-2.508067
0.771250,-0.682017
0.771750,-7.259164
0.772250,-1.253198
0.772750,-3.976439
0.773250,-3.646106
0.773750,-4.297295
0.774250,-4.294118
0.774750,-3.877192
0.775250,-5.136932
0.775750,1.262112
0.776250,1.623850
0.776750,0.140774
0.777250,0.171376
0.777750,-4.483265
0.778250,-6.096543
0.778750,-6.226335
0.779250,-4.841866
0.779750,-3.420974
0.780250,-1.064398
0.780750,-6.801320
0.781250,-3.880321
0.781750,-2.257015
0.782250,-7.939857
0.782750,1.576057
0.783250,-0.526326
0.783750,1.715486
0.784250,0.571693
0.784750,-4.347826
0.785250,2.384912
0.785750,-3.676198
0.786250,2.410798
0.786750,-2.411125
0.787250,-3.771711
0.787750,-4.141618
0.788250,-3.262664
0.788750,-5.890352
0.789250,-3.794125
0.789750,-0.644481
0.790250,-3.585579
0.790750,-4.423637
0.791250,-0.186424
0.791750,-1.543742
0.792250,-4.778975
0.792750,-0.845647
0.793250,-3.245733
0.793750,-1.345101
0.794250,-6.562536
0.794750,-2.966806
0.795250,-6.712672
0.795750,-4.698441
0.796250,1.335027
0.796750,-3.748218
0.797250,-0.986736
0.797750,1.107592
0.798250,0.418129
0.798750,-3.859985
0.799250,-1.926569
0.799750,-2.374439
0.800250,-6.916993
0.800750,-3.688578
0.801250,-2.558678
0.801750,-0.368752
0.802250,-3.080642
0.802750,-3.799492
0.803250,-10.092743
0.803750,-6.547598
0.804250,-2.542842
0.804750,-7.130578
0.805250,-4.486659
0.805750,-2.869700
0.806250,-4.990690
0.806750,-1.912432
0.807250,-3.142678
0.807750,-2.833582
0.808250,-6.553450
0.808750,0.088329
0.809250,-2.093466
0.809750,-3.469665
0.810250,3.903193
0.810750,-6.820518
0.811250,-2.598317
0.811750,-2.155060
0.812250,0.266021
0.812750,-0.710062
0.813250,-0.952055
0.813750,-3.890498
0.814250,-4.190494
0.814750,-0.149644
0.815250,2.764013
0.815750,0.695088
0.816250,-2.865638
0.816750,3.630722
0.817250,-1.336814
0.817750,-1.428892
0.818250,-3.011460
0.818750,-1.892866
0.819250,-0.366877
0.819750,-3.990316
0.820250,-3.497451
0.820750,1.550066
0.821250,-6.938992
0.821750,-3.475170
0.822250,1.149333
0.822750,-3.458212
0.823250,1.455233
0.823750,-1.354998
0.824250,-2.709242
0.824750,-1.333730
0.825250,1.733265
0.825750,-3.004952
0.826250,-3.170921
0.826750,3.056762
0.827250,-1.254604
0.827750,-0.335721
0.828250,0.046098
0.828750,-1.152388
0.829250,-1.070384
0.829750,0.841015
0.830250,-1.518892
0.830750,-0.045486
0.831250,-0.463166
0.831750,-6.058920
0.832250,0.880256
0.832750,-2.014372
0.833250,0.031269
0.833750,2.492976
0.834250,1.649592
0.834750,0.913387
0.835250,-5.488278
0.835750,-8.031048
0.836250,5.723794
0.836750,-4.342208
0.837250,-2.473642
0.837750,-1.727638
0.838250,-5.380616
0.838750,-0.425730
0.839250,0.885024
0.839750,-0.408210
0.840250,-4.485497
0.840750,0.406572
0.841250,-1.409496
0.841750,-0.015858
0.842250,-1.265687
0.842750,-2.070961
0.843250,-1.284563
0.843750,-3.446535
0.844250,-5.097932
0.844750,-3.894254
0.845250,-2.639679
0.845750,-3.932164
0.846250,1.821194
0.846750,2.671806
0.847250,-0.265118
0.847750,-0.757287
0.848250,-1.429601
0.848750,1.024650
0.849250,-4.595105
0.849750,-0.884834
0.850250,-2.039951
0.850750,3.579218
0.851250,-0.689702
0.851750,-6.258144
0.852250,-1.197849
0.852750,1.288956
0.853250,1.268987
0.853750,-1.630561
0.854250,-1.982034
0.854750,2.408756
0.855250,-6.963099
0.855750,-1.081746
0.856250,0.703710
0.856750,0.816445
0.857250,-1.891221
0.857750,2.955885
0.858250,5.331111
0.858750,-3.471091
0.859250,-4.670880
0.859750,-4.110126
0.860250,-1.043627
0.860750,-3.761688
0.861250,0.520498
0.861750,-0.040545
0.862250,-2.756943
0.862750,1.241778
0.863250,-0.180589
0.863750,2.257753
0.864250,-2.470871
0.864750,0.187947
0.865250,-1.061235
0.865750,-0.070682
0.866250,2.333772
0.866750,0.294739
0.867250,-2.232974
0.867750,-2.139505
0.868250,-0.121230
0.868750,-2.788032
0.869250,-6.166906
0.869750,-2.720558
0.870250,-1.000913
0.870750,-3.385053
0.871250,1.405131
0.871750,0.487124
0.872250,-1.123749
0.872750,1.984615
0.873250,3.324148
0.873750,-4.765310
0.874250,-4.152291
0.874750,-7.785069
0.875250,-1.007114
0.875750,-5.178025
0.876250,2.131175
0.876750,-0.578167
0.877250,-4.217031
0.877750,2.128625
0.878250,-1.206452
0.878750,-5.144330
0.879250,-1.624600
0.879750,0.764314
0.880250,1.605932
0.880750,1.747245
0.881250,-6.096883
0.881750,-7.563956
0.882250,-1.071175
0.882750,-5.027496
0.883250,-2.150309
0.883750,-2.563745
0.884250,-3.355782
0.884750,-0.036086
0.885250,-3.931986
0.885750,-2.017341
0.886250,-0.813996
0.886750,-0.759920
0.887250,-1.815864
0.887750,-0.812114
0.888250,1.157045
0.888750,-0.501728
0.889250,-2.738068
0.889750,-6.125077
0.890250,0.602703
0.890750,-5.364910
0.891250,-1.309819
0.891750,-2.382760
0.892250,-4.058316
0.892750,-1.373790
0.893250,-8.802115
0.893750,-3.005623
0.894250,-1.301153
0.894750,0.281194
0.895250,1.521539
0.895750,-1.571916
0.896250,1.146807
0.896750,3.515018
0.897250,-0.863059
0.897750,-6.988067
0.898250,-5.573490
0.898750,0.175231
0.899250,-1.488767
0.899750,1.309062
0.900250,-6.358977
0.900750,-1.157349
0.901250,-4.736732
0.901750,-4.115961
0.902250,-1.668471
0.902750,1.304784
0.903250,-0.846675
0.903750,4.579314
0.904250,-3.652573
0.904750,-4.202618
0.905250,-2.367411
0.905750,-4.237134
0.906250,2.035414
0.906750,3.782325
0.907250,-4.380612
0.907750,-5.321120
0.908250,-3.503367
0.908750,2.105849
0.909250,-0.253675
0.909750,2.551279
0.910250,-2.970471
0.910750,-1.661908
0.911250,-0.011208
0.911750,-2.747839
0.912250,1.532210
0.912750,-4.168877
0.913250,1.467903
0.913750,-0.102013
0.914250,-2.843318
0.914750,-5.224926
0.915250,-2.992029
0.915750,4.063868
0.916250,2.129397
0.916750,0.019893
0.917250,-1.866133
0.917750,1.944242
0.918250,3.435739
0.918750,1.834521
0.919250,2.013743
0.919750,-2.841187
0.920250,-0.545754
0.920750,1.268567
0.921250,1.732473
0.921750,-2.948442
0.922250,0.764412
0.922750,-0.070343
0.923250,4.555726
0.923750,2.026589
0.924250,-4.173084
0.924750,-1.830323
0.925250,-1.384346
0.925750,3.919007
0.926250,-2.611771
0.926750,3.738395
0.927250,0.994670
0.927750,0.569774
0.928250,5.528327
0.928750,2.995533
0.929250,0.438396
0.929750,1.581926
0.930250,-0.028451
0.930750,1.233758
0.931250,0.460372
0.931750,-3.889206
0.932250,-0.375143
0.932750,-1.737130
0.933250,1.457008
0.933750,-3.029264
0.934250,-0.797852
0.934750,-0.032164
0.935250,-5.353994
0.935750,-3.541410
0.936250,0.193258
0.936750,0.204956
0.937250,-0.634450
0.937750,3.470179
0.938250,2.778298
0.938750,2.044187
0.939250,-1.322358
0.939750,-4.902636
0.940250,-5.394706
0.940750,-3.468033
0.941250,3.557267
0.941750,-1.347326
0.942250,1.536009
0.942750,-3.146322
0.943250,1.236544
0.943750,-0.740474
0.944250,0.166946
0.944750,-3.826963
0.945250,1.456695
0.945750,1.270447
0.946250,1.279692
0.946750,-3.277469
0.947250,-0.077548
0.947750,-0.520499
0.948250,-2.907260
0.948750,2.324189
0.949250,-1.675572
0.949750,0.638601
0.950250,3.344083
0.950750,-2.694151
0.951250,-1.831088
0.951750,-2.458781
0.952250,1.845102
0.952750,-1.148431
0.953250,-1.834728
0.953750,-1.996434
0.954250,-3.823918
0.954750,-0.275015
0.955250,3.030396
0.955750,3.901692
0.956250,-4.683673
0.956750,-3.749569
0.957250,1.832174
0.957750,0.017314
0.958250,-0.959608
0.958750,3.129139
0.959250,0.865200
0.959750,-1.800300
0.960250,-3.970027
0.960750,0.814744
0.961250,-1.853307
0.961750,2.496443
0.962250,-1.736075
0.962750,0.770586
0.963250,-5.052367
0.963750,-0.946174
0.964250,-1.626589
0.964750,-1.333474
0.965250,1.390366
0.965750,-6.699196
0.966250,-2.750325
0.966750,-0.279773
0.967250,-6.302974
0.967750,-0.549410
0.968250,-0.251555
0.968750,-6.486034
0.969250,-0.492709
0.969750,-1.769608
0.970250,-3.159145
0.970750,-3.781103
0.971250,-1.226250
0.971750,-3.320575
0.972250,-9.403948
0.972750,-4.568037
0.973250,-3.561022
0.973750,-1.813021
0.974250,-9.084159
0.974750,-6.316340
0.975250,-3.547892
0.975750,-5.186979
0.976250,-2.709140
0.976750,-3.127357
0.977250,-2.843126
0.977750,2.563167
0.978250,-1.034071
0.978750,-8.103238
0.979250,-6.510667
0.979750,-4.401106
0.980250,-2.962476
0.980750,-4.528976
0.981250,-5.085867
0.981750,-4.865920
0.982250,1.284099
0.982750,-4.954591
0.983250,-3.869403
0.983750,1.225722
0.984250,2.176839
0.984750,-1.203998
0.985250,-1.239942
0.985750,-0.497487
0.986250,0.227031
0.986750,-1.658844
0.987250,-3.204562
0.987750,-2.466841
0.988250,0.554341
0.988750,-3.564428
0.989250,-3.239627
0.989750,-0.200747
0.990250,0.444128
0.990750,3.469634
0.991250,2.666058
0.991750,-5.584139
0.992250,0.740065
0.992750,3.415120
0.993250,0.868305
0.993750,3.499784
0.994250,-3.132230
0.994750,-1.047470
0.995250,0.165534
0.995750,-0.289763
0.996250,-2.036546
0.996750,-2.371817
0.997250,-5.217698
0.997750,2.695208
0.998250,-0.179417
0.998750,-1.240576
0.999250,-2.401211
0.999750,-3.934766
