0.000250,0.090681
0.000750,0.212909
0.001250,0.122296
0.001750,-0.078194
0.002250,-0.135526
0.002750,0.058314
0.003250,0.089620
0.003750,0.158960
0.004250,0.290475
0.004750,0.380860
0.005250,0.562729
0.005750,0.457798
0.006250,0.202488
0.006750,0.029590
0.007250,0.140513
0.007750,0.142807
0.008250,0.136952
0.008750,0.344470
0.009250,-0.130156
0.009750,-0.015115
0.010250,0.236302
0.010750,-0.096756
0.011250,0.240499
0.011750,0.448757
0.012250,0.264860
0.012750,0.435359
0.013250,0.568971
0.013750,0.018235
0.014250,0.651951
0.014750,1.029217
0.015250,0.750506
0.015750,1.215934
0.016250,0.841771
0.016750,1.120587
0.017250,1.071172
0.017750,0.885219
0.018250,0.590674
0.018750,1.306382
0.019250,1.168413
0.019750,1.246586
0.020250,1.079414
0.020750,1.242887
0.021250,0.879414
0.021750,1.114909
0.022250,0.410015
0.022750,0.838898
0.023250,0.943847
0.023750,0.350785
0.024250,0.676271
0.024750,0.386431
0.025250,0.825469
0.025750,1.283964
0.026250,0.652839
0.026750,1.535316
0.027250,1.317647
0.027750,0.704602
0.028250,1.320872
0.028750,1.127221
0.029250,1.540506
0.029750,1.284773
0.030250,1.289721
0.030750,1.324424
0.031250,1.615400
0.031750,1.394464
0.032250,1.106265
0.032750,1.706677
0.033250,0.457669
0.033750,1.346251
0.034250,1.386853
0.034750,1.359877
0.035250,1.126511
0.035750,1.174045
0.036250,1.444304
0.036750,1.344029
0.037250,1.107111
0.037750,1.015056
0.038250,0.786369
0.038750,1.658674
0.039250,1.065828
0.039750,1.141338
0.040250,0.693452
0.040750,0.596914
0.041250,0.357595
0.041750,0.421220
0.042250,1.360899
0.042750,0.779972
0.043250,0.070073
0.043750,0.567986
0.044250,0.938937
0.044750,0.757656
0.045250,0.076030
0.045750,0.760363
0.046250,0.563683
0.046750,-0.211358
0.047250,1.089288
0.047750,1.102371
0.048250,0.370228
0.048750,1.341651
0.049250,1.181698
0.049750,0.545360
0.050250,0.536561
0.050750,1.270019
0.051250,-0.439594
0.051750,0.410184
0.052250,0.266814
0.052750,0.839709
0.053250,0.391606
0.053750,0.674388
0.054250,0.782253
0.054750,1.233313
0.055250,1.194782
0.055750,1.894388
0.056250,0.605736
0.056750,1.867995
0.057250,2.331710
0.057750,1.090663
0.058250,1.277451
0.058750,1.355575
0.059250,1.638831
0.059750,1.584344
0.060250,0.876434
0.060750,1.642412
0.061250,1.070378
0.061750,1.195854
0.062250,0.950462
0.062750,1.809941
0.063250,1.265503
0.063750,1.314121
0.064250,1.541627
0.064750,2.556915
0.065250,1.335622
0.065750,0.973464
0.066250,1.472060
0.066750,1.498255
0.067250,1.972405
0.067750,1.623934
0.068250,0.670941
0.068750,1.660863
0.069250,1.180399
0.069750,0.728984
0.070250,0.006685
0.070750,1.286657
0.071250,0.908053
0.071750,1.077717
0.072250,0.089691
0.072750,1.292145
0.073250,-0.283544
0.073750,0.104045
0.074250,1.209447
0.074750,0.619063
0.075250,0.261186
0.075750,1.159533
0.076250,1.287821
0.076750,0.534349
0.077250,0.325649
0.077750,2.136896
0.078250,0.471687
0.078750,0.665484
0.079250,0.907417
0.079750,0.271655
0.080250,0.001035
0.080750,1.398421
0.081250,0.887924
0.081750,1.865169
0.082250,0.617886
0.082750,0.704564
0.083250,0.762983
0.083750,2.008778
0.084250,1.477071
0.084750,0.888169
0.085250,1.068931
0.085750,1.562868
0.086250,0.881537
0.086750,2.383144
0.087250,-0.254893
0.087750,1.539389
0.088250,1.132991
0.088750,0.828648
0.089250,0.436873
0.089750,1.223331
0.090250,0.821773
0.090750,1.000212
0.091250,0.931797
0.091750,0.699228
0.092250,1.641299
0.092750,1.586505
0.093250,0.554752
0.093750,1.275414
0.094250,1.116537
0.094750,0.718423
0.095250,1.222617
0.095750,1.806715
0.096250,1.604695
0.096750,-0.294988
0.097250,0.756758
0.097750,0.838715
0.098250,0.625803
0.098750,1.368089
0.099250,1.155192
0.099750,-0.118944
0.100250,0.373987
0.100750,-0.917775
0.101250,0.986153
0.101750,-1.103368
0.102250,0.887778
0.102750,-0.982625
0.103250,-0.986093
0.103750,-1.004360
0.104250,-0.961099
0.104750,1.402296
0.105250,0.340668
0.105750,-0.664009
0.106250,1.066892
0.106750,-0.605763
0.107250,-0.454686
0.107750,0.856833
0.108250,0.464642
0.108750,0.271022
0.109250,1.453619
0.109750,1.250977
0.110250,0.296429
0.110750,0.388761
0.111250,0.095420
0.111750,0.345375
0.112250,0.710019
0.112750,1.488081
0.113250,-0.742647
0.113750,-0.102496
0.114250,-0.395433
0.114750,1.163778
0.115250,-0.227062
0.115750,0.009477
0.116250,0.408690
0.116750,-0.123191
0.117250,-0.663957
0.117750,0.215068
0.118250,0.068735
0.118750,-0.273639
0.119250,1.382200
0.119750,0.260556
0.120250,1.463047
0.120750,0.598849
0.121250,0.083094
0.121750,1.357721
0.122250,0.611726
0.122750,1.392072
0.123250,1.517643
0.123750,1.378388
0.124250,1.187338
0.124750,1.876620
0.125250,0.766406
0.125750,1.016179
0.126250,0.407080
0.126750,1.336214
0.127250,0.929504
0.127750,0.650844
0.128250,1.573456
0.128750,0.492619
0.129250,1.401105
0.129750,1.531145
0.130250,1.166160
0.130750,0.810929
0.131250,-0.242671
0.131750,1.634950
0.132250,0.775217
0.132750,1.219483
0.133250,1.500234
0.133750,0.361458
0.134250,1.130353
0.134750,1.432545
0.135250,1.818990
0.135750,0.326737
0.136250,-0.320754
0.136750,0.221805
0.137250,-0.309136
0.137750,-0.267448
0.138250,-0.186950
0.138750,-2.576937
0.139250,-0.845844
0.139750,-0.082744
0.140250,-1.734178
0.140750,-1.255297
0.141250,-1.353753
0.141750,0.022455
0.142250,-1.052363
0.142750,-0.406480
0.143250,-0.718836
0.143750,-1.293257
0.144250,0.673301
0.144750,-1.268287
0.145250,-0.690078
0.145750,0.084429
0.146250,-0.317110
0.146750,0.208606
0.147250,0.424914
0.147750,-0.441093
0.148250,-0.770195
0.148750,0.372123
0.149250,0.944472
0.149750,-1.262087
0.150250,-1.265383
0.150750,-1.157852
0.151250,-0.202446
0.151750,0.596975
0.152250,0.520449
0.152750,-1.162440
0.153250,0.724881
0.153750,-0.943974
0.154250,0.630426
0.154750,-1.262433
0.155250,-2.277046
0.155750,0.107233
0.156250,-1.997872
0.156750,0.076401
0.157250,0.682022
0.157750,-0.485143
0.158250,0.707089
0.158750,-0.271634
0.159250,-0.007041
0.159750,0.230266
0.160250,-0.897719
0.160750,-0.052528
0.161250,0.725077
0.161750,-0.123909
0.162250,-0.762305
0.162750,-0.055838
0.163250,1.152639
0.163750,-0.133311
0.164250,1.030013
0.164750,-0.071798
0.165250,-0.322802
0.165750,0.091094
0.166250,-0.188435
0.166750,1.015227
0.167250,-0.035849
0.167750,-0.695634
0.168250,1.809611
0.168750,-1.054517
0.169250,0.119330
0.169750,-0.562999
0.170250,-1.332242
0.170750,-0.651958
0.171250,-0.693482
0.171750,-1.018218
0.172250,0.898655
0.172750,0.675992
0.173250,0.306510
0.173750,0.256100
0.174250,-0.881576
0.174750,-0.927219
0.175250,-0.393026
0.175750,-0.582891
0.176250,-0.312081
0.176750,0.064561
0.177250,-0.174524
0.177750,-0.568765
0.178250,-0.179687
0.178750,-1.518330
0.179250,-0.753461
0.179750,-0.781998
0.180250,-1.633478
0.180750,-1.030578
0.181250,-0.192701
0.181750,-0.688969
0.182250,-0.946323
0.182750,-0.248064
0.183250,-1.188965
0.183750,1.541503
0.184250,-0.261862
0.184750,-0.445884
0.185250,-0.889905
0.185750,-1.705054
0.186250,-1.029567
0.186750,0.517036
0.187250,-2.283299
0.187750,-0.639816
0.188250,-0.990647
0.188750,-1.553391
0.189250,-1.831125
0.189750,-0.327410
0.190250,-0.508131
0.190750,-2.681050
0.191250,1.115220
0.191750,-0.407297
0.192250,-2.598020
0.192750,-1.835261
0.193250,1.007413
0.193750,0.338184
0.194250,-1.240554
0.194750,-1.399484
0.195250,-1.691925
0.195750,0.404308
0.196250,0.820093
0.196750,-0.806761
0.197250,-0.539937
0.197750,-0.008962
0.198250,-1.762221
0.198750,-0.696724
0.199250,-0.422065
0.199750,-1.619910
0.200250,-0.049507
0.200750,-1.844791
0.201250,-0.794160
0.201750,-0.674894
0.202250,-1.302274
0.202750,-0.982577
0.203250,-2.876254
0.203750,1.110113
0.204250,-0.204068
0.204750,0.920519
0.205250,-0.509096
0.205750,-0.633853
0.206250,0.512798
0.206750,-2.600383
0.207250,-0.152127
0.207750,-0.716694
0.208250,0.225144
0.208750,-0.842328
0.209250,-1.016971
0.209750,-1.099606
0.210250,-1.315757
0.210750,-1.527032
0.211250,0.701558
0.211750,1.297300
0.212250,-0.366648
0.212750,0.449149
0.213250,0.038108
0.213750,-0.235866
0.214250,-1.355571
0.214750,1.839551
0.215250,1.854620
0.215750,0.745090
0.216250,0.541467
0.216750,-0.847449
0.217250,-1.929101
0.217750,0.425508
0.218250,-0.266106
0.218750,1.415983
0.219250,0.248640
0.219750,0.808073
0.220250,0.772586
0.220750,-1.136939
0.221250,-0.569193
0.221750,0.406370
0.222250,-1.344558
0.222750,0.192788
0.223250,3.034138
0.223750,1.127067
0.224250,1.354044
0.224750,1.196626
0.225250,0.967651
0.225750,0.320046
0.226250,0.762927
0.226750,0.104182
0.227250,2.291756
0.227750,0.351953
0.228250,-0.411757
0.228750,0.362841
0.229250,-0.726010
0.229750,1.511324
0.230250,0.941885
0.230750,2.108659
0.231250,0.041339
0.231750,1.133231
0.232250,-1.072799
0.232750,0.743249
0.233250,3.040053
0.233750,0.804542
0.234250,-0.291957
0.234750,-0.034077
0.235250,0.922110
0.235750,-0.336095
0.236250,-1.223504
0.236750,0.994772
0.237250,0.455846
0.237750,-0.022282
0.238250,-0.575787
0.238750,0.023853
0.239250,-0.705462
0.239750,-0.211543
0.240250,0.597800
0.240750,-0.459461
0.241250,-0.182028
0.241750,-1.191987
0.242250,1.573652
0.242750,-0.548141
0.243250,-0.714307
0.243750,-2.049653
0.244250,0.955506
0.244750,-2.019675
0.245250,0.302855
0.245750,1.389226
0.246250,-0.272145
0.246750,0.079868
0.247250,1.970078
0.247750,-1.132688
0.248250,0.559838
0.248750,0.287477
0.249250,0.544456
0.249750,0.386860
0.250250,2.258166
0.250750,-0.851344
0.251250,0.274320
0.251750,1.667302
0.252250,0.927893
0.252750,1.758876
0.253250,-0.298418
0.253750,0.375995
0.254250,-0.592090
0.254750,0.510458
0.255250,1.789461
0.255750,-0.894156
0.256250,0.255216
0.256750,1.132528
0.257250,1.472272
0.257750,-1.831125
0.258250,1.100806
0.258750,1.591277
0.259250,-0.436374
0.259750,0.959334
0.260250,1.042791
0.260750,1.571362
0.261250,0.161944
0.261750,0.929034
0.262250,0.540046
0.262750,-0.150828
0.263250,-0.020165
0.263750,0.032789
0.264250,1.099807
0.264750,0.902052
0.265250,1.105255
0.265750,0.770156
0.266250,1.573321
0.266750,1.376005
0.267250,-0.747233
0.267750,0.758301
0.268250,1.587618
0.268750,-0.342290
0.269250,-0.981060
0.269750,0.757710
0.270250,0.913379
0.270750,1.124047
0.271250,-1.184483
0.271750,1.782023
0.272250,0.320045
0.272750,0.961238
0.273250,0.904925
0.273750,1.085719
0.274250,1.156214
0.274750,1.412329
0.275250,-0.855568
0.275750,1.593875
0.276250,-0.559798
0.276750,0.662108
0.277250,-1.203269
0.277750,-1.704431
0.278250,0.719849
0.278750,0.118795
0.279250,-0.261231
0.279750,-1.370779
0.280250,-2.216071
0.280750,1.634981
0.281250,0.080337
0.281750,0.165105
0.282250,1.859271
0.282750,0.252653
0.283250,0.019756
0.283750,-0.625691
0.284250,-0.013617
0.284750,-0.655556
0.285250,2.173725
0.285750,0.021370
0.286250,0.781672
0.286750,-0.209297
0.287250,-0.585179
0.287750,-0.824712
0.288250,-1.546121
0.288750,0.535012
0.289250,-0.816724
0.289750,-1.101418
0.290250,1.164228
0.290750,-3.079820
0.291250,0.827507
0.291750,-0.823119
0.292250,0.652040
0.292750,-1.831809
0.293250,1.607476
0.293750,0.378111
0.294250,2.901190
0.294750,-0.712603
0.295250,-0.520284
0.295750,-0.836151
0.296250,-1.672236
0.296750,-1.281383
0.297250,-0.599824
0.297750,0.137627
0.298250,0.904010
0.298750,-0.796517
0.299250,0.680842
0.299750,-1.062231
0.300250,0.699577
0.300750,1.989478
0.301250,-0.100912
0.301750,1.871011
0.302250,0.861407
0.302750,-0.948578
0.303250,0.009122
0.303750,1.066645
0.304250,-0.125254
0.304750,-0.469644
0.305250,-0.283723
0.305750,0.668781
0.306250,0.822786
0.306750,-0.246881
0.307250,-1.143559
0.307750,-1.038117
0.308250,0.878708
0.308750,0.223647
0.309250,2.820872
0.309750,0.388857
0.310250,-1.343660
0.310750,1.463034
0.311250,-0.247766
0.311750,-0.392828
0.312250,0.968942
0.312750,-1.775738
0.313250,0.043876
0.313750,1.017672
0.314250,-0.090033
0.314750,0.683646
0.315250,0.124890
0.315750,0.756144
0.316250,0.557262
0.316750,1.108010
0.317250,-0.400238
0.317750,-0.684165
0.318250,-1.801145
0.318750,0.436189
0.319250,1.539523
0.319750,-0.007041
0.320250,-0.767738
0.320750,0.324669
0.321250,1.228129
0.321750,2.322922
0.322250,0.795264
0.322750,0.474674
0.323250,1.850360
0.323750,2.012805
0.324250,2.099405
0.324750,0.716901
0.325250,0.838779
0.325750,2.333642
0.326250,3.029489
0.326750,1.276756
0.327250,1.230932
0.327750,-0.176213
0.328250,0.464306
0.328750,2.479004
0.329250,2.050142
0.329750,2.448633
0.330250,1.130480
0.330750,2.001690
0.331250,1.189946
0.331750,1.013211
0.332250,2.395226
0.332750,-0.713145
0.333250,-1.135507
0.333750,0.005055
0.334250,-0.587481
0.334750,-0.041347
0.335250,0.178790
0.335750,1.281305
0.336250,0.484718
0.336750,-2.606153
0.337250,1.529195
0.337750,1.103391
0.338250,0.075162
0.338750,1.602947
0.339250,1.041471
0.339750,0.957627
0.340250,2.965578
0.340750,1.478724
0.341250,0.143446
0.341750,-0.484755
0.342250,1.383999
0.342750,1.354994
0.343250,0.623475
0.343750,3.235923
0.344250,1.540171
0.344750,1.340961
0.345250,-1.013746
0.345750,2.199712
0.346250,2.504477
0.346750,2.819666
0.347250,3.271117
0.347750,0.949768
0.348250,3.693939
0.348750,2.003776
0.349250,2.781446
0.349750,0.250389
0.350250,2.830270
0.350750,1.663743
0.351250,0.204776
0.351750,1.423361
0.352250,-0.436468
0.352750,2.413623
0.353250,1.181865
0.353750,2.169753
0.354250,2.202949
0.354750,2.173759
0.355250,-0.631124
0.355750,0.114775
0.356250,1.565124
0.356750,2.528199
0.357250,1.031124
0.357750,1.972232
0.358250,-0.305668
0.358750,1.952697
0.359250,1.347218
0.359750,-0.182506
0.360250,-0.451124
0.360750,-0.434987
0.361250,0.487394
0.361750,1.979033
0.362250,1.177161
0.362750,-0.563763
0.363250,0.960472
0.363750,1.517262
0.364250,1.928203
0.364750,0.545932
0.365250,2.590516
0.365750,2.362293
0.366250,1.998096
0.366750,-0.613554
0.367250,-0.810104
0.367750,1.957723
0.368250,1.687856
0.368750,1.450605
0.369250,0.023460
0.369750,0.102625
0.370250,0.734825
0.370750,0.372209
0.371250,2.494035
0.371750,-2.113401
0.372250,0.086605
0.372750,0.315783
0.373250,2.906398
0.373750,0.246060
0.374250,-0.266215
0.374750,-1.042605
0.375250,2.007494
0.375750,0.050961
0.376250,-0.252578
0.376750,2.754596
0.377250,2.808419
0.377750,-1.510223
0.378250,1.825257
0.378750,0.307753
0.379250,0.273367
0.379750,1.231683
0.380250,1.596979
0.380750,0.292872
0.381250,2.526945
0.381750,0.697678
0.382250,-1.513102
0.382750,0.882136
0.383250,-0.048743
0.383750,2.351556
0.384250,2.063434
0.384750,2.271980
0.385250,0.689948
0.385750,1.701248
0.386250,2.528766
0.386750,0.554973
0.387250,1.033757
0.387750,3.211429
0.388250,3.133470
0.388750,2.126439
0.389250,1.918027
0.389750,2.120907
0.390250,1.903003
0.390750,2.582861
0.391250,4.663179
0.391750,1.521792
0.392250,4.263255
0.392750,0.216233
0.393250,3.617079
0.393750,3.733186
0.394250,3.706079
0.394750,3.026861
0.395250,6.439865
0.395750,3.538373
0.396250,4.742592
0.396750,1.791934
0.397250,0.806861
0.397750,1.676182
0.398250,1.806624
0.398750,1.457405
0.399250,3.531869
0.399750,2.014479
0.400250,2.822439
0.400750,4.088252
0.401250,1.826805
0.401750,3.013158
0.402250,1.512382
0.402750,2.404031
0.403250,3.117718
0.403750,2.008703
0.404250,2.227473
0.404750,0.419878
0.405250,1.035152
0.405750,1.371323
0.406250,3.799899
0.406750,2.713435
0.407250,1.690248
0.407750,2.605334
0.408250,0.587977
0.408750,2.676091
0.409250,1.543684
0.409750,0.449819
0.410250,0.749844
0.410750,1.595747
0.411250,2.079594
0.411750,0.989507
0.412250,0.567421
0.412750,3.597996
0.413250,2.136959
0.413750,0.698231
0.414250,2.681703
0.414750,2.195296
0.415250,0.987807
0.415750,2.409454
0.416250,3.481800
0.416750,4.823711
0.417250,1.628898
0.417750,2.693676
0.418250,-0.133518
0.418750,-1.823982
0.419250,0.605055
0.419750,2.739296
0.420250,0.171077
0.420750,2.311560
0.421250,1.754721
0.421750,1.890362
0.422250,0.273705
0.422750,0.565082
0.423250,-0.231677
0.423750,-0.478800
0.424250,0.263574
0.424750,0.913076
0.425250,0.323605
0.425750,2.335267
0.426250,-0.584503
0.426750,-4.036576
0.427250,0.469665
0.427750,0.670517
0.428250,-0.220279
0.428750,1.335108
0.429250,1.518214
0.429750,0.599267
0.430250,-0.602822
0.430750,2.286787
0.431250,0.049252
0.431750,1.797051
0.432250,2.644399
0.432750,3.598232
0.433250,0.237063
0.433750,-0.552635
0.434250,3.680303
0.434750,2.439482
0.435250,2.008911
0.435750,0.950153
0.436250,0.145318
0.436750,1.471888
0.437250,2.709444
0.437750,-0.641992
0.438250,3.935735
0.438750,0.881248
0.439250,2.461639
0.439750,3.446638
0.440250,-0.262900
0.440750,1.555639
0.441250,1.177748
0.441750,0.868547
0.442250,1.943363
0.442750,-0.067911
0.443250,2.121599
0.443750,0.709185
0.444250,0.420152
0.444750,-0.505633
0.445250,2.320892
0.445750,0.269218
0.446250,2.754782
0.446750,-0.024444
0.447250,2.636478
0.447750,3.210142
0.448250,1.077457
0.448750,3.907331
0.449250,1.441014
0.449750,0.387140
0.450250,3.213968
0.450750,2.308440
0.451250,-0.057541
0.451750,0.842083
0.452250,1.545996
0.452750,3.956027
0.453250,-1.191348
0.453750,-0.295022
0.454250,0.933248
0.454750,1.928370
0.455250,1.266501
0.455750,2.628910
0.456250,0.298237
0.456750,2.447628
0.457250,0.910102
0.457750,5.178332
0.458250,0.424919
0.458750,1.814713
0.459250,2.325038
0.459750,3.748508
0.460250,3.642766
0.460750,0.844418
0.461250,3.336096
0.461750,3.511716
0.462250,-0.342418
0.462750,2.430533
0.463250,3.017050
0.463750,4.984498
0.464250,-0.017504
0.464750,1.134162
0.465250,0.703879
0.465750,4.722686
0.466250,-0.018299
0.466750,5.526394
0.467250,0.565656
0.467750,0.883348
0.468250,5.384724
0.468750,1.996227
0.469250,1.755327
0.469750,1.556678
0.470250,2.019654
0.470750,2.164502
0.471250,0.939431
0.471750,2.836514
0.472250,0.891391
0.472750,0.709057
0.473250,2.300292
0.473750,2.169864
0.474250,4.679455
0.474750,1.952702
0.475250,2.579605
0.475750,2.230856
0.476250,0.384349
0.476750,0.964774
0.477250,2.946136
0.477750,2.127162
0.478250,4.756291
0.478750,4.305993
0.479250,1.049732
0.479750,2.102111
0.480250,1.658616
0.480750,3.397855
0.481250,2.334211
0.481750,1.003849
0.482250,2.558187
0.482750,0.805733
0.483250,1.874616
0.483750,2.451294
0.484250,1.698520
0.484750,1.216326
0.485250,3.064024
0.485750,3.779536
0.486250,1.597239
0.486750,1.272450
0.487250,-0.494943
0.487750,3.678869
0.488250,1.644513
0.488750,3.237391
0.489250,0.632262
0.489750,3.614233
0.490250,1.640921
0.490750,3.414530
0.491250,0.709528
0.491750,3.336307
0.492250,2.869473
0.492750,1.006433
0.493250,2.124763
0.493750,1.656177
0.494250,2.480204
0.494750,1.162885
0.495250,2.953458
0.495750,-1.370252
0.496250,2.475966
0.496750,2.117068
0.497250,1.230666
0.497750,1.733468
0.498250,0.648079
0.498750,1.076045
0.499250,0.690887
0.499750,0.915887
0.500250,-1.448293
0.500750,2.573407
0.501250,-0.755693
0.501750,-0.175740
0.502250,3.062916
0.502750,1.381330
0.503250,1.884648
0.503750,-0.738511
0.504250,2.584125
0.504750,0.739508
0.505250,1.153862
0.505750,1.591850
0.506250,2.591087
0.506750,0.730574
0.507250,1.092127
0.507750,-2.230028
0.508250,0.604445
0.508750,0.572761
0.509250,1.497806
0.509750,3.430698
0.510250,3.265085
0.510750,2.331331
0.511250,0.823898
0.511750,1.206435
0.512250,1.068361
0.512750,1.924394
0.513250,-0.036643
0.513750,-0.880004
0.514250,-0.314975
0.514750,2.842280
0.515250,-0.226715
0.515750,-1.006916
0.516250,3.816608
0.516750,-1.950198
0.517250,-0.988769
0.517750,1.165462
0.518250,1.310806
0.518750,1.883938
0.519250,1.707857
0.519750,3.102492
0.520250,0.887186
0.520750,2.611640
0.521250,3.092151
0.521750,2.698957
0.522250,2.081166
0.522750,1.964279
0.523250,1.932977
0.523750,-0.059212
0.524250,0.112494
0.524750,1.007549
0.525250,0.438987
0.525750,2.830711
0.526250,2.269840
0.526750,2.902365
0.527250,0.890731
0.527750,1.002096
0.528250,0.903458
0.528750,1.638497
0.529250,0.407712
0.529750,1.196071
0.530250,-0.021831
0.530750,1.686992
0.531250,-0.039332
0.531750,-0.033739
0.532250,-1.994318
0.532750,-0.396278
0.533250,4.587069
0.533750,1.133796
0.534250,1.138686
0.534750,0.158637
0.535250,1.329133
0.535750,2.991594
0.536250,-2.109546
0.536750,0.889311
0.537250,4.277924
0.537750,1.003199
0.538250,6.102054
0.538750,-0.655614
0.539250,1.051878
0.539750,1.404364
0.540250,3.681320
0.540750,2.921712
0.541250,3.422541
0.541750,2.746882
0.542250,2.097562
0.542750,0.999705
0.543250,0.451697
0.543750,3.436412
0.544250,1.286131
0.544750,2.815871
0.545250,0.395559
0.545750,3.077046
0.546250,1.831486
0.546750,0.168222
0.547250,-0.235293
0.547750,2.494745
0.548250,2.430176
0.548750,4.464573
0.549250,1.564606
0.549750,3.886134
0.550250,-0.811138
0.550750,0.379220
0.551250,0.149259
0.551750,4.653087
0.552250,2.091977
0.552750,1.099197
0.553250,2.122661
0.553750,-0.469997
0.554250,1.942173
0.554750,3.280819
0.555250,3.235761
0.555750,5.924353
0.556250,2.316287
0.556750,-0.846240
0.557250,-0.629320
0.557750,-0.761038
0.558250,0.063324
0.558750,-1.154559
0.559250,2.641851
0.559750,1.066874
0.560250,0.068570
0.560750,1.124694
0.561250,1.155888
0.561750,-0.062268
0.562250,-1.850831
0.562750,0.034651
0.563250,2.760438
0.563750,1.282185
0.564250,1.377273
0.564750,4.837170
0.565250,1.033446
0.565750,1.566476
0.566250,1.016859
0.566750,1.835359
0.567250,0.551335
0.567750,2.510103
0.568250,-0.321769
0.568750,0.803198
0.569250,-0.810890
0.569750,0.021057
0.570250,2.490285
0.570750,0.471929
0.571250,3.491485
0.571750,2.421032
0.572250,-2.212899
0.572750,-0.503885
0.573250,-1.128942
0.573750,-1.011753
0.574250,-0.264197
0.574750,-0.330431
0.575250,-1.521208
0.575750,-0.028120
0.576250,-0.532067
0.576750,0.262439
0.577250,0.325409
0.577750,2.208199
0.578250,-0.773661
0.578750,-0.885234
0.579250,-1.656303
0.579750,-1.955696
0.580250,0.273859
0.580750,0.229920
0.581250,-1.494438
0.581750,3.314365
0.582250,-0.303928
0.582750,0.541350
0.583250,-0.967172
0.583750,-0.719794
0.584250,1.967026
0.584750,-1.826779
0.585250,-1.213399
0.585750,-2.846321
0.586250,-1.593622
0.586750,0.617632
0.587250,2.082002
0.587750,-0.752653
0.588250,-0.965684
0.588750,-1.955955
0.589250,-0.370295
0.589750,-0.183144
0.590250,-1.331321
0.590750,-4.291585
0.591250,-0.690835
0.591750,-3.217757
0.592250,1.940483
0.592750,-1.201372
0.593250,2.158615
0.593750,-3.660624
0.594250,-1.997642
0.594750,1.707224
0.595250,-1.012631
0.595750,-0.739050
0.596250,2.006162
0.596750,-1.478541
0.597250,-2.106287
0.597750,2.487961
0.598250,0.985700
0.598750,-0.147437
0.599250,-0.301861
0.599750,-0.317870
0.600250,1.299075
0.600750,-0.058966
0.601250,-1.144685
0.601750,-2.612513
0.602250,-1.276496
0.602750,0.534649
0.603250,-2.008582
0.603750,0.276784
0.604250,1.656210
0.604750,1.821610
0.605250,-1.963520
0.605750,-1.998288
0.606250,-1.255665
0.606750,-0.508199
0.607250,-0.650672
0.607750,-2.105141
0.608250,-1.006690
0.608750,0.329253
0.609250,-3.995793
0.609750,-0.066581
0.610250,0.399965
0.610750,0.074203
0.611250,-2.349758
0.611750,-0.356598
0.612250,-1.854829
0.612750,-0.000689
0.613250,-1.974617
0.613750,-0.691329
0.614250,-3.063599
0.614750,1.455854
0.615250,-0.241365
0.615750,-1.805101
0.616250,-3.686361
0.616750,-0.828356
0.617250,0.042159
0.617750,-1.284590
0.618250,0.059554
0.618750,0.537432
0.619250,0.951121
0.619750,0.044238
0.620250,-1.283462
0.620750,2.534511
0.621250,-1.286047
0.621750,0.879501
0.622250,1.962010
0.622750,-1.607651
0.623250,0.941952
0.623750,0.487229
0.624250,-1.327310
0.624750,1.311001
0.625250,3.105322
0.625750,-0.014398
0.626250,-2.370232
0.626750,-0.636544
0.627250,0.227814
0.627750,1.936244
0.628250,1.203331
0.628750,1.930307
0.629250,-0.963389
0.629750,0.538909
0.630250,-0.282119
0.630750,-1.117238
0.631250,-0.079024
0.631750,-2.924685
0.632250,0.659897
0.632750,-1.026550
0.633250,0.263169
0.633750,-0.548477
0.634250,0.384687
0.634750,-1.501654
0.635250,1.686305
0.635750,-0.227871
0.636250,0.602094
0.636750,2.986185
0.637250,1.855346
0.637750,-3.425081
0.638250,0.089294
0.638750,0.002674
0.639250,1.938407
0.639750,0.095706
0.640250,-0.163373
0.640750,2.796502
0.641250,-0.825155
0.641750,0.383602
0.642250,0.469996
0.642750,2.842635
0.643250,2.724665
0.643750,1.115916
0.644250,-1.197889
0.644750,0.993593
0.645250,-0.688791
0.645750,-1.814375
0.646250,0.264817
0.646750,-0.314305
0.647250,2.751164
0.647750,1.234468
0.648250,1.805075
0.648750,-1.632871
0.649250,-1.469917
0.649750,4.264689
0.650250,1.335015
0.650750,-0.122315
0.651250,-1.627309
0.651750,1.132207
0.652250,-0.120510
0.652750,0.423396
0.653250,0.603526
0.653750,-2.736204
0.654250,1.834769
0.654750,2.921649
0.655250,-1.063018
0.655750,3.872812
0.656250,0.260729
0.656750,2.328727
0.657250,1.022099
0.657750,-1.139878
0.658250,-0.266985
0.658750,0.562491
0.659250,0.260459
0.659750,-2.012259
0.660250,-2.271834
0.660750,-0.348702
0.661250,0.014420
0.661750,0.300929
0.662250,-2.262530
0.662750,-2.729318
0.663250,-1.141432
0.663750,0.246534
0.664250,0.619664
0.664750,-1.640263
0.665250,-0.202251
0.665750,-2.295732
0.666250,1.890478
0.666750,0.134592
0.667250,3.832788
0.667750,-0.683274
0.668250,-1.507543
0.668750,-1.886820
0.669250,-1.011587
0.669750,2.323112
0.670250,-2.148180
0.670750,0.507147
0.671250,2.535615
0.671750,-0.785565
0.672250,0.073023
0.672750,0.751172
0.673250,-2.670714
0.673750,-1.848910
0.674250,-1.703266
0.674750,-1.601290
0.675250,-2.205168
0.675750,-1.830698
0.676250,-1.629148
0.676750,2.690100
0.677250,-1.415664
0.677750,-1.168743
0.678250,-0.552479
0.678750,-1.367025
0.679250,-0.050441
0.679750,-7.045129
0.680250,0.023097
0.680750,-0.989695
0.681250,-1.727538
0.681750,-3.656566
0.682250,-0.397503
0.682750,-1.618297
0.683250,-3.033879
0.683750,-0.195692
0.684250,-0.817475
0.684750,-0.769024
0.685250,0.253420
0.685750,-0.010389
0.686250,-3.334054
0.686750,-1.031039
0.687250,-1.048883
0.687750,-2.129046
0.688250,-0.608333
0.688750,-1.430950
0.689250,-0.872116
0.689750,2.006381
0.690250,0.124327
0.690750,0.858311
0.691250,-0.696758
0.691750,0.297229
0.692250,-4.063707
0.692750,0.959336
0.693250,-1.790319
0.693750,-3.580755
0.694250,-3.698251
0.694750,0.113829
0.695250,-3.249648
0.695750,-1.648787
0.696250,2.103972
0.696750,-0.659906
0.697250,-3.416631
0.697750,-1.406080
0.698250,-0.271917
0.698750,-2.086942
0.699250,-1.823326
0.699750,1.034778
0.700250,-1.036941
0.700750,-1.560590
0.701250,1.942886
0.701750,0.837916
0.702250,-1.485230
0.702750,-1.414748
0.703250,-2.388434
0.703750,-0.869191
0.704250,-3.683294
0.704750,-1.866380
0.705250,0.147539
0.705750,0.193849
0.706250,-0.647033
0.706750,-3.998562
0.707250,-2.184566
0.707750,-2.473306
0.708250,0.324128
0.708750,-3.350601
0.709250,-1.362681
0.709750,-1.629047
0.710250,-1.589166
0.710750,2.308498
0.711250,-2.936625
0.711750,-0.540916
0.712250,-2.247568
0.712750,1.377236
0.713250,0.885576
0.713750,-0.630616
0.714250,4.043393
0.714750,-1.939804
0.715250,0.553590
0.715750,-3.264709
0.716250,-4.192451
0.716750,-2.108611
0.717250,-1.289408
0.717750,0.871997
0.718250,-2.076694
0.718750,-2.996091
0.719250,1.573680
0.719750,0.657060
0.720250,-1.434609
0.720750,2.076749
0.721250,-2.248708
0.721750,-2.585560
0.722250,-0.287647
0.722750,-2.108479
0.723250,1.046450
0.723750,-0.665768
0.724250,-0.507055
0.724750,1.044532
0.725250,-1.442239
0.725750,1.742214
0.726250,0.168796
0.726750,1.993592
0.727250,1.493778
0.727750,-0.936589
0.728250,-0.934366
0.728750,1.564299
0.729250,-3.467326
0.729750,-2.449798
0.730250,-0.856043
0.730750,-0.640274
0.731250,-0.538653
0.731750,4.190627
0.732250,-1.406307
0.732750,1.300012
0.733250,2.413678
0.733750,-0.764719
0.734250,-3.206477
0.734750,-3.465983
0.735250,-2.136078
0.735750,-3.315486
0.736250,-1.555798
0.736750,-2.593544
0.737250,-2.390567
0.737750,-1.967747
0.738250,-2.469044
0.738750,-1.362139
0.739250,0.877884
0.739750,-0.985840
0.740250,-3.053243
0.740750,-2.222739
0.741250,-1.327568
0.741750,0.484315
0.742250,-0.214578
0.742750,1.552560
0.743250,0.313483
0.743750,-6.896961
0.744250,-0.333296
0.744750,-1.769790
0.745250,-5.336192
0.745750,-0.134113
0.746250,-3.275331
0.746750,-0.889972
0.747250,-3.612186
0.747750,1.427681
0.748250,-1.830595
0.748750,-3.163598
0.749250,-1.710478
0.749750,-0.145836
0.750250,1.312432
0.750750,-2.551751
0.751250,-2.021497
0.751750,-3.838294
0.752250,-0.665526
0.752750,-2.664473
0.753250,-2.997436
0.753750,0.941224
0.754250,0.289584
0.754750,-1.752742
0.755250,-3.828727
0.755750,-3.476374
0.756250,1.580019
0.756750,-4.168415
0.757250,-3.313480
0.757750,-1.884962
0.758250,-4.083745
0.758750,-5.273248
0.759250,-4.323507
0.759750,-5.311333
0.760250,-1.182950
0.760750,-0.863726
0.761250,-5.109744
0.761750,-3.483003
0.762250,-4.985153
0.762750,-1.387187
0.763250,-1.860796
0.763750,-4.374273
0.764250,-2.666096
0.764750,-4.941115
0.765250,-5.767527
0.765750,-6.025332
0.766250,-2.222102
0.766750,-3.327148
0.767250,-2.327454
0.767750,-2.939459
0.768250,-4.469096
0.768750,-1.262880
0.769250,-2.286946
0.769750,-2.338088
0.770250,-2.137093
0.770750,-0.367672
0.771250,-2.046739
0.771750,-5.123238
0.772250,-2.780064
0.772750,-1.045108
0.773250,-5.328742
0.773750,-1.071600
0.774250,-3.449604
0.774750,-4.218031
0.775250,-1.092636
0.775750,-0.916479
0.776250,-4.008538
0.776750,-3.321337
0.777250,0.769365
0.777750,-5.304504
0.778250,-2.667564
0.778750,-4.969467
0.779250,-7.429011
0.779750,-4.461108
0.780250,1.462916
0.780750,-3.837348
0.781250,-3.531981
0.781750,-2.917714
0.782250,-3.189509
0.782750,0.043208
0.783250,-2.252573
0.783750,-2.773065
0.784250,0.631512
0.784750,-4.989200
0.785250,-2.074968
0.785750,-1.368883
0.786250,-0.398762
0.786750,-1.390700
0.787250,-4.015185
0.787750,-1.624618
0.788250,-0.777752
0.788750,-1.923182
0.789250,-3.003943
0.789750,-0.255398
0.790250,-1.631838
0.790750,-4.973235
0.791250,-1.527868
0.791750,-1.991217
0.792250,-4.345292
0.792750,0.149871
0.793250,-3.124576
0.793750,-4.113444
0.794250,-3.707163
0.794750,-2.148769
0.795250,-2.295669
0.795750,-3.685158
0.796250,-3.983409
0.796750,-3.906216
0.797250,-0.690230
0.797750,-1.619803
0.798250,-3.949669
0.798750,-3.485600
0.799250,-5.105885
0.799750,-5.984029
0.800250,-3.829046
0.800750,-4.917357
0.801250,-2.953381
0.801750,-1.955788
0.802250,-0.746384
0.802750,-3.135186
0.803250,-6.682337
0.803750,-3.204861
0.804250,-3.568376
0.804750,-1.594495
0.805250,-2.428643
0.805750,-2.166816
0.806250,-0.712777
0.806750,-1.362631
0.807250,-1.277430
0.807750,-1.188570
0.808250,-3.008679
0.808750,-2.101185
0.809250,-3.803610
0.809750,-1.671626
0.810250,-0.513710
0.810750,-3.362556
0.811250,-1.856667
0.811750,-0.473543
0.812250,-2.042468
0.812750,-0.913766
0.813250,0.989005
0.813750,-6.361867
0.814250,-2.849490
0.814750,-2.894156
0.815250,2.671084
0.815750,-0.769678
0.816250,-2.790209
0.816750,2.069871
0.817250,2.399245
0.817750,1.690092
0.818250,-2.217624
0.818750,-1.029624
0.819250,-2.262896
0.819750,-2.013290
0.820250,-0.641424
0.820750,-0.301929
0.821250,-0.751656
0.821750,-1.555731
0.822250,2.865538
0.822750,-1.240575
0.823250,2.642870
0.823750,-2.699169
0.824250,-2.269593
0.824750,-2.711218
0.825250,0.331264
0.825750,-2.415079
0.826250,-0.775957
0.826750,4.219178
0.827250,-2.824737
0.827750,1.408726
0.828250,-2.157187
0.828750,0.332911
0.829250,-0.857808
0.829750,-3.127208
0.830250,1.011764
0.830750,1.262489
0.831250,-2.340353
0.831750,-2.892174
0.832250,-1.827541
0.832750,-0.801754
0.833250,1.227494
0.833750,0.693604
0.834250,-1.961903
0.834750,0.571720
0.835250,0.048651
0.835750,1.039202
0.836250,0.398164
0.836750,-0.265418
0.837250,0.293820
0.837750,-4.958466
0.838250,-2.501654
0.838750,-1.711163
0.839250,0.701310
0.839750,-0.492702
0.840250,-2.821228
0.840750,1.032906
0.841250,-0.642456
0.841750,1.665370
0.842250,-3.188363
0.842750,-4.862687
0.843250,1.534060
0.843750,0.152627
0.844250,-8.358188
0.844750,-4.355750
0.845250,-4.778864
0.845750,-4.785559
0.846250,-0.000495
0.846750,0.677408
0.847250,-1.424713
0.847750,-1.239878
0.848250,1.757025
0.848750,-3.219028
0.849250,-2.920378
0.849750,1.267788
0.850250,-2.678496
0.850750,-0.317917
0.851250,-2.171636
0.851750,-4.481181
0.852250,-3.001601
0.852750,3.652483
0.853250,1.526607
0.853750,-0.517511
0.854250,-0.536244
0.854750,-0.484147
0.855250,-3.354079
0.855750,0.011594
0.856250,-0.605104
0.856750,4.484197
0.857250,-0.009619
0.857750,0.351094
0.858250,-1.182559
0.858750,-4.544295
0.859250,-0.178916
0.859750,-3.171070
0.860250,0.241983
0.860750,-4.413605
0.861250,-0.386937
0.861750,0.779254
0.862250,-0.819944
0.862750,-0.477142
0.863250,-0.127425
0.863750,-0.404383
0.864250,-3.411031
0.864750,2.473650
0.865250,-0.974190
0.865750,-2.562549
0.866250,-3.518584
0.866750,-4.701811
0.867250,-2.086396
0.867750,-5.861116
0.868250,2.376814
0.868750,-2.513994
0.869250,-2.478081
0.869750,-2.681257
0.870250,-4.236613
0.870750,-2.683613
0.871250,-0.539801
0.871750,-0.939689
0.872250,-1.810331
0.872750,0.072205
0.873250,-2.331773
0.873750,-2.736947
0.874250,-1.065179
0.874750,-7.253705
0.875250,-1.015357
0.875750,-6.130351
0.876250,1.942993
0.876750,-4.174190
0.877250,-3.449857
0.877750,-1.629970
0.878250,-1.662247
0.878750,-3.790867
0.879250,-1.640312
0.879750,0.104802
0.880250,-1.244593
0.880750,2.489835
0.881250,0.496277
0.881750,-5.192053
0.882250,-3.561425
0.882750,-3.751988
0.883250,-2.541070
0.883750,-0.422447
0.884250,2.617013
0.884750,-0.278030
0.885250,-1.434689
0.885750,-2.648598
0.886250,-0.771616
0.886750,-0.056660
0.887250,-2.998808
0.887750,-3.013131
0.888250,-0.323420
0.888750,0.132188
0.889250,-2.293028
0.889750,-3.755725
0.890250,-3.184918
0.890750,-2.978729
0.891250,-0.946459
0.891750,-0.627969
0.892250,-4.360307
0.892750,-3.391348
0.893250,-5.269829
0.893750,-4.146938
0.894250,-2.452976
0.894750,0.666381
0.895250,-0.043457
0.895750,-1.022581
0.896250,-1.465026
0.896750,-0.901444
0.897250,-0.612505
0.897750,-3.645852
0.898250,-6.210261
0.898750,-1.540812
0.899250,-0.107436
0.899750,-0.767312
0.900250,-4.019580
0.900750,-2.050538
0.901250,-6.516241
0.901750,-2.532608
0.902250,-4.248638
0.902750,-1.812335
0.903250,0.997920
0.903750,-0.872583
0.904250,-4.209783
0.904750,-1.670928
0.905250,-1.529759
0.905750,-2.139359
0.906250,-1.703035
0.906750,-0.928019
0.907250,-1.879077
0.907750,-4.396968
0.908250,-1.482953
0.908750,0.163524
0.909250,1.001953
0.909750,-3.709310
0.910250,-3.515586
0.910750,0.016487
0.911250,-3.853837
0.911750,-2.159803
0.912250,-2.314228
0.912750,-0.959320
0.913250,2.574548
0.913750,0.226499
0.914250,-2.224663
0.914750,-0.068578
0.915250,-0.394211
0.915750,-3.414678
0.916250,-0.141758
0.916750,-1.264979
0.917250,2.317969
0.917750,0.405419
0.918250,6.547056
0.918750,3.114069
0.919250,-0.522449
0.919750,-0.475519
0.920250,3.725242
0.920750,-2.075306
0.921250,-2.426417
0.921750,-2.546089
0.922250,2.609879
0.922750,0.375145
0.923250,0.748679
0.923750,-0.838095
0.924250,-1.741528
0.924750,-2.333978
0.925250,-2.716298
0.925750,0.206179
0.926250,-0.596940
0.926750,0.072665
0.927250,-1.194207
0.927750,-2.213671
0.928250,4.080208
0.928750,-1.445725
0.929250,0.275493
0.929750,-1.241771
0.930250,3.844797
0.930750,1.396386
0.931250,1.432273
0.931750,0.239002
0.932250,1.348955
0.932750,-0.466288
0.933250,-0.199969
0.933750,-0.082014
0.934250,-2.757874
0.934750,-1.922795
0.935250,-4.238650
0.935750,-2.726236
0.936250,-2.641418
0.936750,1.048394
0.937250,0.602042
0.937750,0.384527
0.938250,-2.144303
0.938750,1.064263
0.939250,0.519500
0.939750,-3.093237
0.940250,-3.197072
0.940750,-2.309718
0.941250,-0.770794
0.941750,-2.340509
0.942250,-0.955586
0.942750,-4.027784
0.943250,2.146494
0.943750,-0.634026
0.944250,-1.173705
0.944750,-4.242526
0.945250,-1.902402
0.945750,-2.076756
0.946250,1.171348
0.946750,-1.409635
0.947250,-1.582798
0.947750,0.414397
0.948250,2.343163
0.948750,-2.018193
0.949250,-0.043471
0.949750,-1.207026
0.950250,1.270564
0.950750,-1.690621
0.951250,-3.165621
0.951750,-2.039064
0.952250,-4.561354
0.952750,-3.049870
0.953250,-1.288138
0.953750,-0.777493
0.954250,-1.135821
0.954750,-0.946915
0.955250,-0.617808
0.955750,-0.110995
0.956250,-2.588270
0.956750,-2.887970
0.957250,0.913155
0.957750,3.183447
0.958250,-2.651520
0.958750,-1.693554
0.959250,1.579967
0.959750,-3.324188
0.960250,-2.831603
0.960750,-1.339254
0.961250,-4.450010
0.961750,-2.268807
0.962250,1.975539
0.962750,-0.446563
0.963250,-1.252882
0.963750,-0.735342
0.964250,-0.968057
0.964750,-2.745748
0.965250,-1.813198
0.965750,-0.868443
0.966250,1.190319
0.966750,-1.099070
0.967250,-1.932139
0.967750,-1.718686
0.968250,1.232039
0.968750,-5.942900
0.969250,-0.258673
0.969750,-3.573788
0.970250,-3.425860
0.970750,1.035133
0.971250,-2.419300
0.971750,-2.348240
0.972250,-5.640888
0.972750,-0.762501
0.973250,1.615355
0.973750,-1.303126
0.974250,-1.692000
0.974750,-5.898149
0.975250,-2.751171
0.975750,-1.273732
0.976250,0.711305
0.976750,-3.860712
0.977250,-5.455352
0.977750,1.699500
0.978250,-2.934423
0.978750,-2.911571
0.979250,-3.305748
0.979750,-2.632668
0.980250,-4.817956
0.980750,-2.312195
0.981250,-2.062638
0.981750,0.714940
0.982250,0.215032
0.982750,-5.275582
0.983250,-3.271130
0.983750,0.269344
0.984250,-1.106303
0.984750,-2.875001
0.985250,-1.770104
0.985750,-2.626613
0.986250,1.822879
0.986750,-2.337263
0.987250,-6.438669
0.987750,-0.797777
0.988250,-0.056394
0.988750,-4.063316
0.989250,-1.849950
0.989750,-0.362278
0.990250,-0.509546
0.990750,4.339045
0.991250,0.550101
0.991750,-3.247251
0.992250,2.134232
0.992750,-0.504367
0.993250,-2.879225
0.993750,-2.711068
0.994250,-0.757998
0.994750,-3.371582
0.995250,1.287131
0.995750,2.561278
0.996250,-2.980468
0.996750,-3.742198
0.997250,-1.977921
0.997750,2.100769
0.998250,-1.323179
0.998750,0.102015
0.999250,-1.882809
0.999750,-2.450779
