0.000250,-0.048731
0.000750,0.004159
0.001250,-0.030181
0.001750,-0.129985
0.002250,-0.155812
0.002750,0.031416
0.003250,-0.060690
0.003750,0.255221
0.004250,0.121954
0.004750,-0.324861
0.005250,0.012923
0.005750,0.061429
0.006250,-0.030775
0.006750,0.139782
0.007250,0.004177
0.007750,-0.014018
0.008250,0.268285
0.008750,0.383167
0.009250,0.220221
0.009750,0.551940
0.010250,0.135789
0.010750,0.088956
0.011250,0.157135
0.011750,-0.208871
0.012250,-0.045537
0.012750,0.361433
0.013250,0.623236
0.013750,0.661940
0.014250,0.936742
0.014750,0.405933
0.015250,0.946312
0.015750,-0.212298
0.016250,0.310872
0.016750,0.437264
0.017250,0.339149
0.017750,0.107629
0.018250,0.711856
0.018750,0.887903
0.019250,0.439826
0.019750,0.772322
0.020250,0.673348
0.020750,0.531902
0.021250,-0.092392
0.021750,0.194418
0.022250,0.243046
0.022750,0.433645
0.023250,1.135144
0.023750,0.737894
0.024250,1.009303
0.024750,1.025006
0.025250,0.026545
0.025750,1.112781
0.026250,0.222665
0.026750,0.553909
0.027250,-0.409714
0.027750,0.237523
0.028250,1.126676
0.028750,0.459449
0.029250,0.950346
0.029750,1.015278
0.030250,1.272599
0.030750,0.244506
0.031250,-0.403887
0.031750,1.133553
0.032250,0.780180
0.032750,1.165563
0.033250,0.563230
0.033750,1.143157
0.034250,0.328747
0.034750,0.838494
0.035250,1.040014
0.035750,1.953136
0.036250,0.561993
0.036750,0.853362
0.037250,0.615706
0.037750,1.832798
0.038250,0.758693
0.038750,1.521066
0.039250,0.588776
0.039750,1.166875
0.040250,0.591363
0.040750,0.624319
0.041250,0.553459
0.041750,1.446187
0.042250,2.336727
0.042750,0.461734
0.043250,1.388585
0.043750,1.442424
0.044250,0.721936
0.044750,1.961677
0.045250,0.821309
0.045750,1.636604
0.046250,1.560454
0.046750,1.438604
0.047250,1.617004
0.047750,1.715933
0.048250,1.333314
0.048750,1.196215
0.049250,0.745562
0.049750,1.946683
0.050250,0.841832
0.050750,2.262973
0.051250,0.287576
0.051750,0.922627
0.052250,0.682640
0.052750,1.378065
0.053250,1.957892
0.053750,0.788060
0.054250,1.019348
0.054750,0.705269
0.055250,0.124866
0.055750,0.735307
0.056250,0.725833
0.056750,1.261026
0.057250,1.936796
0.057750,2.330145
0.058250,1.459452
0.058750,1.585580
0.059250,1.264862
0.059750,-0.111023
0.060250,1.821004
0.060750,-0.358710
0.061250,1.478176
0.061750,0.513035
0.062250,1.298925
0.062750,2.148167
0.063250,0.806664
0.063750,1.084005
0.064250,0.630712
0.064750,2.295317
0.065250,1.665882
0.065750,0.882068
0.066250,0.964039
0.066750,1.775732
0.067250,1.277196
0.067750,1.090589
0.068250,1.921793
0.068750,0.444260
0.069250,1.023384
0.069750,0.728636
0.070250,0.550885
0.070750,0.931676
0.071250,-0.746714
0.071750,2.597361
0.072250,-0.371899
0.072750,1.188374
0.073250,1.059188
0.073750,1.696318
0.074250,-0.052359
0.074750,1.642621
0.075250,0.868293
0.075750,0.615549
0.076250,1.172050
0.076750,1.109817
0.077250,1.169405
0.077750,1.520626
0.078250,-0.034735
0.078750,-0.987160
0.079250,0.749377
0.079750,0.348480
0.080250,0.455797
0.080750,-0.017169
0.081250,-0.354151
0.081750,0.882252
0.082250,2.661723
0.082750,1.900242
0.083250,1.056595
0.083750,1.300959
0.084250,1.742056
0.084750,0.304389
0.085250,0.670284
0.085750,2.175750
0.086250,1.100090
0.086750,0.254863
0.087250,0.005674
0.087750,0.972772
0.088250,0.826472
0.088750,1.437811
0.089250,-1.448597
0.089750,0.987990
0.090250,0.243508
0.090750,0.014054
0.091250,-1.108528
0.091750,0.544463
0.092250,1.626568
0.092750,1.442693
0.093250,0.844035
0.093750,-0.364989
0.094250,2.270657
0.094750,1.163025
0.095250,0.570119
0.095750,0.019866
0.096250,1.215425
0.096750,0.178863
0.097250,0.597768
0.097750,2.192221
0.098250,0.235861
0.098750,0.211413
0.099250,-0.309696
0.099750,0.913098
0.100250,-0.294627
0.100750,-1.204554
0.101250,0.062333
0.101750,-1.520780
0.102250,0.951529
0.102750,-0.209660
0.103250,-0.232403
0.103750,-1.141221
0.104250,-0.133852
0.104750,0.254662
0.105250,1.194015
0.105750,1.803665
0.106250,-1.296725
0.106750,-0.705324
0.107250,0.040144
0.107750,1.401062
0.108250,0.638243
0.108750,1.666407
0.109250,-0.516976
0.109750,-0.290620
0.110250,1.262992
0.110750,1.362722
0.111250,1.303467
0.111750,2.097110
0.112250,1.472150
0.112750,0.232714
0.113250,0.777374
0.113750,0.430615
0.114250,-1.132944
0.114750,0.512154
0.115250,1.126321
0.115750,-0.321690
0.116250,0.671199
0.116750,-2.094192
0.117250,-1.465766
0.117750,-1.037862
0.118250,-0.795506
0.118750,0.961298
0.119250,-1.219997
0.119750,0.661834
0.120250,0.032747
0.120750,-1.890174
0.121250,-0.188307
0.121750,0.161289
0.122250,-0.418619
0.122750,-1.170731
0.123250,-1.523081
0.123750,-1.570750
0.124250,0.600243
0.124750,0.360425
0.125250,0.192934
0.125750,0.173330
0.126250,0.198727
0.126750,-2.536448
0.127250,-0.864790
0.127750,0.081962
0.128250,-0.368651
0.128750,0.303972
0.129250,-0.690587
0.129750,-0.329574
0.130250,-0.441197
0.130750,0.065911
0.131250,-1.504757
0.131750,-0.779526
0.132250,0.673509
0.132750,-0.215070
0.133250,2.109204
0.133750,0.296843
0.134250,1.268306
0.134750,-1.547001
0.135250,-0.207829
0.135750,-0.338665
0.136250,-0.254518
0.136750,-1.458948
0.137250,-0.538327
0.137750,0.034826
0.138250,-0.277599
0.138750,-1.912154
0.139250,-1.599739
0.139750,-0.707496
0.140250,-0.840577
0.140750,0.031256
0.141250,0.793400
0.141750,0.072280
0.142250,1.063309
0.142750,-0.110080
0.143250,1.847186
0.143750,0.725886
0.144250,-1.115775
0.144750,-1.657105
0.145250,-0.038441
0.145750,-0.337496
0.146250,0.112507
0.146750,1.163236
0.147250,-0.137802
0.147750,-1.405972
0.148250,-1.385904
0.148750,-0.114295
0.149250,-1.037587
0.149750,1.372205
0.150250,-0.855291
0.150750,-1.258062
0.151250,-0.412497
0.151750,1.801853
0.152250,0.233732
0.152750,1.265707
0.153250,-0.111131
0.153750,-0.549134
0.154250,2.596688
0.154750,-2.018822
0.155250,-0.678090
0.155750,-2.661056
0.156250,-1.085819
0.156750,-1.602136
0.157250,0.359901
0.157750,-0.361034
0.158250,1.277391
0.158750,-0.735211
0.159250,0.775628
0.159750,-0.587793
0.160250,-1.872275
0.160750,0.132959
0.161250,0.024191
0.161750,-1.756722
0.162250,-0.143891
0.162750,-0.541207
0.163250,-1.467004
0.163750,-0.504974
0.164250,-1.160331
0.164750,-0.550502
0.165250,-1.592355
0.165750,-0.539117
0.166250,-2.395839
0.166750,-0.107997
0.167250,-1.972705
0.167750,-0.469695
0.168250,0.598706
0.168750,-2.222422
0.169250,-0.213646
0.169750,-1.446062
0.170250,-3.733063
0.170750,-1.362264
0.171250,-2.450677
0.171750,0.566857
0.172250,-0.183779
0.172750,-3.746076
0.173250,0.157029
0.173750,2.398124
0.174250,-0.713528
0.174750,-0.978074
0.175250,-2.205172
0.175750,0.626620
0.176250,0.826350
0.176750,0.841879
0.177250,0.037092
0.177750,1.866612
0.178250,1.409761
0.178750,-0.896408
0.179250,-1.035615
0.179750,0.075164
0.180250,0.234175
0.180750,-0.148696
0.181250,-1.225654
0.181750,-2.715852
0.182250,0.628158
0.182750,-0.205121
0.183250,0.794592
0.183750,1.068397
0.184250,1.128399
0.184750,0.754134
0.185250,-1.869029
0.185750,-0.849260
0.186250,-1.089237
0.186750,-0.398740
0.187250,-1.009736
0.187750,0.221951
0.188250,-1.708519
0.188750,0.340172
0.189250,-0.521182
0.189750,-2.125924
0.190250,1.138225
0.190750,1.199184
0.191250,3.500607
0.191750,0.238474
0.192250,-0.213998
0.192750,0.507294
0.193250,-0.437254
0.193750,-0.203845
0.194250,0.428073
0.194750,-3.029347
0.195250,0.728214
0.195750,0.716962
0.196250,-1.372655
0.196750,-1.698926
0.197250,-2.985404
0.197750,0.618111
0.198250,-0.573099
0.198750,-1.012945
0.199250,-1.897375
0.199750,-0.643049
0.200250,-1.787425
0.200750,0.319674
0.201250,-0.126331
0.201750,-0.088520
0.202250,-1.302100
0.202750,-0.492000
0.203250,-0.505307
0.203750,-1.757454
0.204250,-1.025539
0.204750,-1.734746
0.205250,1.637757
0.205750,-1.100606
0.206250,0.606573
0.206750,-1.708403
0.207250,-1.167892
0.207750,1.053015
0.208250,-1.073259
0.208750,-0.072941
0.209250,0.553237
0.209750,-0.847729
0.210250,0.905274
0.210750,-2.824603
0.211250,-0.250657
0.211750,3.857102
0.212250,-0.969782
0.212750,1.899928
0.213250,-1.766607
0.213750,-1.717781
0.214250,-0.002169
0.214750,-0.326974
0.215250,-1.245381
0.215750,0.178157
0.216250,0.662221
0.216750,0.212544
0.217250,-2.921648
0.217750,-1.765534
0.218250,0.472402
0.218750,0.616935
0.219250,-1.159575
0.219750,0.524352
0.220250,1.344927
0.220750,-1.249036
0.221250,-0.659886
0.221750,0.563018
0.222250,0.709084
0.222750,-0.413682
0.223250,0.055578
0.223750,-4.654558
0.224250,0.400793
0.224750,-0.336271
0.225250,0.417674
0.225750,-1.041127
0.226250,-2.594541
0.226750,-1.798529
0.227250,-0.563676
0.227750,1.201417
0.228250,-0.991746
0.228750,-0.437279
0.229250,-2.571932
0.229750,-0.127543
0.230250,1.340226
0.230750,1.018440
0.231250,1.962889
0.231750,1.836012
0.232250,-1.645855
0.232750,-1.455665
0.233250,0.927970
0.233750,1.170395
0.234250,-1.746164
0.234750,2.395213
0.235250,-0.482789
0.235750,1.784873
0.236250,-2.623951
0.236750,0.436370
0.237250,-0.811257
0.237750,-0.424817
0.238250,0.160371
0.238750,-2.086682
0.239250,-1.860845
0.239750,0.464703
0.240250,-2.163601
0.240750,-0.554500
0.241250,0.459762
0.241750,0.365163
0.242250,-1.945593
0.242750,-2.054113
0.243250,-1.268578
0.243750,-2.047772
0.244250,1.665581
0.244750,0.837019
0.245250,-0.046090
0.245750,-0.555217
0.246250,-0.899049
0.246750,3.308606
0.247250,-0.363600
0.247750,2.239958
0.248250,-0.111275
0.248750,0.161124
0.249250,0.321147
0.249750,0.208120
0.250250,1.695284
0.250750,-2.053584
0.251250,1.013709
0.251750,1.922791
0.252250,-0.156576
0.252750,-0.861419
0.253250,0.331918
0.253750,2.100524
0.254250,-0.563489
0.254750,-0.937888
0.255250,-0.323875
0.255750,-2.310445
0.256250,1.080159
0.256750,2.811082
0.257250,3.380376
0.257750,-1.463800
0.258250,0.674648
0.258750,-1.166421
0.259250,1.011285
0.259750,0.090008
0.260250,0.102177
0.260750,-0.018679
0.261250,0.161826
0.261750,-0.076928
0.262250,1.674292
0.262750,0.098669
0.263250,-0.081208
0.263750,-1.028263
0.264250,0.588008
0.264750,-3.176273
0.265250,-1.133792
0.265750,-1.612982
0.266250,0.231083
0.266750,0.451728
0.267250,0.096669
0.267750,0.736733
0.268250,-0.350701
0.268750,-1.346510
0.269250,0.118748
0.269750,-1.474460
0.270250,1.899404
0.270750,-1.210353
0.271250,0.227944
0.271750,-0.140360
0.272250,1.485532
0.272750,-0.595746
0.273250,-0.878767
0.273750,2.960287
0.274250,3.905544
0.274750,2.356932
0.275250,1.991816
0.275750,2.068339
0.276250,-0.139111
0.276750,0.780243
0.277250,-0.594189
0.277750,0.704537
0.278250,1.826937
0.278750,3.111316
0.279250,-2.435711
0.279750,-1.339351
0.280250,0.622103
0.280750,-0.496012
0.281250,0.478125
0.281750,0.178307
0.282250,2.172111
0.282750,-1.912608
0.283250,-0.667907
0.283750,-0.388433
0.284250,-0.593901
0.284750,-0.644454
0.285250,1.672157
0.285750,-3.258424
0.286250,0.149764
0.286750,-0.173448
0.287250,-0.616068
0.287750,-2.807763
0.288250,-2.186810
0.288750,2.085360
0.289250,-1.098542
0.289750,0.005744
0.290250,-2.517794
0.290750,-1.471580
0.291250,2.307750
0.291750,0.469143
0.292250,-0.002703
0.292750,0.417824
0.293250,1.548224
0.293750,0.392269
0.294250,1.769555
0.294750,-1.468731
0.295250,0.514511
0.295750,-0.652375
0.296250,0.218089
0.296750,-1.292737
0.297250,0.047065
0.297750,-3.507005
0.298250,0.289012
0.298750,-0.986056
0.299250,1.979385
0.299750,0.704651
0.300250,-0.906889
0.300750,-0.267206
0.301250,1.391801
0.301750,2.997884
0.302250,-0.154529
0.302750,1.324567
0.303250,1.436458
0.303750,-0.802780
0.304250,-1.092238
0.304750,0.035045
0.305250,-0.501303
0.305750,-2.088958
0.306250,-0.009333
0.306750,3.898157
0.307250,-2.350281
0.307750,2.006386
0.308250,3.131181
0.308750,3.171182
0.309250,-1.554053
0.309750,0.087178
0.310250,-3.638553
0.310750,0.404929
0.311250,-0.741242
0.311750,1.941787
0.312250,-0.582959
0.312750,2.102341
0.313250,-1.182543
0.313750,-2.977277
0.314250,-2.255896
0.314750,1.496763
0.315250,0.167194
0.315750,3.836235
0.316250,0.102313
0.316750,2.501637
0.317250,1.411432
0.317750,-0.558588
0.318250,1.381672
0.318750,-1.111140
0.319250,-1.792347
0.319750,-1.250806
0.320250,3.021513
0.320750,-0.439121
0.321250,0.521363
0.321750,1.745139
0.322250,3.563335
0.322750,1.504116
0.323250,1.368470
0.323750,2.326346
0.324250,1.845503
0.324750,0.640941
0.325250,1.643121
0.325750,0.614698
0.326250,0.344619
0.326750,1.634678
0.327250,1.750300
0.327750,-0.447716
0.328250,0.544877
0.328750,-0.250368
0.329250,-1.884043
0.329750,-0.102867
0.330250,0.896018
0.330750,-2.831280
0.331250,2.046858
0.331750,-2.005983
0.332250,0.508900
0.332750,1.511137
0.333250,-0.572542
0.333750,-0.487464
0.334250,-1.679167
0.334750,-1.220876
0.335250,-0.004552
0.335750,-0.314735
0.336250,-0.539186
0.336750,-0.601740
0.337250,0.728016
0.337750,1.727715
0.338250,2.981799
0.338750,1.004661
0.339250,0.982397
0.339750,3.819880
0.340250,1.717164
0.340750,0.713279
0.341250,1.888654
0.341750,-1.083543
0.342250,0.274130
0.342750,-2.248725
0.343250,1.315958
0.343750,1.286845
0.344250,-1.132923
0.344750,2.650733
0.345250,-0.424001
0.345750,2.982852
0.346250,-1.380384
0.346750,0.905694
0.347250,0.427352
0.347750,0.859562
0.348250,2.352130
0.348750,-0.045513
0.349250,0.290167
0.349750,0.652854
0.350250,0.766476
0.350750,-4.121777
0.351250,-4.696118
0.351750,2.010044
0.352250,0.759609
0.352750,2.702148
0.353250,1.063052
0.353750,1.037009
0.354250,1.554599
0.354750,3.903158
0.355250,-0.272809
0.355750,2.379702
0.356250,2.186393
0.356750,4.005030
0.357250,0.417932
0.357750,0.379630
0.358250,-1.465962
0.358750,3.960370
0.359250,3.633792
0.359750,-0.869214
0.360250,-3.000006
0.360750,1.092747
0.361250,-3.351102
0.361750,0.854841
0.362250,0.612530
0.362750,2.905082
0.363250,0.196423
0.363750,1.697141
0.364250,2.477258
0.364750,-0.046327
0.365250,1.877524
0.365750,3.417861
0.366250,0.079275
0.366750,1.151595
0.367250,-0.249322
0.367750,1.375973
0.368250,3.303577
0.368750,-0.168411
0.369250,-0.260906
0.369750,1.615577
0.370250,-1.114856
0.370750,-1.275967
0.371250,1.446255
0.371750,0.167121
0.372250,-0.733556
0.372750,0.490770
0.373250,-0.768440
0.373750,2.418889
0.374250,-0.650924
0.374750,0.797987
0.375250,3.250267
0.375750,-0.476809
0.376250,2.312966
0.376750,1.842617
0.377250,0.719536
0.377750,3.092950
0.378250,1.858130
0.378750,0.772369
0.379250,-2.380217
0.379750,2.838452
0.380250,-2.603163
0.380750,3.533451
0.381250,0.934990
0.381750,1.433167
0.382250,2.199817
0.382750,1.687134
0.383250,1.773659
0.383750,0.524087
0.384250,1.065664
0.384750,1.673415
0.385250,-0.592756
0.385750,0.473006
0.386250,3.610808
0.386750,1.207244
0.387250,-1.978386
0.387750,1.836731
0.388250,1.337818
0.388750,1.211988
0.389250,3.404554
0.389750,0.785899
0.390250,-0.534598
0.390750,-0.294983
0.391250,0.071887
0.391750,1.482352
0.392250,0.125165
0.392750,1.914194
0.393250,-1.583387
0.393750,3.321722
0.394250,-0.423080
0.394750,2.569759
0.395250,2.549935
0.395750,2.540518
0.396250,0.438923
0.396750,-0.815791
0.397250,2.935087
0.397750,3.568172
0.398250,1.160551
0.398750,-0.542725
0.399250,1.823036
0.399750,0.836635
0.400250,1.224340
0.400750,3.186018
0.401250,0.432344
0.401750,2.597201
0.402250,1.615732
0.402750,-0.941486
0.403250,-0.978894
0.403750,0.590097
0.404250,2.303017
0.404750,-1.759186
0.405250,3.371678
0.405750,-0.664118
0.406250,1.359930
0.406750,-3.481644
0.407250,0.103461
0.407750,3.925177
0.408250,0.722016
0.408750,1.437312
0.409250,0.246193
0.409750,-2.857895
0.410250,2.260810
0.410750,1.474389
0.411250,2.229909
0.411750,2.837103
0.412250,2.686919
0.412750,2.639034
0.413250,-0.890681
0.413750,0.344848
0.414250,1.264867
0.414750,1.146997
0.415250,2.959091
0.415750,1.697650
0.416250,0.555005
0.416750,-0.452631
0.417250,-0.401302
0.417750,2.588137
0.418250,3.816880
0.418750,1.539980
0.419250,4.015895
0.419750,1.970199
0.420250,4.093812
0.420750,-0.382197
0.421250,2.864189
0.421750,2.623922
0.422250,2.593118
0.422750,1.037044
0.423250,-0.547808
0.423750,2.660508
0.424250,1.910166
0.424750,1.791915
0.425250,0.198666
0.425750,-0.670315
0.426250,2.643837
0.426750,-0.322271
0.427250,1.026993
0.427750,4.270051
0.428250,0.698692
0.428750,2.748206
0.429250,0.852821
0.429750,0.779300
0.430250,1.719650
0.430750,5.234306
0.431250,-0.553764
0.431750,1.469527
0.432250,-0.678152
0.432750,-2.247621
0.433250,1.048930
0.433750,1.102640
0.434250,0.056486
0.434750,2.384902
0.435250,0.249004
0.435750,0.238837
0.436250,0.798405
0.436750,1.115147
0.437250,-2.173474
0.437750,-5.521098
0.438250,2.381677
0.438750,-1.198753
0.439250,-0.047573
0.439750,-0.859491
0.440250,3.117587
0.440750,0.494658
0.441250,2.635945
0.441750,1.256782
0.442250,1.602169
0.442750,3.198180
0.443250,-3.056009
0.443750,1.642250
0.444250,3.509073
0.444750,2.173218
0.445250,0.480042
0.445750,0.409990
0.446250,3.367519
0.446750,0.222989
0.447250,3.800388
0.447750,-0.039890
0.448250,3.583334
0.448750,5.723957
0.449250,1.836701
0.449750,0.631652
0.450250,2.634216
0.450750,1.337283
0.451250,2.951492
0.451750,2.553294
0.452250,3.060547
0.452750,4.892047
0.453250,-0.386500
0.453750,0.709071
0.454250,2.988130
0.454750,2.076003
0.455250,4.824401
0.455750,2.158694
0.456250,1.696284
0.456750,1.087819
0.457250,-0.071310
0.457750,4.044381
0.458250,-1.891541
0.458750,1.994517
0.459250,3.223021
0.459750,-0.136716
0.460250,2.061128
0.460750,1.131201
0.461250,4.402225
0.461750,0.220518
0.462250,2.347079
0.462750,0.853770
0.463250,2.409319
0.463750,5.491707
0.464250,-0.111893
0.464750,1.069343
0.465250,0.285767
0.465750,4.648374
0.466250,3.802353
0.466750,-0.484145
0.467250,0.375030
0.467750,-1.231881
0.468250,1.081998
0.468750,2.263615
0.469250,2.698865
0.469750,2.852346
0.470250,3.007504
0.470750,2.284014
0.471250,5.429251
0.471750,2.565954
0.472250,0.565653
0.472750,1.383649
0.473250,1.309343
0.473750,2.252286
0.474250,2.515968
0.474750,-2.688925
0.475250,2.361603
0.475750,5.967306
0.476250,2.725034
0.476750,2.213189
0.477250,2.110312
0.477750,3.144259
0.478250,-1.797349
0.478750,1.262514
0.479250,0.143913
0.479750,-0.261414
0.480250,1.772636
0.480750,0.700659
0.481250,1.747389
0.481750,0.292507
0.482250,0.077397
0.482750,1.349853
0.483250,2.762657
0.483750,-1.466565
0.484250,-2.125482
0.484750,2.179100
0.485250,-1.819387
0.485750,3.052574
0.486250,2.254040
0.486750,1.350010
0.487250,-0.487774
0.487750,0.190587
0.488250,-0.931590
0.488750,-1.819737
0.489250,-0.243026
0.489750,4.362519
0.490250,-1.024920
0.490750,1.399818
0.491250,2.256573
0.491750,0.962482
0.492250,3.488570
0.492750,2.146586
0.493250,1.300069
0.493750,5.523887
0.494250,-1.277138
0.494750,0.558766
0.495250,0.773928
0.495750,4.686407
0.496250,1.672663
0.496750,0.674800
0.497250,-4.718039
0.497750,-0.053281
0.498250,2.558983
0.498750,1.670766
0.499250,0.961037
0.499750,3.976500
0.500250,3.387202
0.500750,3.147188
0.501250,3.152147
0.501750,8.047013
0.502250,2.766474
0.502750,2.618062
0.503250,1.578767
0.503750,0.701315
0.504250,1.130362
0.504750,6.080198
0.505250,4.963956
0.505750,2.217192
0.506250,2.325826
0.506750,2.121415
0.507250,-2.561929
0.507750,-0.408283
0.508250,0.174741
0.508750,2.199710
0.509250,2.742488
0.509750,2.050460
0.510250,5.595723
0.510750,-0.483295
0.511250,5.343553
0.511750,0.149757
0.512250,2.252018
0.512750,4.532922
0.513250,1.719082
0.513750,-0.144997
0.514250,2.556228
0.514750,0.849211
0.515250,1.781578
0.515750,-2.326644
0.516250,1.837812
0.516750,0.602977
0.517250,1.280573
0.517750,1.883082
0.518250,5.232788
0.518750,-2.020447
0.519250,2.806765
0.519750,-1.695597
0.520250,2.656249
0.520750,0.243546
0.521250,2.367774
0.521750,-3.240051
0.522250,3.408897
0.522750,0.928359
0.523250,3.178137
0.523750,3.217563
0.524250,0.764139
0.524750,-0.060816
0.525250,2.720888
0.525750,-0.979678
0.526250,1.169441
0.526750,-0.244800
0.527250,-0.844395
0.527750,1.675880
0.528250,2.182562
0.528750,4.928554
0.529250,-2.721153
0.529750,0.276885
0.530250,3.591820
0.530750,1.671692
0.531250,1.662144
0.531750,-0.954542
0.532250,0.587120
0.532750,1.164552
0.533250,1.141442
0.533750,-0.697192
0.534250,-0.802910
0.534750,1.810417
0.535250,4.179276
0.535750,2.599624
0.536250,1.274084
0.536750,1.763398
0.537250,-0.903667
0.537750,2.289369
0.538250,0.511196
0.538750,3.873077
0.539250,-2.201521
0.539750,-0.107858
0.540250,-0.628585
0.540750,0.391805
0.541250,0.711512
0.541750,-0.989048
0.542250,2.356004
0.542750,-0.086350
0.543250,3.027196
0.543750,-0.778637
0.544250,-0.294693
0.544750,-1.688705
0.545250,3.787219
0.545750,-0.967625
0.546250,-0.126141
0.546750,1.652886
0.547250,2.646470
0.547750,0.996821
0.548250,3.155609
0.548750,4.289769
0.549250,-2.319688
0.549750,-1.702056
0.550250,-0.712339
0.550750,0.296466
0.551250,-1.246076
0.551750,-0.639089
0.552250,4.897090
0.552750,5.902009
0.553250,3.108838
0.553750,2.387112
0.554250,0.298001
0.554750,3.433894
0.555250,-0.734260
0.555750,1.132319
0.556250,0.663611
0.556750,3.786752
0.557250,1.399392
0.557750,-1.376532
0.558250,5.582859
0.558750,-0.836298
0.559250,-2.936030
0.559750,-1.611344
0.560250,-2.804795
0.560750,1.139215
0.561250,0.193604
0.561750,6.267886
0.562250,-1.976524
0.562750,-2.779237
0.563250,-0.995060
0.563750,1.173160
0.564250,-1.016777
0.564750,0.530515
0.565250,3.701361
0.565750,1.881030
0.566250,3.951513
0.566750,-0.019642
0.567250,-1.626583
0.567750,3.650075
0.568250,4.409176
0.568750,3.815678
0.569250,1.304394
0.569750,1.295500
0.570250,-1.274303
0.570750,-0.511569
0.571250,0.400529
0.571750,0.330189
0.572250,-0.916650
0.572750,4.627867
0.573250,-1.629028
0.573750,-0.649590
0.574250,5.165436
0.574750,2.589114
0.575250,-1.105699
0.575750,-1.316536
0.576250,-0.161414
0.576750,1.614081
0.577250,2.773284
0.577750,3.487327
0.578250,-1.988184
0.578750,3.392186
0.579250,-1.615287
0.579750,-0.615284
0.580250,-1.372605
0.580750,0.298282
0.581250,-1.013022
0.581750,1.509771
0.582250,5.440743
0.582750,0.451489
0.583250,3.124484
0.583750,1.534737
0.584250,2.002992
0.584750,3.679558
0.585250,1.054115
0.585750,-0.658692
0.586250,-1.390831
0.586750,-1.328755
0.587250,4.745535
0.587750,-1.661714
0.588250,-2.229018
0.588750,-1.408763
0.589250,0.773933
0.589750,-2.360671
0.590250,-1.406668
0.590750,-1.457191
0.591250,-0.541699
0.591750,-2.588865
0.592250,2.421786
0.592750,-1.201269
0.593250,1.629969
0.593750,2.512339
0.594250,-2.362832
0.594750,-1.326170
0.595250,-0.293013
0.595750,-0.786552
0.596250,4.811844
0.596750,0.751317
0.597250,-0.644299
0.597750,-1.209218
0.598250,0.309630
0.598750,2.784619
0.599250,-2.316556
0.599750,0.773847
0.600250,5.310855
0.600750,-2.525521
0.601250,0.363068
0.601750,-4.463953
0.602250,7.331174
0.602750,-1.555095
0.603250,1.738334
0.603750,2.315851
0.604250,-2.859682
0.604750,-3.581578
0.605250,-2.395661
0.605750,-1.432856
0.606250,1.711701
0.606750,-3.009332
0.607250,0.857782
0.607750,-1.743622
0.608250,-2.981346
0.608750,0.392395
0.609250,0.949997
0.609750,-2.891261
0.610250,3.165847
0.610750,0.136574
0.611250,2.488923
0.611750,3.301982
0.612250,0.827864
0.612750,-0.972888
0.613250,2.270454
0.613750,-2.757616
0.614250,-2.167140
0.614750,-1.533434
0.615250,-2.115398
0.615750,1.410331
0.616250,-2.418498
0.616750,2.032173
0.617250,2.988365
0.617750,-0.332757
0.618250,1.091611
0.618750,1.598160
0.619250,0.631348
0.619750,-2.000918
0.620250,-0.300136
0.620750,-0.783826
0.621250,3.666420
0.621750,1.761537
0.622250,0.584580
0.622750,-3.075759
0.623250,4.691200
0.623750,3.999883
0.624250,-1.593614
0.624750,1.653020
0.625250,1.145897
0.625750,-0.456831
0.626250,5.909399
0.626750,0.150679
0.627250,-3.935874
0.627750,-1.225233
0.628250,-3.926460
0.628750,-1.517955
0.629250,0.128065
0.629750,-0.650458
0.630250,-2.049511
0.630750,-4.065161
0.631250,-0.368394
0.631750,1.676685
0.632250,1.526856
0.632750,2.295010
0.633250,-0.236840
0.633750,-0.353360
0.634250,0.451304
0.634750,-0.325117
0.635250,2.254950
0.635750,1.613059
0.636250,-4.443430
0.636750,-1.002356
0.637250,-0.355197
0.637750,-0.402660
0.638250,-8.490765
0.638750,-2.803522
0.639250,-3.984201
0.639750,2.177557
0.640250,0.818944
0.640750,-4.552248
0.641250,1.264780
0.641750,-2.779887
0.642250,-0.891143
0.642750,-0.131846
0.643250,1.289662
0.643750,3.597059
0.644250,-4.431043
0.644750,-4.493013
0.645250,-3.170685
0.645750,-1.281206
0.646250,0.376220
0.646750,0.506430
0.647250,1.201636
0.647750,-5.364846
0.648250,-2.563864
0.648750,-2.162143
0.649250,-3.931250
0.649750,-4.391734
0.650250,1.079621
0.650750,1.912776
0.651250,-1.849085
0.651750,-3.049318
0.652250,0.391072
0.652750,0.101616
0.653250,0.512425
0.653750,-1.691191
0.654250,-1.094257
0.654750,-2.689759
0.655250,-4.433154
0.655750,1.752023
0.656250,-0.109725
0.656750,3.596588
0.657250,-4.761211
0.657750,-0.761243
0.658250,-1.821279
0.658750,-3.076979
0.659250,-3.920483
0.659750,-1.642248
0.660250,-6.471739
0.660750,0.429479
0.661250,4.300786
0.661750,-4.548588
0.662250,3.644791
0.662750,-4.405050
0.663250,-1.963304
0.663750,-1.772605
0.664250,7.677631
0.664750,0.609541
0.665250,-1.093557
0.665750,1.479712
0.666250,2.318542
0.666750,2.370796
0.667250,-1.998956
0.667750,1.479351
0.668250,-7.376440
0.668750,-5.036538
0.669250,-2.093884
0.669750,-5.937771
0.670250,-0.615383
0.670750,0.148880
0.671250,-1.727410
0.671750,-5.034267
0.672250,0.963216
0.672750,1.052247
0.673250,-0.777401
0.673750,2.070158
0.674250,-3.196053
0.674750,-3.097283
0.675250,-3.420688
0.675750,0.283783
0.676250,-3.745452
0.676750,1.002434
0.677250,1.476723
0.677750,-2.466439
0.678250,-3.644439
0.678750,-2.358205
0.679250,0.948390
0.679750,-5.932749
0.680250,2.689704
0.680750,0.905943
0.681250,-2.758915
0.681750,-5.270337
0.682250,-1.788764
0.682750,-1.934296
0.683250,1.150880
0.683750,-0.409519
0.684250,-0.320993
0.684750,-2.220099
0.685250,-3.868647
0.685750,1.290724
0.686250,-1.931649
0.686750,0.668698
0.687250,1.545634
0.687750,2.337903
0.688250,-4.759202
0.688750,-4.030549
0.689250,-2.311690
0.689750,1.197572
0.690250,0.533311
0.690750,5.399528
0.691250,-5.722497
0.691750,-2.589848
0.692250,-1.071551
0.692750,-1.461258
0.693250,-8.113133
0.693750,0.470023
0.694250,0.190664
0.694750,-2.795845
0.695250,-5.332784
0.695750,-6.350084
0.696250,0.696531
0.696750,-2.514621
0.697250,-2.480188
0.697750,-0.669032
0.698250,3.491867
0.698750,-2.706988
0.699250,-1.463628
0.699750,-1.744785
0.700250,0.828025
0.700750,-0.725975
0.701250,-3.307950
0.701750,-6.159234
0.702250,-1.165841
0.702750,1.253120
0.703250,-0.034558
0.703750,-0.293476
0.704250,-3.074382
0.704750,-0.295537
0.705250,-3.259495
0.705750,-3.714512
0.706250,-5.468292
0.706750,-3.373417
0.707250,2.643252
0.707750,-3.850861
0.708250,-1.948950
0.708750,1.312873
0.709250,-1.027091
0.709750,0.902896
0.710250,-0.128692
0.710750,-0.151424
0.711250,-2.932752
0.711750,0.652925
0.712250,-4.467342
0.712750,-1.790034
0.713250,-1.607321
0.713750,-2.273012
0.714250,-2.987931
0.714750,-0.290525
0.715250,0.162568
0.715750,-5.765704
0.716250,-4.256840
0.716750,-1.270088
0.717250,-3.106791
0.717750,-5.664225
0.718250,-3.632702
0.718750,0.037386
0.719250,0.451542
0.719750,-0.720580
0.720250,2.262217
0.720750,2.055552
0.721250,-4.169644
0.721750,-1.828712
0.722250,-0.704075
0.722750,-2.393579
0.723250,-1.118390
0.723750,-3.758328
0.724250,4.630836
0.724750,1.309824
0.725250,-3.603628
0.725750,4.222722
0.726250,-0.434258
0.726750,-4.534181
0.727250,-0.936864
0.727750,-4.729165
0.728250,0.550692
0.728750,-3.097155
0.729250,-2.278641
0.729750,-5.792916
0.730250,-5.338333
0.730750,-0.872682
0.731250,0.107606
0.731750,-2.161157
0.732250,-4.757068
0.732750,1.329517
0.733250,4.623517
0.733750,-2.021032
0.734250,-5.039285
0.734750,-3.262565
0.735250,-0.570897
0.735750,-1.139671
0.736250,-0.770367
0.736750,-2.100624
0.737250,-2.692590
0.737750,1.812277
0.738250,-6.747921
0.738750,-2.186382
0.739250,-7.976820
0.739750,1.647081
0.740250,-2.946103
0.740750,-0.696604
0.741250,-1.761264
0.741750,-2.242648
0.742250,-1.510631
0.742750,0.179787
0.743250,-0.961215
0.743750,-1.694123
0.744250,-2.976190
0.744750,1.377416
0.745250,-0.363271
0.745750,-1.044752
0.746250,-4.235835
0.746750,-2.969210
0.747250,-1.907756
0.747750,0.290371
0.748250,-2.235585
0.748750,1.506559
0.749250,-6.626335
0.749750,-1.426265
0.750250,2.707959
0.750750,-4.249564
0.751250,0.760304
0.751750,-1.190746
0.752250,-2.163719
0.752750,0.066566
0.753250,-4.597449
0.753750,4.121880
0.754250,-6.658293
0.754750,-5.427641
0.755250,-1.415616
0.755750,-5.758716
0.756250,1.673563
0.756750,-2.772899
0.757250,-1.606642
0.757750,-1.643642
0.758250,-0.166272
0.758750,-3.869434
0.759250,-0.878459
0.759750,-3.511187
0.760250,-4.165242
0.760750,1.547702
0.761250,-3.540911
0.761750,-3.102002
0.762250,-6.134553
0.762750,-6.572471
0.763250,0.535309
0.763750,-1.336866
0.764250,-0.874078
0.764750,-1.165726
0.765250,-3.243056
0.765750,-3.914214
0.766250,-1.132077
0.766750,-1.102114
0.767250,-2.784443
0.767750,-0.273845
0.768250,-3.056937
0.768750,-0.852955
0.769250,-4.568096
0.769750,-1.774592
0.770250,-1.023565
0.770750,1.218554
0.771250,-2.018095
0.771750,-4.874531
0.772250,-2.241080
0.772750,-4.992435
0.773250,-3.479967
0.773750,-8.602891
0.774250,1.506943
0.774750,-5.210814
0.775250,-5.321640
0.775750,2.548489
0.776250,1.689210
0.776750,0.515883
0.777250,-0.232623
0.777750,-5.926935
0.778250,-4.777413
0.778750,-2.508672
0.779250,-6.527802
0.779750,-5.972459
0.780250,-3.159323
0.780750,-3.289642
0.781250,-0.893688
0.781750,-3.411545
0.782250,-5.317513
0.782750,-4.609944
0.783250,-2.289339
0.783750,-5.020047
0.784250,4.341037
0.784750,1.475450
0.785250,-4.553271
0.785750,-1.255540
0.786250,-1.728208
0.786750,0.413165
0.787250,-6.820607
0.787750,2.154197
0.788250,-1.494566
0.788750,-4.216041
0.789250,2.239711
0.789750,-1.536668
0.790250,-4.324255
0.790750,-0.427739
0.791250,-7.836704
0.791750,-0.634085
0.792250,-8.564780
0.792750,0.098412
0.793250,-1.415905
0.793750,-2.785740
0.794250,-5.277045
0.794750,-4.512981
0.795250,-7.133453
0.795750,1.542914
0.796250,-1.501651
0.796750,-3.457749
0.797250,3.323320
0.797750,-2.010532
0.798250,-1.793852
0.798750,0.030076
0.799250,-1.331348
0.799750,1.237720
0.800250,-6.625797
0.800750,-0.598604
0.801250,-2.941944
0.801750,-3.022399
0.802250,-3.789049
0.802750,-3.641646
0.803250,-6.143373
0.803750,-2.723056
0.804250,-3.413247
0.804750,-1.029935
0.805250,-1.039918
0.805750,-8.984585
0.806250,1.689784
0.806750,0.733799
0.807250,-5.333101
0.807750,-2.625522
0.808250,-2.562378
0.808750,-0.500713
0.809250,-0.890234
0.809750,1.084229
0.810250,2.218170
0.810750,-0.386510
0.811250,-8.288790
0.811750,1.243618
0.812250,-3.069581
0.812750,-4.301157
0.813250,-3.918687
0.813750,-1.375182
0.814250,-4.856169
0.814750,-2.754308
0.815250,-4.287674
0.815750,4.914196
0.816250,-2.314763
0.816750,-1.381274
0.817250,-4.397132
0.817750,-6.581594
0.818250,2.059698
0.818750,-3.436397
0.819250,-0.090201
0.819750,-4.882364
0.820250,-6.000840
0.820750,-6.494599
0.821250,-3.349816
0.821750,-5.354942
0.822250,2.343800
0.822750,-4.971087
0.823250,-1.200633
0.823750,-0.364643
0.824250,-5.669573
0.824750,1.377579
0.825250,0.253231
0.825750,-6.594120
0.826250,-1.100120
0.826750,1.990299
0.827250,-1.882382
0.827750,-0.775907
0.828250,1.702754
0.828750,-4.213569
0.829250,4.246483
0.829750,-1.621682
0.830250,-2.142504
0.830750,-2.838565
0.831250,-4.870822
0.831750,-2.918916
0.832250,-5.083146
0.832750,-0.012293
0.833250,-0.388072
0.833750,0.406086
0.834250,-1.779265
0.834750,-1.649782
0.835250,1.147655
0.835750,-3.987377
0.836250,2.476652
0.836750,2.347993
0.837250,-1.941616
0.837750,-6.134030
0.838250,-4.664800
0.838750,-5.007939
0.839250,-6.048695
0.839750,-0.929220
0.840250,-5.901338
0.840750,0.331238
0.841250,-4.995684
0.841750,-3.809443
0.842250,-8.290594
0.842750,-3.786148
0.843250,-4.145926
0.843750,1.393891
0.844250,-6.745253
0.844750,-3.174607
0.845250,-4.112414
0.845750,-4.579580
0.846250,-5.562929
0.846750,0.972263
0.847250,-0.620670
0.847750,-3.291511
0.848250,-3.087335
0.848750,-0.196213
0.849250,-5.898803
0.849750,-5.063537
0.850250,-2.451401
0.850750,2.235131
0.851250,1.357861
0.851750,-1.309232
0.852250,-7.690861
0.852750,1.777574
0.853250,-0.656639
0.853750,-9.960721
0.854250,0.505997
0.854750,-2.449692
0.855250,-5.892511
0.855750,-1.380988
0.856250,-2.166761
0.856750,-3.809943
0.857250,-2.422535
0.857750,-3.417770
0.858250,-4.607389
0.858750,-4.333751
0.859250,-1.066788
0.859750,-2.839476
0.860250,-6.855438
0.860750,-3.566211
0.861250,-2.308731
0.861750,-3.509515
0.862250,1.198065
0.862750,-2.938074
0.863250,-3.519043
0.863750,-0.184394
0.864250,-3.430703
0.864750,0.995399
0.865250,3.950778
0.865750,-2.249768
0.866250,1.465107
0.866750,-0.179061
0.867250,-5.086115
0.867750,1.598400
0.868250,-3.538218
0.868750,-1.258230
0.869250,-0.339799
0.869750,-3.522101
0.870250,-11.554349
0.870750,-1.872297
0.871250,-5.152740
0.871750,-4.061813
0.872250,-3.090939
0.872750,0.605109
0.873250,0.613929
0.873750,-1.328945
0.874250,-0.851522
0.874750,-3.880759
0.875250,-2.128359
0.875750,-2.105520
0.876250,1.777146
0.876750,-5.291534
0.877250,1.555899
0.877750,-0.051981
0.878250,-7.253396
0.878750,-1.198869
0.879250,-0.470145
0.879750,0.036766
0.880250,0.228716
0.880750,-0.904652
0.881250,-4.556939
0.881750,-1.827312
0.882250,-5.741287
0.882750,-2.857573
0.883250,-2.414445
0.883750,0.941436
0.884250,-4.120174
0.884750,-4.888985
0.885250,-6.567693
0.885750,-3.544401
0.886250,0.749463
0.886750,-4.081338
0.887250,2.537454
0.887750,-2.608392
0.888250,-7.405241
0.888750,-3.622191
0.889250,-1.602693
0.889750,0.756675
0.890250,1.365107
0.890750,-0.437413
0.891250,-3.469798
0.891750,-5.276117
0.892250,-1.182218
0.892750,2.919070
0.893250,-6.217182
0.893750,1.604227
0.894250,-4.748846
0.894750,-3.139800
0.895250,-6.539683
0.895750,-1.011891
0.896250,-2.269229
0.896750,-0.171451
0.897250,0.197040
0.897750,-4.587244
0.898250,-0.969533
0.898750,-5.261049
0.899250,-3.592356
0.899750,-5.057677
0.900250,-4.426838
0.900750,-2.062817
0.901250,-7.807294
0.901750,-1.564016
0.902250,-4.431119
0.902750,-2.618989
0.903250,1.480315
0.903750,-2.116260
0.904250,-4.312258
0.904750,-6.616001
0.905250,-1.587273
0.905750,-7.239819
0.906250,-3.465438
0.906750,-3.839397
0.907250,-8.720943
0.907750,-3.845273
0.908250,-0.368353
0.908750,-3.515933
0.909250,-5.105665
0.909750,-0.873356
0.910250,-5.189124
0.910750,-6.131215
0.911250,1.338922
0.911750,4.379465
0.912250,-6.748655
0.912750,0.168497
0.913250,-2.552742
0.913750,0.727659
0.914250,0.078869
0.914750,-2.618149
0.915250,-1.721418
0.915750,-7.984552
0.916250,-2.318038
0.916750,3.350869
0.917250,-5.472833
0.917750,-3.624875
0.918250,1.338384
0.918750,1.274089
0.919250,-2.672547
0.919750,-1.960589
0.920250,-2.249394
0.920750,-0.960745
0.921250,1.840951
0.921750,-0.872468
0.922250,-4.979219
0.922750,-0.019396
0.923250,-0.500891
0.923750,-6.716182
0.924250,-5.866105
0.924750,1.104326
0.925250,-1.640593
0.925750,-2.055151
0.926250,-2.404816
0.926750,1.599158
0.927250,-1.440776
0.927750,1.649186
0.928250,-1.386576
0.928750,-2.524801
0.929250,-2.381933
0.929750,-0.779119
0.930250,6.827925
0.930750,0.944065
0.931250,-2.119594
0.931750,-3.893830
0.932250,-0.375837
0.932750,2.331588
0.933250,3.387665
0.933750,-3.961510
0.934250,-1.520314
0.934750,-2.857825
0.935250,-8.897274
0.935750,-1.241031
0.936250,-5.614945
0.936750,-3.320489
0.937250,-1.723354
0.937750,-5.716143
0.938250,1.389144
0.938750,3.645855
0.939250,-3.384800
0.939750,0.831178
0.940250,-2.797248
0.940750,-3.626554
0.941250,2.046755
0.941750,-3.534685
0.942250,-5.279048
0.942750,-6.063146
0.943250,-1.818765
0.943750,-2.924825
0.944250,-4.145847
0.944750,-5.727710
0.945250,-2.601466
0.945750,-5.747806
0.946250,3.592451
0.946750,-2.415578
0.947250,2.588622
0.947750,-0.939055
0.948250,1.028465
0.948750,6.799666
0.949250,0.071137
0.949750,2.287142
0.950250,2.495843
0.950750,-0.972401
0.951250,-4.991445
0.951750,0.107425
0.952250,4.386509
0.952750,-3.039315
0.953250,-2.133733
0.953750,0.645715
0.954250,-0.767223
0.954750,-2.635946
0.955250,-7.351505
0.955750,-4.304636
0.956250,-4.039556
0.956750,0.863008
0.957250,-2.604692
0.957750,0.654493
0.958250,1.865658
0.958750,0.819475
0.959250,-0.675649
0.959750,2.361404
0.960250,-5.477556
0.960750,2.040540
0.961250,-7.264710
0.961750,-1.577471
0.962250,-2.320970
0.962750,0.424566
0.963250,-2.324757
0.963750,-0.700501
0.964250,4.239464
0.964750,-2.455643
0.965250,-2.305881
0.965750,-5.717461
0.966250,1.236239
0.966750,-3.606341
0.967250,-2.412912
0.967750,-1.683801
0.968250,-0.222835
0.968750,-1.977570
0.969250,-3.945124
0.969750,-2.327384
0.970250,-0.024933
0.970750,-5.523363
0.971250,-7.768013
0.971750,-7.606867
0.972250,-6.952762
0.972750,-4.248893
0.973250,-1.827940
0.973750,-8.229715
0.974250,2.596280
0.974750,-6.278521
0.975250,-4.468422
0.975750,-0.745837
0.976250,0.202949
0.976750,2.625560
0.977250,-0.286800
0.977750,-0.676119
0.978250,3.212992
0.978750,-4.188920
0.979250,-0.747512
0.979750,-8.510833
0.980250,-1.225228
0.980750,0.991160
0.981250,-3.882481
0.981750,-0.853396
0.982250,-2.275191
0.982750,1.404576
0.983250,2.172368
0.983750,-0.948769
0.984250,7.805777
0.984750,-2.900338
0.985250,0.397634
0.985750,1.563540
0.986250,3.505483
0.986750,2.349499
0.987250,-2.502772
0.987750,-2.881561
0.988250,1.513537
0.988750,-4.132362
0.989250,-3.551499
0.989750,-1.007691
0.990250,-0.621722
0.990750,1.966109
0.991250,-2.363627
0.991750,-5.555442
0.992250,2.485133
0.992750,-2.762820
0.993250,1.137248
0.993750,-0.182010
0.994250,-3.973192
0.994750,-2.206315
0.995250,0.806872
0.995750,-6.970343
0.996250,-7.135941
0.996750,-1.540022
0.997250,-2.175784
0.997750,-3.276353
0.998250,-2.564303
0.998750,-3.190665
0.999250,1.687558
0.999750,-3.019224
