0.000250,0.077811
0.000750,0.117684
0.001250,0.098046
0.001750,-0.112534
0.002250,-0.163692
0.002750,-0.007835
0.003250,0.043878
0.003750,-0.045754
0.004250,0.123661
0.004750,0.298040
0.005250,0.325994
0.005750,0.274334
0.006250,0.187703
0.006750,0.202411
0.007250,0.205880
0.007750,0.160777
0.008250,0.129249
0.008750,0.035443
0.009250,0.088715
0.009750,-0.023202
0.010250,0.106934
0.010750,0.140587
0.011250,0.236795
0.011750,0.404068
0.012250,0.264458
0.012750,0.560187
0.013250,0.453695
0.013750,0.432499
0.014250,0.594889
0.014750,0.617719
0.015250,0.695877
0.015750,0.956946
0.016250,1.101341
0.016750,1.066567
0.017250,1.206052
0.017750,1.113276
0.018250,1.049866
0.018750,1.058842
0.019250,1.044452
0.019750,1.231594
0.020250,1.231188
0.020750,1.374347
0.021250,1.151009
0.021750,1.052458
0.022250,1.081411
0.022750,1.033788
0.023250,1.022742
0.023750,0.669126
0.024250,0.795439
0.024750,0.615872
0.025250,0.825551
0.025750,1.053560
0.026250,0.937242
0.026750,1.050480
0.027250,0.934639
0.027750,1.106131
0.028250,1.018662
0.028750,0.977490
0.029250,1.055593
0.029750,0.982786
0.030250,1.049843
0.030750,1.262356
0.031250,1.343023
0.031750,1.362386
0.032250,1.584030
0.032750,1.526701
0.033250,1.628105
0.033750,1.629957
0.034250,1.502104
0.034750,1.396214
0.035250,1.516465
0.035750,1.342592
0.036250,1.318117
0.036750,1.220088
0.037250,1.148717
0.037750,1.034291
0.038250,1.010933
0.038750,1.042442
0.039250,1.058044
0.039750,1.099008
0.040250,0.875840
0.040750,0.890445
0.041250,0.791364
0.041750,0.803567
0.042250,0.817683
0.042750,0.734734
0.043250,0.626072
0.043750,0.563789
0.044250,0.615916
0.044750,0.563896
0.045250,0.527139
0.045750,0.748689
0.046250,0.728459
0.046750,0.519011
0.047250,0.856866
0.047750,1.052530
0.048250,1.042289
0.048750,0.909575
0.049250,1.048389
0.049750,0.947168
0.050250,0.859620
0.050750,0.880681
0.051250,0.755695
0.051750,0.616316
0.052250,0.671351
0.052750,0.943008
0.053250,0.809982
0.053750,0.839607
0.054250,0.840960
0.054750,1.250054
0.055250,1.288651
0.055750,1.212811
0.056250,1.518326
0.056750,1.666625
0.057250,1.474139
0.057750,1.364138
0.058250,1.729590
0.058750,1.797462
0.059250,1.574599
0.059750,1.522102
0.060250,1.511194
0.060750,1.634275
0.061250,1.307047
0.061750,1.521055
0.062250,1.605093
0.062750,1.668189
0.063250,1.457586
0.063750,1.588876
0.064250,1.715740
0.064750,1.828708
0.065250,1.666604
0.065750,1.537790
0.066250,1.512860
0.066750,1.503561
0.067250,1.436749
0.067750,1.280470
0.068250,1.241233
0.068750,1.120242
0.069250,0.982638
0.069750,0.791317
0.070250,1.033678
0.070750,0.847915
0.071250,0.759137
0.071750,0.818465
0.072250,0.831192
0.072750,0.951788
0.073250,0.733671
0.073750,0.910346
0.074250,0.933907
0.074750,1.222808
0.075250,1.137693
0.075750,1.198533
0.076250,1.109123
0.076750,1.104101
0.077250,1.039251
0.077750,1.062672
0.078250,1.005902
0.078750,0.933346
0.079250,1.056530
0.079750,0.770524
0.080250,1.075049
0.080750,1.082451
0.081250,1.140840
0.081750,1.316504
0.082250,1.110329
0.082750,1.461439
0.083250,1.380184
0.083750,1.314827
0.084250,1.404164
0.084750,1.424300
0.085250,1.918699
0.085750,1.465969
0.086250,1.428822
0.086750,1.418670
0.087250,1.365337
0.087750,1.528417
0.088250,1.145850
0.088750,1.438227
0.089250,1.251797
0.089750,1.495630
0.090250,1.290896
0.090750,1.293272
0.091250,0.988324
0.091750,0.814953
0.092250,1.170232
0.092750,1.049683
0.093250,0.791436
0.093750,0.722866
0.094250,0.712313
0.094750,1.061107
0.095250,0.954059
0.095750,0.643568
0.096250,0.603974
0.096750,0.724144
0.097250,0.771715
0.097750,0.715809
0.098250,0.509617
0.098750,0.467594
0.099250,0.737910
0.099750,0.574298
0.100250,0.607972
0.100750,0.172052
0.101250,0.241006
0.101750,0.061258
0.102250,-0.267456
0.102750,-0.239579
0.103250,-0.179497
0.103750,-0.224024
0.104250,0.052552
0.104750,-0.183351
0.105250,0.083100
0.105750,0.014065
0.106250,-0.105883
0.106750,0.171077
0.107250,0.088155
0.107750,0.378869
0.108250,0.489173
0.108750,0.065908
0.109250,0.444174
0.109750,0.515634
0.110250,0.494652
0.110750,0.485092
0.111250,0.213391
0.111750,0.259324
0.112250,0.467657
0.112750,0.529378
0.113250,0.384521
0.113750,0.254149
0.114250,0.282837
0.114750,0.264182
0.115250,0.575134
0.115750,0.249868
0.116250,0.210180
0.116750,0.107044
0.117250,0.296141
0.117750,0.499885
0.118250,0.433416
0.118750,0.368357
0.119250,0.463758
0.119750,0.970401
0.120250,0.989370
0.120750,1.106903
0.121250,0.945986
0.121750,0.831680
0.122250,0.980361
0.122750,1.034873
0.123250,1.046628
0.123750,1.081007
0.124250,0.951354
0.124750,1.105963
0.125250,1.247545
0.125750,0.938662
0.126250,0.585296
0.126750,0.870771
0.127250,0.609555
0.127750,0.573624
0.128250,0.855585
0.128750,0.765938
0.129250,0.916911
0.129750,0.832714
0.130250,0.656273
0.130750,1.018984
0.131250,0.890336
0.131750,0.870805
0.132250,1.074691
0.132750,0.904134
0.133250,0.698051
0.133750,1.213530
0.134250,1.066871
0.134750,0.840515
0.135250,0.871054
0.135750,0.581240
0.136250,0.439737
0.136750,0.677603
0.137250,0.547567
0.137750,0.347312
0.138250,0.390974
0.138750,0.063387
0.139250,-0.177282
0.139750,0.280665
0.140250,0.175834
0.140750,-0.083518
0.141250,-0.248565
0.141750,-0.027992
0.142250,-0.328092
0.142750,0.080661
0.143250,-0.092971
0.143750,-0.484398
0.144250,-0.398562
0.144750,-0.647185
0.145250,-0.350042
0.145750,-0.159772
0.146250,0.020182
0.146750,-0.220775
0.147250,-0.267190
0.147750,-0.163433
0.148250,-0.066022
0.148750,0.090853
0.149250,0.075465
0.149750,0.013167
0.150250,-0.141807
0.150750,-0.338366
0.151250,-0.340794
0.151750,-0.182181
0.152250,-0.250225
0.152750,-0.120517
0.153250,-0.312233
0.153750,-0.537781
0.154250,-0.156719
0.154750,-0.472229
0.155250,-0.199172
0.155750,-0.316947
0.156250,-0.247395
0.156750,-0.343078
0.157250,-0.289016
0.157750,-0.204146
0.158250,-0.194520
0.158750,0.151762
0.159250,-0.003038
0.159750,-0.072270
0.160250,0.073428
0.160750,0.324780
0.161250,0.450710
0.161750,0.228720
0.162250,0.298707
0.162750,0.421728
0.163250,0.334352
0.163750,0.240732
0.164250,0.586066
0.164750,0.192098
0.165250,0.483217
0.165750,0.286370
0.166250,0.090863
0.166750,0.015453
0.167250,0.409716
0.167750,0.255772
0.168250,0.205909
0.168750,0.380999
0.169250,0.054160
0.169750,-0.193493
0.170250,-0.160336
0.170750,-0.157149
0.171250,-0.339012
0.171750,-0.488009
0.172250,-0.300753
0.172750,-0.337127
0.173250,-0.258640
0.173750,-0.484725
0.174250,-0.473959
0.174750,-0.698302
0.175250,-0.562995
0.175750,-0.468833
0.176250,-0.585425
0.176750,-0.665794
0.177250,-0.595680
0.177750,-0.302723
0.178250,-0.501340
0.178750,-0.396864
0.179250,-0.546554
0.179750,-0.316471
0.180250,-0.601057
0.180750,-0.797389
0.181250,-0.481671
0.181750,-0.586270
0.182250,-0.891231
0.182750,-0.636802
0.183250,-0.627301
0.183750,-0.640068
0.184250,-0.904055
0.184750,-0.682084
0.185250,-0.820990
0.185750,-1.024073
0.186250,-0.862807
0.186750,-1.048840
0.187250,-0.946994
0.187750,-1.047918
0.188250,-0.855458
0.188750,-1.050405
0.189250,-1.287363
0.189750,-0.957479
0.190250,-0.673498
0.190750,-0.697742
0.191250,-0.948863
0.191750,-0.931934
0.192250,-0.728643
0.192750,-0.823317
0.193250,-0.446491
0.193750,-0.057530
0.194250,-0.131304
0.194750,-0.069684
0.195250,-0.216739
0.195750,-0.155553
0.196250,-0.413164
0.196750,-0.224280
0.197250,-0.196698
0.197750,0.060265
0.198250,-0.380089
0.198750,-0.247488
0.199250,-0.045830
0.199750,-0.541469
0.200250,-0.299871
0.200750,-0.083921
0.201250,-0.503553
0.201750,-0.636757
0.202250,-0.669557
0.202750,-0.550751
0.203250,-0.680412
0.203750,-0.579343
0.204250,-0.124191
0.204750,-0.034889
0.205250,-0.083358
0.205750,-0.165497
0.206250,-0.199571
0.206750,-0.235651
0.207250,-0.059014
0.207750,0.273159
0.208250,0.475708
0.208750,0.227007
0.209250,0.187129
0.209750,0.423274
0.210250,0.242721
0.210750,0.641810
0.211250,0.728966
0.211750,0.789927
0.212250,0.755581
0.212750,0.617943
0.213250,0.583121
0.213750,0.622353
0.214250,0.502932
0.214750,0.930362
0.215250,1.068030
0.215750,1.094894
0.216250,0.796720
0.216750,0.677876
0.217250,0.269401
0.217750,0.612138
0.218250,0.313338
0.218750,0.745211
0.219250,0.727806
0.219750,0.809680
0.220250,0.745459
0.220750,0.374122
0.221250,0.468512
0.221750,0.788799
0.222250,0.670401
0.222750,0.889099
0.223250,0.876389
0.223750,0.865238
0.224250,0.861501
0.224750,0.594607
0.225250,0.741148
0.225750,0.965886
0.226250,1.192919
0.226750,1.029211
0.227250,1.130958
0.227750,0.959644
0.228250,0.640474
0.228750,0.863725
0.229250,0.981859
0.229750,1.041512
0.230250,0.948067
0.230750,0.563001
0.231250,0.702414
0.231750,0.802890
0.232250,0.328560
0.232750,0.268031
0.233250,0.566666
0.233750,0.448865
0.234250,0.311364
0.234750,0.286798
0.235250,0.654324
0.235750,-0.022600
0.236250,-0.130808
0.236750,-0.296130
0.237250,0.571516
0.237750,0.117075
0.238250,-0.040750
0.238750,0.210783
0.239250,0.248653
0.239750,-0.025289
0.240250,-0.009909
0.240750,-0.350105
0.241250,-0.078019
0.241750,0.109939
0.242250,-0.038713
0.242750,0.061344
0.243250,-0.093272
0.243750,-0.014862
0.244250,0.202731
0.244750,0.036903
0.245250,0.036091
0.245750,0.121046
0.246250,0.381187
0.246750,0.397868
0.247250,-0.084350
0.247750,0.224118
0.248250,-0.048690
0.248750,0.556960
0.249250,0.279834
0.249750,0.224856
0.250250,0.535213
0.250750,0.073419
0.251250,0.249448
0.251750,0.222076
0.252250,0.342023
0.252750,0.567243
0.253250,0.224762
0.253750,0.408000
0.254250,0.258719
0.254750,0.053720
0.255250,0.206679
0.255750,0.463037
0.256250,0.363591
0.256750,0.385600
0.257250,0.245414
0.257750,0.425961
0.258250,0.364576
0.258750,-0.078575
0.259250,0.181953
0.259750,0.545874
0.260250,0.580609
0.260750,0.745142
0.261250,0.515882
0.261750,0.597448
0.262250,0.853674
0.262750,0.493861
0.263250,0.498718
0.263750,0.791076
0.264250,1.016935
0.264750,1.146499
0.265250,0.987797
0.265750,0.683287
0.266250,1.108659
0.266750,1.019682
0.267250,0.703443
0.267750,0.890237
0.268250,1.063724
0.268750,0.878777
0.269250,1.065264
0.269750,0.570182
0.270250,1.236146
0.270750,1.143266
0.271250,0.635998
0.271750,0.976431
0.272250,0.761749
0.272750,1.368109
0.273250,1.069742
0.273750,0.631906
0.274250,0.664164
0.274750,0.677668
0.275250,0.493887
0.275750,0.405674
0.276250,0.327402
0.276750,0.925031
0.277250,0.676789
0.277750,0.504370
0.278250,0.283440
0.278750,-0.035432
0.279250,0.231055
0.279750,-0.136161
0.280250,0.206757
0.280750,0.323768
0.281250,0.456278
0.281750,0.583134
0.282250,0.399705
0.282750,0.208034
0.283250,-0.044746
0.283750,0.060235
0.284250,0.185452
0.284750,-0.124300
0.285250,0.708162
0.285750,0.481779
0.286250,-0.040096
0.286750,0.183469
0.287250,0.011254
0.287750,0.026604
0.288250,-0.292325
0.288750,-0.095419
0.289250,-0.098235
0.289750,0.012287
0.290250,0.245694
0.290750,-0.214028
0.291250,-0.236997
0.291750,-0.303911
0.292250,-0.545443
0.292750,-0.395869
0.293250,-0.596797
0.293750,-0.482409
0.294250,-0.350740
0.294750,-0.686313
0.295250,-0.566381
0.295750,-0.758135
0.296250,-0.625433
0.296750,-1.070550
0.297250,-0.771556
0.297750,-0.589963
0.298250,-0.250856
0.298750,-0.564759
0.299250,-0.000923
0.299750,-0.187087
0.300250,-0.428952
0.300750,-0.300718
0.301250,-0.444633
0.301750,0.263414
0.302250,0.006464
0.302750,0.209245
0.303250,0.147464
0.303750,0.541103
0.304250,0.440951
0.304750,0.323884
0.305250,-0.222642
0.305750,0.463280
0.306250,0.704288
0.306750,0.030256
0.307250,-0.182139
0.307750,0.072365
0.308250,0.172288
0.308750,0.452582
0.309250,-0.183723
0.309750,0.007831
0.310250,0.109784
0.310750,0.674048
0.311250,0.465061
0.311750,0.156748
0.312250,0.418849
0.312750,0.588808
0.313250,0.203393
0.313750,0.003130
0.314250,-0.419256
0.314750,-0.159527
0.315250,0.370546
0.315750,-0.002262
0.316250,0.082308
0.316750,0.063453
0.317250,0.231489
0.317750,0.284336
0.318250,0.148647
0.318750,0.587010
0.319250,0.388039
0.319750,0.846252
0.320250,0.741004
0.320750,0.429002
0.321250,0.808109
0.321750,0.966153
0.322250,0.858886
0.322750,0.833578
0.323250,0.653675
0.323750,1.058463
0.324250,1.298682
0.324750,1.041964
0.325250,1.473975
0.325750,1.190720
0.326250,1.346528
0.326750,1.201471
0.327250,1.536816
0.327750,1.192134
0.328250,1.224284
0.328750,1.625589
0.329250,1.825781
0.329750,1.245670
0.330250,1.043223
0.330750,1.330050
0.331250,1.394497
0.331750,1.386070
0.332250,1.426533
0.332750,1.403581
0.333250,1.365059
0.333750,1.418976
0.334250,1.155939
0.334750,1.376360
0.335250,1.275438
0.335750,1.355447
0.336250,1.075904
0.336750,1.536779
0.337250,1.503802
0.337750,1.523635
0.338250,1.503480
0.338750,1.688729
0.339250,1.817586
0.339750,1.660160
0.340250,1.532402
0.340750,1.766184
0.341250,1.666997
0.341750,1.716421
0.342250,1.846066
0.342750,2.020658
0.343250,1.815166
0.343750,2.032281
0.344250,1.788470
0.344750,1.678501
0.345250,1.536937
0.345750,1.896470
0.346250,2.235394
0.346750,2.241037
0.347250,1.779476
0.347750,1.773814
0.348250,2.040421
0.348750,1.535059
0.349250,1.465668
0.349750,1.223979
0.350250,1.426427
0.350750,1.738730
0.351250,1.729983
0.351750,1.615763
0.352250,1.032579
0.352750,1.538460
0.353250,1.716248
0.353750,1.584765
0.354250,1.359378
0.354750,1.299330
0.355250,1.618424
0.355750,1.629859
0.356250,1.682752
0.356750,0.874190
0.357250,1.076377
0.357750,0.954893
0.358250,1.021740
0.358750,0.782970
0.359250,0.851322
0.359750,0.868654
0.360250,1.344481
0.360750,1.288059
0.361250,0.982431
0.361750,0.741632
0.362250,0.752764
0.362750,0.804345
0.363250,0.878615
0.363750,0.742666
0.364250,0.854088
0.364750,0.734555
0.365250,1.699220
0.365750,1.239157
0.366250,1.393472
0.366750,0.967221
0.367250,0.979094
0.367750,1.182361
0.368250,1.302905
0.368750,1.110673
0.369250,1.101047
0.369750,1.459304
0.370250,1.782974
0.370750,1.278030
0.371250,1.555658
0.371750,1.205894
0.372250,1.489873
0.372750,1.384645
0.373250,1.514861
0.373750,1.094067
0.374250,1.281537
0.374750,2.007763
0.375250,1.830443
0.375750,1.613516
0.376250,1.578412
0.376750,1.747470
0.377250,1.531846
0.377750,1.524131
0.378250,1.725059
0.378750,1.545512
0.379250,1.361877
0.379750,1.808636
0.380250,1.931871
0.380750,1.740195
0.381250,1.865183
0.381750,1.772099
0.382250,1.825640
0.382750,1.714962
0.383250,1.920716
0.383750,1.887537
0.384250,1.990480
0.384750,2.486374
0.385250,2.438454
0.385750,2.346431
0.386250,2.413510
0.386750,2.272215
0.387250,1.818843
0.387750,2.151819
0.388250,2.020947
0.388750,2.246974
0.389250,2.675834
0.389750,2.579239
0.390250,2.792800
0.390750,2.661000
0.391250,3.002796
0.391750,2.389787
0.392250,2.292496
0.392750,2.192727
0.393250,2.963844
0.393750,2.700160
0.394250,2.849369
0.394750,2.856926
0.395250,2.869971
0.395750,2.894377
0.396250,2.980338
0.396750,2.862117
0.397250,2.566901
0.397750,2.178994
0.398250,2.642379
0.398750,2.758786
0.399250,2.750416
0.399750,2.750979
0.400250,2.682521
0.400750,2.746197
0.401250,2.724987
0.401750,2.506179
0.402250,2.148246
0.402750,2.128535
0.403250,1.751757
0.403750,2.464452
0.404250,2.565031
0.404750,2.048407
0.405250,1.776378
0.405750,2.175900
0.406250,2.051189
0.406750,2.167212
0.407250,1.970695
0.407750,1.828390
0.408250,1.554884
0.408750,2.028546
0.409250,2.217761
0.409750,1.763833
0.410250,1.306626
0.410750,1.870807
0.411250,1.944648
0.411750,1.862574
0.412250,1.567001
0.412750,1.764473
0.413250,2.032579
0.413750,2.029052
0.414250,2.069818
0.414750,2.106674
0.415250,2.320020
0.415750,1.886176
0.416250,2.244187
0.416750,1.901504
0.417250,1.873615
0.417750,1.736556
0.418250,1.494484
0.418750,1.503690
0.419250,1.611568
0.419750,1.790976
0.420250,1.687919
0.420750,1.608677
0.421250,1.165444
0.421750,1.423695
0.422250,1.685123
0.422750,0.993880
0.423250,1.402340
0.423750,1.280740
0.424250,1.418749
0.424750,1.562396
0.425250,1.143721
0.425750,1.119369
0.426250,1.044287
0.426750,0.793257
0.427250,0.853653
0.427750,0.852117
0.428250,0.595274
0.428750,1.039539
0.429250,1.006497
0.429750,0.931478
0.430250,1.085744
0.430750,1.330811
0.431250,1.346238
0.431750,1.147366
0.432250,0.857837
0.432750,1.020366
0.433250,1.246778
0.433750,1.331708
0.434250,1.696316
0.434750,1.350355
0.435250,1.401133
0.435750,1.702876
0.436250,1.787127
0.436750,1.493968
0.437250,1.253211
0.437750,1.293854
0.438250,1.498049
0.438750,1.627740
0.439250,1.726819
0.439750,1.870074
0.440250,1.829336
0.440750,1.444590
0.441250,1.977627
0.441750,1.834428
0.442250,1.777254
0.442750,1.502122
0.443250,1.366887
0.443750,2.096341
0.444250,1.491853
0.444750,1.887598
0.445250,1.863416
0.445750,1.379894
0.446250,1.789451
0.446750,1.573438
0.447250,1.790466
0.447750,1.491186
0.448250,1.386404
0.448750,1.354516
0.449250,1.529424
0.449750,1.510862
0.450250,1.794042
0.450750,1.350397
0.451250,1.232781
0.451750,1.171037
0.452250,1.285520
0.452750,1.440709
0.453250,1.163496
0.453750,0.947819
0.454250,1.854151
0.454750,1.993342
0.455250,1.689087
0.455750,1.508336
0.456250,1.703828
0.456750,1.708136
0.457250,1.817639
0.457750,2.249946
0.458250,1.602352
0.458750,1.653071
0.459250,1.629298
0.459750,1.897877
0.460250,2.250494
0.460750,2.704255
0.461250,2.590571
0.461750,2.370403
0.462250,2.029710
0.462750,2.362884
0.463250,2.833710
0.463750,2.426574
0.464250,2.410815
0.464750,2.382536
0.465250,2.769180
0.465750,3.109113
0.466250,2.935337
0.466750,2.623992
0.467250,2.683476
0.467750,2.441021
0.468250,2.936301
0.468750,2.517592
0.469250,2.509320
0.469750,2.168005
0.470250,2.408818
0.470750,2.612316
0.471250,3.022079
0.471750,3.016868
0.472250,2.394651
0.472750,2.799810
0.473250,2.453654
0.473750,2.506530
0.474250,2.658268
0.474750,2.482413
0.475250,2.673196
0.475750,2.552870
0.476250,3.006215
0.476750,2.547309
0.477250,2.958649
0.477750,2.703666
0.478250,2.420539
0.478750,2.587200
0.479250,2.364132
0.479750,2.492055
0.480250,2.130213
0.480750,2.576074
0.481250,2.018821
0.481750,2.489924
0.482250,2.276874
0.482750,2.315027
0.483250,2.399455
0.483750,2.168044
0.484250,3.054815
0.484750,1.550449
0.485250,1.962315
0.485750,2.426119
0.486250,2.378975
0.486750,2.764622
0.487250,2.454841
0.487750,2.510021
0.488250,2.565638
0.488750,2.713825
0.489250,2.668283
0.489750,2.636163
0.490250,2.350069
0.490750,2.222339
0.491250,2.245006
0.491750,2.197389
0.492250,2.011560
0.492750,2.073081
0.493250,2.234637
0.493750,2.113384
0.494250,2.556178
0.494750,2.689681
0.495250,2.213509
0.495750,1.860540
0.496250,1.530298
0.496750,1.636001
0.497250,1.800381
0.497750,1.737435
0.498250,2.094810
0.498750,1.929394
0.499250,2.250268
0.499750,1.923445
0.500250,1.867245
0.500750,2.012256
0.501250,1.630557
0.501750,0.913852
0.502250,0.924802
0.502750,0.876246
0.503250,0.860408
0.503750,1.184628
0.504250,1.156856
0.504750,0.908946
0.505250,1.193383
0.505750,1.270295
0.506250,1.698617
0.506750,1.142381
0.507250,1.431096
0.507750,0.873513
0.508250,0.840334
0.508750,0.766809
0.509250,1.300249
0.509750,1.480550
0.510250,1.121785
0.510750,0.969654
0.511250,0.797102
0.511750,1.354036
0.512250,1.410485
0.512750,1.083966
0.513250,0.789237
0.513750,0.960082
0.514250,0.981401
0.514750,1.544557
0.515250,1.709682
0.515750,1.484543
0.516250,1.421978
0.516750,1.358134
0.517250,1.691701
0.517750,1.668212
0.518250,1.517384
0.518750,1.211222
0.519250,1.326519
0.519750,1.581842
0.520250,1.754580
0.520750,2.154063
0.521250,1.861612
0.521750,1.475048
0.522250,1.348561
0.522750,1.137488
0.523250,1.218291
0.523750,1.472779
0.524250,0.990926
0.524750,1.521808
0.525250,1.397716
0.525750,1.023506
0.526250,1.603640
0.526750,1.394119
0.527250,1.111193
0.527750,0.969098
0.528250,1.239026
0.528750,0.734354
0.529250,0.822454
0.529750,1.088757
0.530250,1.027680
0.530750,1.402477
0.531250,1.138316
0.531750,1.344517
0.532250,1.572873
0.532750,0.862699
0.533250,0.873695
0.533750,0.723348
0.534250,1.003877
0.534750,1.135433
0.535250,1.392680
0.535750,1.611033
0.536250,1.339688
0.536750,1.237761
0.537250,1.668894
0.537750,1.602068
0.538250,1.607359
0.538750,0.969930
0.539250,1.453817
0.539750,1.373710
0.540250,1.722104
0.540750,1.576068
0.541250,2.100953
0.541750,1.960730
0.542250,2.270307
0.542750,2.239533
0.543250,1.932950
0.543750,2.122689
0.544250,1.689243
0.544750,2.436870
0.545250,2.166057
0.545750,2.077348
0.546250,2.264045
0.546750,1.719122
0.547250,1.719815
0.547750,1.709863
0.548250,2.397663
0.548750,2.207357
0.549250,1.793065
0.549750,1.514800
0.550250,1.908845
0.550750,1.611255
0.551250,1.887355
0.551750,1.630076
0.552250,1.669151
0.552750,1.723808
0.553250,1.437506
0.553750,1.758111
0.554250,1.326280
0.554750,1.336403
0.555250,1.709704
0.555750,1.096100
0.556250,1.307069
0.556750,0.599803
0.557250,1.139584
0.557750,1.015733
0.558250,0.943969
0.558750,0.436851
0.559250,0.542331
0.559750,1.001641
0.560250,0.902004
0.560750,1.091028
0.561250,1.207846
0.561750,0.805180
0.562250,0.729388
0.562750,0.645778
0.563250,0.726605
0.563750,1.079409
0.564250,0.539660
0.564750,0.239870
0.565250,0.629323
0.565750,0.810328
0.566250,0.948086
0.566750,1.093543
0.567250,0.970667
0.567750,0.947713
0.568250,0.792283
0.568750,0.394273
0.569250,0.454745
0.569750,0.986541
0.570250,0.511970
0.570750,0.488911
0.571250,0.554657
0.571750,0.521669
0.572250,0.537671
0.572750,0.855592
0.573250,0.753908
0.573750,0.621717
0.574250,0.438191
0.574750,0.286031
0.575250,0.673797
0.575750,0.020949
0.576250,0.030700
0.576750,-0.132104
0.577250,0.425640
0.577750,0.069045
0.578250,0.161832
0.578750,0.417657
0.579250,0.149891
0.579750,-0.069184
0.580250,-0.217003
0.580750,-0.226543
0.581250,-0.609490
0.581750,-0.572420
0.582250,-0.222718
0.582750,-0.766184
0.583250,-0.889874
0.583750,-0.777628
0.584250,-0.293656
0.584750,-0.118838
0.585250,-0.476639
0.585750,-0.557750
0.586250,-0.466156
0.586750,-0.475771
0.587250,-0.686995
0.587750,-0.903283
0.588250,-1.178292
0.588750,-0.770704
0.589250,-0.575782
0.589750,-0.634206
0.590250,-0.643120
0.590750,-0.396169
0.591250,-0.232114
0.591750,-0.158349
0.592250,0.054253
0.592750,-0.087285
0.593250,0.024096
0.593750,-0.506218
0.594250,-0.378860
0.594750,-0.062715
0.595250,-0.533328
0.595750,-0.128240
0.596250,0.137258
0.596750,0.054734
0.597250,0.332545
0.597750,0.303587
0.598250,0.172909
0.598750,0.413840
0.599250,-0.079132
0.599750,-0.035390
0.600250,-0.239601
0.600750,-0.088724
0.601250,0.561064
0.601750,-0.115272
0.602250,0.822111
0.602750,-0.006178
0.603250,0.145044
0.603750,-0.125197
0.604250,0.232481
0.604750,0.062685
0.605250,0.289681
0.605750,-0.209226
0.606250,-0.077084
0.606750,-0.543796
0.607250,-0.395679
0.607750,-0.103188
0.608250,-0.203873
0.608750,-0.073297
0.609250,-0.101131
0.609750,-0.022799
0.610250,0.066714
0.610750,0.319011
0.611250,-0.034352
0.611750,0.074847
0.612250,0.013945
0.612750,-0.676629
0.613250,-0.673508
0.613750,-0.470961
0.614250,-0.217565
0.614750,0.409942
0.615250,-0.007733
0.615750,-0.202241
0.616250,-0.682700
0.616750,0.176640
0.617250,0.196679
0.617750,0.275044
0.618250,0.051139
0.618750,-0.301313
0.619250,-0.443576
0.619750,-0.357058
0.620250,0.025613
0.620750,-0.078973
0.621250,-0.227157
0.621750,-0.357010
0.622250,0.191295
0.622750,-0.079937
0.623250,0.436116
0.623750,0.052917
0.624250,0.073514
0.624750,0.344436
0.625250,-0.043736
0.625750,-0.066825
0.626250,0.019561
0.626750,0.415870
0.627250,1.193178
0.627750,0.887552
0.628250,0.515560
0.628750,0.537209
0.629250,0.528229
0.629750,1.105108
0.630250,0.845370
0.630750,0.452142
0.631250,0.737307
0.631750,0.390346
0.632250,0.116523
0.632750,0.541132
0.633250,1.087531
0.633750,0.976561
0.634250,0.839835
0.634750,0.718605
0.635250,0.457901
0.635750,0.841242
0.636250,1.605462
0.636750,1.483093
0.637250,0.744080
0.637750,0.624492
0.638250,0.713011
0.638750,1.066694
0.639250,1.217412
0.639750,1.142603
0.640250,0.391990
0.640750,0.786930
0.641250,0.836410
0.641750,0.635065
0.642250,0.449766
0.642750,0.732008
0.643250,0.543231
0.643750,0.539924
0.644250,0.652569
0.644750,0.448050
0.645250,0.188979
0.645750,0.766206
0.646250,0.647668
0.646750,1.073376
0.647250,0.759427
0.647750,1.034899
0.648250,0.752864
0.648750,0.964980
0.649250,0.879634
0.649750,0.639809
0.650250,0.822170
0.650750,1.045559
0.651250,0.476409
0.651750,0.638878
0.652250,0.939345
0.652750,1.051878
0.653250,1.007456
0.653750,0.400127
0.654250,0.424307
0.654750,0.514947
0.655250,0.641154
0.655750,0.659643
0.656250,0.711840
0.656750,0.143084
0.657250,0.508396
0.657750,0.468899
0.658250,1.118055
0.658750,0.775486
0.659250,0.203671
0.659750,0.781106
0.660250,0.454867
0.660750,0.301212
0.661250,0.186421
0.661750,-0.334708
0.662250,0.364786
0.662750,-0.061469
0.663250,0.131869
0.663750,0.333409
0.664250,0.448952
0.664750,0.315721
0.665250,0.526005
0.665750,0.451997
0.666250,0.156828
0.666750,-0.049915
0.667250,-0.104875
0.667750,0.187117
0.668250,-0.509910
0.668750,-0.601633
0.669250,-0.444464
0.669750,0.137561
0.670250,-0.409068
0.670750,-0.049931
0.671250,-0.213520
0.671750,-1.064809
0.672250,-0.878485
0.672750,-0.968765
0.673250,-1.042348
0.673750,-0.848798
0.674250,-1.068086
0.674750,-1.180491
0.675250,-1.427487
0.675750,-1.080959
0.676250,-0.852806
0.676750,-0.668226
0.677250,-0.496632
0.677750,-1.030559
0.678250,-1.384312
0.678750,-1.299704
0.679250,-1.250725
0.679750,-1.248532
0.680250,-1.580037
0.680750,-1.122695
0.681250,-1.898769
0.681750,-2.000244
0.682250,-1.821064
0.682750,-1.798836
0.683250,-1.029496
0.683750,-0.813571
0.684250,-0.826190
0.684750,-0.814542
0.685250,-1.616182
0.685750,-1.364109
0.686250,-1.141397
0.686750,-0.868406
0.687250,-1.102167
0.687750,-1.209665
0.688250,-0.921594
0.688750,-1.295910
0.689250,-0.887001
0.689750,-0.710885
0.690250,-0.342800
0.690750,0.024662
0.691250,-0.629274
0.691750,-0.581092
0.692250,-1.090985
0.692750,-0.804846
0.693250,-0.230757
0.693750,-0.629806
0.694250,-0.900633
0.694750,-0.743062
0.695250,-1.048201
0.695750,-0.966044
0.696250,-0.515312
0.696750,-0.758277
0.697250,-0.242383
0.697750,-0.883748
0.698250,-0.897127
0.698750,-0.830651
0.699250,-1.329773
0.699750,-1.101413
0.700250,-0.932333
0.700750,-0.901145
0.701250,-0.918514
0.701750,-1.042639
0.702250,-0.980133
0.702750,-0.971854
0.703250,-0.836735
0.703750,-0.962798
0.704250,-0.964657
0.704750,-0.718322
0.705250,-0.743662
0.705750,-1.230361
0.706250,-1.244353
0.706750,-1.136008
0.707250,-1.101314
0.707750,-1.166140
0.708250,-1.101786
0.708750,-1.102426
0.709250,-1.118597
0.709750,-0.669769
0.710250,-0.890275
0.710750,-0.598190
0.711250,-0.030087
0.711750,-0.589420
0.712250,-0.569662
0.712750,-0.573550
0.713250,-0.912368
0.713750,-0.665916
0.714250,-0.225504
0.714750,-0.344746
0.715250,-0.496687
0.715750,-0.320667
0.716250,-0.168356
0.716750,-0.091665
0.717250,-0.140872
0.717750,0.250719
0.718250,0.300452
0.718750,0.092143
0.719250,-0.129338
0.719750,-0.401281
0.720250,-0.469628
0.720750,-0.997052
0.721250,-0.209015
0.721750,-0.505763
0.722250,-0.352499
0.722750,-0.104417
0.723250,-0.235407
0.723750,-0.542126
0.724250,-0.319650
0.724750,-0.226514
0.725250,-0.585089
0.725750,-0.578072
0.726250,-0.255635
0.726750,-0.220741
0.727250,-0.618019
0.727750,-0.928727
0.728250,-0.472253
0.728750,-0.307235
0.729250,-0.636955
0.729750,-0.499879
0.730250,-0.500597
0.730750,-0.665179
0.731250,-0.730938
0.731750,-0.130494
0.732250,-0.317601
0.732750,-0.370826
0.733250,-0.389921
0.733750,-1.670783
0.734250,-1.519437
0.734750,-1.838433
0.735250,-1.508940
0.735750,-1.612099
0.736250,-0.773682
0.736750,-1.595054
0.737250,-1.513413
0.737750,-1.108243
0.738250,-1.435478
0.738750,-1.362848
0.739250,-1.444274
0.739750,-0.963372
0.740250,-1.438440
0.740750,-1.479268
0.741250,-2.080514
0.741750,-1.741914
0.742250,-1.365677
0.742750,-1.191407
0.743250,-1.041941
0.743750,-1.738646
0.744250,-1.350569
0.744750,-1.876640
0.745250,-1.123464
0.745750,-1.249739
0.746250,-1.052113
0.746750,-1.286100
0.747250,-1.129355
0.747750,-1.883321
0.748250,-1.554835
0.748750,-1.455047
0.749250,-1.561743
0.749750,-1.539740
0.750250,-1.287632
0.750750,-1.504227
0.751250,-1.726856
0.751750,-1.772523
0.752250,-1.481629
0.752750,-1.785795
0.753250,-2.313017
0.753750,-1.842780
0.754250,-1.783904
0.754750,-1.911256
0.755250,-2.156776
0.755750,-2.580219
0.756250,-1.894424
0.756750,-1.634619
0.757250,-1.996616
0.757750,-2.399723
0.758250,-2.207610
0.758750,-1.764168
0.759250,-2.722299
0.759750,-2.313465
0.760250,-2.291553
0.760750,-2.532754
0.761250,-2.136705
0.761750,-2.497630
0.762250,-3.008350
0.762750,-2.926382
0.763250,-2.938586
0.763750,-2.257760
0.764250,-2.474608
0.764750,-2.433601
0.765250,-3.125540
0.765750,-3.187702
0.766250,-3.012779
0.766750,-2.741858
0.767250,-3.188399
0.767750,-2.886096
0.768250,-2.964070
0.768750,-2.751838
0.769250,-2.831877
0.769750,-3.083891
0.770250,-2.327458
0.770750,-1.894025
0.771250,-2.211902
0.771750,-2.647835
0.772250,-2.463591
0.772750,-2.399238
0.773250,-3.375954
0.773750,-2.707357
0.774250,-2.658526
0.774750,-3.092605
0.775250,-2.901445
0.775750,-2.969890
0.776250,-2.726398
0.776750,-2.870281
0.777250,-2.754344
0.777750,-2.733233
0.778250,-2.167588
0.778750,-2.293931
0.779250,-2.637734
0.779750,-2.638594
0.780250,-2.221474
0.780750,-2.693729
0.781250,-2.654868
0.781750,-2.187925
0.782250,-2.658741
0.782750,-2.464681
0.783250,-1.932581
0.783750,-2.739664
0.784250,-1.788230
0.784750,-2.290802
0.785250,-2.468716
0.785750,-2.107611
0.786250,-2.652917
0.786750,-2.873814
0.787250,-2.054374
0.787750,-2.322603
0.788250,-2.079371
0.788750,-2.329638
0.789250,-2.218420
0.789750,-2.479851
0.790250,-2.386946
0.790750,-2.406264
0.791250,-2.051326
0.791750,-1.998135
0.792250,-2.455459
0.792750,-2.224616
0.793250,-2.366682
0.793750,-2.272246
0.794250,-1.980361
0.794750,-2.195449
0.795250,-2.312677
0.795750,-2.683045
0.796250,-2.507382
0.796750,-2.295789
0.797250,-2.213236
0.797750,-1.628663
0.798250,-2.245902
0.798750,-2.218210
0.799250,-2.787908
0.799750,-2.435827
0.800250,-2.087728
0.800750,-2.408796
0.801250,-1.941939
0.801750,-2.059722
0.802250,-2.759465
0.802750,-2.508488
0.803250,-2.275834
0.803750,-2.004328
0.804250,-1.974272
0.804750,-1.693479
0.805250,-1.914317
0.805750,-2.615187
0.806250,-2.001007
0.806750,-2.097774
0.807250,-1.831290
0.807750,-1.598735
0.808250,-2.226838
0.808750,-1.743526
0.809250,-2.316389
0.809750,-2.291285
0.810250,-1.726091
0.810750,-1.495778
0.811250,-1.455441
0.811750,-1.586258
0.812250,-1.505169
0.812750,-1.109894
0.813250,-1.087805
0.813750,-1.269606
0.814250,-1.427564
0.814750,-1.332779
0.815250,-0.604965
0.815750,-0.836945
0.816250,-1.148173
0.816750,-1.609220
0.817250,-1.552945
0.817750,-0.638911
0.818250,-0.924070
0.818750,-0.795324
0.819250,-0.399214
0.819750,-1.180198
0.820250,-0.757200
0.820750,-0.849085
0.821250,-0.930207
0.821750,-1.539153
0.822250,-0.879491
0.822750,-0.726454
0.823250,-0.784362
0.823750,-1.098886
0.824250,-1.625332
0.824750,-1.367992
0.825250,-1.086361
0.825750,-0.487985
0.826250,-0.813152
0.826750,-0.556494
0.827250,-0.512764
0.827750,-0.894349
0.828250,-0.738292
0.828750,-1.054038
0.829250,-0.861829
0.829750,-0.747283
0.830250,-0.730564
0.830750,-1.252486
0.831250,-1.036554
0.831750,-1.057911
0.832250,-1.257173
0.832750,-1.221352
0.833250,-0.400702
0.833750,-0.784389
0.834250,-1.004015
0.834750,-0.883305
0.835250,-0.989530
0.835750,-1.601482
0.836250,-1.215448
0.836750,-1.172356
0.837250,-1.092194
0.837750,-1.277796
0.838250,-1.257112
0.838750,-0.897447
0.839250,-1.251850
0.839750,-1.250969
0.840250,-0.616113
0.840750,-0.739944
0.841250,-0.247748
0.841750,-0.776633
0.842250,-0.697307
0.842750,-1.216415
0.843250,-1.288801
0.843750,-1.119769
0.844250,-1.019963
0.844750,-1.833840
0.845250,-0.932569
0.845750,-0.604362
0.846250,-1.445689
0.846750,-1.446940
0.847250,-0.838180
0.847750,-0.641030
0.848250,-0.583788
0.848750,-0.926371
0.849250,-1.165418
0.849750,-1.264645
0.850250,-0.771687
0.850750,-1.218159
0.851250,-0.804075
0.851750,-1.128081
0.852250,-1.023284
0.852750,-0.856508
0.853250,-0.473934
0.853750,-0.880396
0.854250,-1.057784
0.854750,-0.840821
0.855250,-0.952914
0.855750,-0.682952
0.856250,-0.994064
0.856750,-0.996036
0.857250,-0.787721
0.857750,-0.870838
0.858250,-1.003290
0.858750,-1.586919
0.859250,-1.408679
0.859750,-1.941802
0.860250,-1.265779
0.860750,-1.043698
0.861250,-1.506892
0.861750,-1.075667
0.862250,-1.455427
0.862750,-1.728170
0.863250,-1.185128
0.863750,-1.248073
0.864250,-1.271238
0.864750,-1.136489
0.865250,-1.383250
0.865750,-1.475214
0.866250,-1.494741
0.866750,-2.072357
0.867250,-2.260789
0.867750,-1.813275
0.868250,-2.473466
0.868750,-2.165850
0.869250,-1.240965
0.869750,-2.035157
0.870250,-2.224819
0.870750,-1.501126
0.871250,-1.854664
0.871750,-1.419231
0.872250,-2.044017
0.872750,-1.903360
0.873250,-1.875419
0.873750,-2.205093
0.874250,-2.920772
0.874750,-2.896546
0.875250,-2.863704
0.875750,-2.279032
0.876250,-1.831427
0.876750,-1.582993
0.877250,-2.075404
0.877750,-1.909128
0.878250,-2.089525
0.878750,-2.060136
0.879250,-1.875238
0.879750,-1.225003
0.880250,-1.891927
0.880750,-1.969728
0.881250,-1.731979
0.881750,-2.032896
0.882250,-1.693836
0.882750,-1.887656
0.883250,-1.720514
0.883750,-1.141423
0.884250,-0.727071
0.884750,-1.137564
0.885250,-1.688754
0.885750,-1.322473
0.886250,-1.592117
0.886750,-1.252989
0.887250,-0.759659
0.887750,-1.699982
0.888250,-1.737255
0.888750,-1.794764
0.889250,-1.697800
0.889750,-1.323412
0.890250,-1.685325
0.890750,-1.853536
0.891250,-0.800440
0.891750,-0.991126
0.892250,-1.399663
0.892750,-1.162903
0.893250,-1.994499
0.893750,-1.609123
0.894250,-1.452280
0.894750,-1.265724
0.895250,-1.556072
0.895750,-1.527608
0.896250,-1.109878
0.896750,-1.065316
0.897250,-1.483636
0.897750,-1.396346
0.898250,-1.558288
0.898750,-1.255551
0.899250,-1.212438
0.899750,-1.208404
0.900250,-1.578433
0.900750,-1.479247
0.901250,-1.737903
0.901750,-1.933718
0.902250,-1.268541
0.902750,-1.591191
0.903250,-1.659123
0.903750,-1.736517
0.904250,-1.975525
0.904750,-1.794428
0.905250,-1.757887
0.905750,-1.395992
0.906250,-1.201080
0.906750,-0.982102
0.907250,-0.256231
0.907750,-0.641827
0.908250,-1.338690
0.908750,-0.795737
0.909250,-1.099328
0.909750,-1.138078
0.910250,-0.754896
0.910750,-0.914287
0.911250,-1.391130
0.911750,-0.904306
0.912250,-0.855464
0.912750,-1.169665
0.913250,-0.841872
0.913750,-0.590711
0.914250,-0.635911
0.914750,-0.539383
0.915250,-0.315852
0.915750,-0.025183
0.916250,-0.673332
0.916750,0.354913
0.917250,-0.038167
0.917750,0.104419
0.918250,-0.267170
0.918750,-0.093339
0.919250,-0.593671
0.919750,-0.077822
0.920250,-0.410092
0.920750,-0.449522
0.921250,0.032591
0.921750,0.232715
0.922250,0.123710
0.922750,0.147493
0.923250,-0.435739
0.923750,-0.270529
0.924250,-0.840713
0.924750,-0.386564
0.925250,-0.493110
0.925750,-0.015944
0.926250,-0.039742
0.926750,-0.073740
0.927250,-0.420371
0.927750,-0.125323
0.928250,-0.420134
0.928750,-0.404121
0.929250,0.079532
0.929750,0.067016
0.930250,-0.015148
0.930750,-0.069411
0.931250,0.095708
0.931750,0.119770
0.932250,-0.463839
0.932750,-0.292206
0.933250,-0.484743
0.933750,-0.853678
0.934250,-0.165640
0.934750,-1.125335
0.935250,-0.958053
0.935750,-0.451934
0.936250,-0.222009
0.936750,-0.836231
0.937250,-0.445037
0.937750,-0.357130
0.938250,-0.949358
0.938750,-0.496133
0.939250,-0.524972
0.939750,-1.096280
0.940250,-1.411341
0.940750,-0.952671
0.941250,-1.394823
0.941750,-0.849578
0.942250,-0.752765
0.942750,-0.798554
0.943250,-0.325176
0.943750,-0.317150
0.944250,-0.985309
0.944750,-0.642144
0.945250,-0.620786
0.945750,-1.038361
0.946250,-1.010848
0.946750,-0.641888
0.947250,-0.842510
0.947750,-1.285509
0.948250,-1.605206
0.948750,-0.857580
0.949250,-0.994405
0.949750,-1.530497
0.950250,-0.579360
0.950750,-0.844061
0.951250,-0.656419
0.951750,-0.644463
0.952250,-0.931878
0.952750,-1.446256
0.953250,-1.201495
0.953750,-1.247714
0.954250,-1.557008
0.954750,-0.971008
0.955250,-0.877177
0.955750,-1.473042
0.956250,-1.947882
0.956750,-1.352852
0.957250,-1.278318
0.957750,-1.690712
0.958250,-1.131086
0.958750,-0.949772
0.959250,-0.934029
0.959750,-1.133425
0.960250,-1.654884
0.960750,-1.953453
0.961250,-1.720857
0.961750,-1.389507
0.962250,-1.424831
0.962750,-0.765983
0.963250,-2.031843
0.963750,-1.442142
0.964250,-2.535068
0.964750,-1.853241
0.965250,-1.789781
0.965750,-1.936708
0.966250,-1.670444
0.966750,-1.093840
0.967250,-1.826590
0.967750,-1.829493
0.968250,-2.212028
0.968750,-2.083764
0.969250,-2.125432
0.969750,-2.229354
0.970250,-2.490277
0.970750,-2.234422
0.971250,-2.418694
0.971750,-2.220024
0.972250,-2.302695
0.972750,-2.344110
0.973250,-2.286632
0.973750,-2.017949
0.974250,-1.920410
0.974750,-2.129192
0.975250,-1.672192
0.975750,-2.102525
0.976250,-2.026145
0.976750,-2.112200
0.977250,-2.060646
0.977750,-1.947907
0.978250,-2.164922
0.978750,-1.678296
0.979250,-2.269669
0.979750,-1.905972
0.980250,-2.235282
0.980750,-1.775640
0.981250,-2.324191
0.981750,-1.154954
0.982250,-1.291599
0.982750,-1.694379
0.983250,-1.341744
0.983750,-1.165043
0.984250,-1.566596
0.984750,-1.012497
0.985250,-1.629221
0.985750,-1.847582
0.986250,-1.342207
0.986750,-1.693866
0.987250,-1.410219
0.987750,-1.221629
0.988250,-0.889332
0.988750,-1.319597
0.989250,-1.157212
0.989750,-0.808679
0.990250,-0.700898
0.990750,-0.320096
0.991250,-1.273614
0.991750,-0.782023
0.992250,-0.464198
0.992750,-1.594262
0.993250,-1.196329
0.993750,-1.384699
0.994250,-1.328498
0.994750,-1.247110
0.995250,-1.951150
0.995750,-1.380142
0.996250,-1.629731
0.996750,-1.391164
0.997250,-0.760707
0.997750,-1.469248
0.998250,-1.012465
0.998750,-0.648947
0.999250,-0.977969
0.999750,-1.049135
