0.000250,0.126842
0.000750,0.149718
0.001250,0.122204
0.001750,-0.162618
0.002250,-0.186988
0.002750,0.025204
0.003250,0.037185
0.003750,-0.050730
0.004250,0.133799
0.004750,0.265313
0.005250,0.334358
0.005750,0.419558
0.006250,0.286803
0.006750,0.188012
0.007250,0.091551
0.007750,0.117269
0.008250,0.316833
0.008750,0.151071
0.009250,0.144675
0.009750,-0.124261
0.010250,0.159903
0.010750,0.198334
0.011250,0.070449
0.011750,0.460847
0.012250,0.229822
0.012750,0.411044
0.013250,0.404748
0.013750,0.257626
0.014250,0.629752
0.014750,0.698190
0.015250,0.565964
0.015750,0.936114
0.016250,1.067479
0.016750,1.052391
0.017250,1.340702
0.017750,1.146496
0.018250,0.961735
0.018750,1.123672
0.019250,1.104398
0.019750,1.238789
0.020250,1.411365
0.020750,1.350143
0.021250,1.193054
0.021750,1.016102
0.022250,1.308721
0.022750,1.203795
0.023250,1.133523
0.023750,0.804160
0.024250,0.818734
0.024750,0.390866
0.025250,0.719295
0.025750,0.695091
0.026250,1.074342
0.026750,1.065488
0.027250,0.982908
0.027750,1.061043
0.028250,0.992872
0.028750,0.637409
0.029250,1.021846
0.029750,1.186028
0.030250,1.123733
0.030750,1.200146
0.031250,1.273562
0.031750,1.474664
0.032250,1.335461
0.032750,1.508275
0.033250,1.476187
0.033750,1.724589
0.034250,1.486740
0.034750,1.239924
0.035250,1.421521
0.035750,0.898069
0.036250,1.385710
0.036750,1.039604
0.037250,1.119001
0.037750,1.345122
0.038250,0.959462
0.038750,1.058037
0.039250,1.350963
0.039750,1.333993
0.040250,0.819340
0.040750,0.887995
0.041250,0.753226
0.041750,0.859809
0.042250,0.998391
0.042750,0.455997
0.043250,0.646697
0.043750,0.456766
0.044250,0.745155
0.044750,0.612459
0.045250,0.359808
0.045750,0.681419
0.046250,1.101410
0.046750,0.309783
0.047250,0.596633
0.047750,0.803187
0.048250,0.932277
0.048750,1.282817
0.049250,1.142791
0.049750,0.940859
0.050250,0.680472
0.050750,0.715529
0.051250,0.459750
0.051750,0.223819
0.052250,0.364092
0.052750,1.180974
0.053250,0.676244
0.053750,0.875181
0.054250,0.401597
0.054750,1.308526
0.055250,1.178508
0.055750,1.138001
0.056250,1.393976
0.056750,1.496285
0.057250,1.419516
0.057750,0.902172
0.058250,1.455749
0.058750,1.637293
0.059250,1.369887
0.059750,1.451349
0.060250,1.435310
0.060750,1.454002
0.061250,1.275882
0.061750,1.522044
0.062250,1.773914
0.062750,1.771966
0.063250,1.147049
0.063750,1.453750
0.064250,1.662798
0.064750,1.436100
0.065250,1.389595
0.065750,0.916116
0.066250,1.353968
0.066750,1.239848
0.067250,1.558270
0.067750,1.379868
0.068250,0.766886
0.068750,1.360524
0.069250,1.272214
0.069750,0.546518
0.070250,1.438223
0.070750,1.221309
0.071250,0.854183
0.071750,1.137242
0.072250,0.999460
0.072750,1.183738
0.073250,0.469525
0.073750,0.907157
0.074250,0.919732
0.074750,1.084767
0.075250,0.882570
0.075750,1.325825
0.076250,1.195248
0.076750,1.168449
0.077250,0.856629
0.077750,1.124293
0.078250,0.648815
0.078750,0.759789
0.079250,1.392828
0.079750,0.820813
0.080250,1.124250
0.080750,0.794715
0.081250,1.168910
0.081750,1.599015
0.082250,1.142723
0.082750,1.214484
0.083250,1.962563
0.083750,1.119848
0.084250,1.332250
0.084750,1.166120
0.085250,1.547128
0.085750,1.385025
0.086250,1.399768
0.086750,1.274812
0.087250,1.546876
0.087750,1.707325
0.088250,1.023395
0.088750,1.635352
0.089250,1.343795
0.089750,1.382800
0.090250,1.117840
0.090750,1.207458
0.091250,0.793786
0.091750,1.180415
0.092250,1.244527
0.092750,1.304132
0.093250,0.784406
0.093750,0.943691
0.094250,0.500625
0.094750,0.854720
0.095250,1.043846
0.095750,1.215270
0.096250,0.710585
0.096750,0.492953
0.097250,0.497636
0.097750,0.644273
0.098250,0.258008
0.098750,0.457919
0.099250,0.848843
0.099750,0.088132
0.100250,0.510464
0.100750,-0.137082
0.101250,0.671461
0.101750,0.057212
0.102250,0.182658
0.102750,-0.332757
0.103250,-0.411116
0.103750,-0.513668
0.104250,0.273380
0.104750,0.193549
0.105250,-0.362044
0.105750,0.106770
0.106250,-0.102057
0.106750,0.211035
0.107250,-0.432593
0.107750,0.867119
0.108250,0.929075
0.108750,-0.184921
0.109250,1.022770
0.109750,1.373887
0.110250,0.467071
0.110750,-0.057726
0.111250,0.176314
0.111750,0.434721
0.112250,0.426833
0.112750,0.714475
0.113250,0.766204
0.113750,0.450672
0.114250,0.269340
0.114750,0.632803
0.115250,0.843516
0.115750,0.509528
0.116250,0.631815
0.116750,0.069843
0.117250,0.344293
0.117750,0.262308
0.118250,0.114201
0.118750,0.455405
0.119250,0.572576
0.119750,1.072694
0.120250,1.100032
0.120750,0.773233
0.121250,0.385229
0.121750,0.615847
0.122250,0.891201
0.122750,1.456214
0.123250,1.223597
0.123750,1.189159
0.124250,1.573776
0.124750,1.718587
0.125250,0.829604
0.125750,0.689810
0.126250,0.501904
0.126750,0.758255
0.127250,0.461359
0.127750,0.568403
0.128250,1.058029
0.128750,0.257498
0.129250,0.532989
0.129750,0.686144
0.130250,1.108015
0.130750,1.341806
0.131250,0.654447
0.131750,0.937457
0.132250,1.166641
0.132750,0.884381
0.133250,1.496410
0.133750,0.840365
0.134250,1.310004
0.134750,1.346331
0.135250,1.103688
0.135750,1.081704
0.136250,-0.021503
0.136750,0.382245
0.137250,0.253305
0.137750,-0.011297
0.138250,0.425355
0.138750,-0.770974
0.139250,-0.746115
0.139750,0.509854
0.140250,0.501366
0.140750,-0.046420
0.141250,-0.040349
0.141750,-0.127226
0.142250,-0.085775
0.142750,-0.238086
0.143250,-0.175235
0.143750,-0.643852
0.144250,-0.441804
0.144750,-0.244809
0.145250,-0.339895
0.145750,-0.505204
0.146250,-0.542893
0.146750,-0.819185
0.147250,-0.104180
0.147750,0.216134
0.148250,-0.541535
0.148750,-0.435629
0.149250,-0.076829
0.149750,0.021320
0.150250,0.151433
0.150750,0.064545
0.151250,-0.599557
0.151750,-0.102527
0.152250,0.307027
0.152750,0.187674
0.153250,-0.146893
0.153750,-1.049067
0.154250,-0.382571
0.154750,-0.690117
0.155250,-0.159247
0.155750,-0.369388
0.156250,-0.814147
0.156750,0.019368
0.157250,-0.350297
0.157750,-0.451293
0.158250,-0.266916
0.158750,0.323783
0.159250,0.328776
0.159750,-0.444853
0.160250,0.181506
0.160750,-0.279429
0.161250,-0.236380
0.161750,0.197044
0.162250,-0.097035
0.162750,0.148788
0.163250,0.341256
0.163750,0.485051
0.164250,0.312818
0.164750,0.060520
0.165250,0.611524
0.165750,-0.201277
0.166250,0.030276
0.166750,0.187844
0.167250,0.389863
0.167750,0.002275
0.168250,0.091257
0.168750,0.393942
0.169250,-0.162993
0.169750,0.213824
0.170250,-0.622521
0.170750,-0.338603
0.171250,-0.707165
0.171750,-0.695914
0.172250,-1.059493
0.172750,-0.367544
0.173250,-0.347231
0.173750,-0.297476
0.174250,-0.540864
0.174750,-0.268609
0.175250,-0.261221
0.175750,-0.950992
0.176250,-0.554253
0.176750,-0.867874
0.177250,-0.803064
0.177750,-0.085814
0.178250,-0.543623
0.178750,-0.606300
0.179250,0.109435
0.179750,-0.425936
0.180250,-1.138438
0.180750,-1.241058
0.181250,-0.521366
0.181750,-0.170668
0.182250,-0.676247
0.182750,-0.335805
0.183250,0.035496
0.183750,-0.566609
0.184250,-1.290795
0.184750,-0.748828
0.185250,-0.903150
0.185750,-1.140226
0.186250,-0.948060
0.186750,-1.309756
0.187250,-0.846038
0.187750,-1.557546
0.188250,-1.155897
0.188750,-0.993433
0.189250,-1.260122
0.189750,-0.747432
0.190250,-0.422593
0.190750,-1.037014
0.191250,-0.956140
0.191750,-0.749853
0.192250,-0.864112
0.192750,-1.230261
0.193250,-0.956380
0.193750,0.070274
0.194250,-0.239253
0.194750,-0.504470
0.195250,-0.742661
0.195750,-0.336406
0.196250,-0.609516
0.196750,-0.566269
0.197250,0.141701
0.197750,-0.575061
0.198250,-0.876276
0.198750,-0.700817
0.199250,-0.610106
0.199750,-0.885048
0.200250,-0.900040
0.200750,-0.049493
0.201250,-0.621282
0.201750,-0.364922
0.202250,-0.421973
0.202750,-0.824769
0.203250,-1.058894
0.203750,-0.825796
0.204250,0.800129
0.204750,-0.457404
0.205250,0.064505
0.205750,-0.043637
0.206250,-0.512752
0.206750,-0.447016
0.207250,-0.181180
0.207750,-0.314951
0.208250,-0.172398
0.208750,0.298154
0.209250,0.399197
0.209750,0.821731
0.210250,0.651280
0.210750,0.205379
0.211250,1.714475
0.211750,0.703837
0.212250,0.482354
0.212750,0.992187
0.213250,0.581859
0.213750,0.956162
0.214250,0.563366
0.214750,1.790282
0.215250,1.169351
0.215750,0.688997
0.216250,0.591711
0.216750,-0.664738
0.217250,-0.785085
0.217750,0.604631
0.218250,0.725506
0.218750,0.751145
0.219250,0.812215
0.219750,0.035766
0.220250,0.742458
0.220750,0.091240
0.221250,-0.071042
0.221750,1.039397
0.222250,-0.174428
0.222750,-0.027453
0.223250,0.555235
0.223750,1.223443
0.224250,1.257974
0.224750,0.635795
0.225250,0.547805
0.225750,0.954879
0.226250,1.284211
0.226750,0.924172
0.227250,1.110583
0.227750,0.375236
0.228250,0.241261
0.228750,-0.072506
0.229250,0.826552
0.229750,0.882436
0.230250,0.727139
0.230750,0.917479
0.231250,0.390100
0.231750,0.531187
0.232250,-0.119444
0.232750,0.618061
0.233250,1.499591
0.233750,0.901499
0.234250,0.551676
0.234750,0.560545
0.235250,0.598015
0.235750,0.240599
0.236250,-0.570993
0.236750,-0.191173
0.237250,0.503586
0.237750,-0.366918
0.238250,-0.589157
0.238750,0.171753
0.239250,-0.043703
0.239750,-0.665928
0.240250,-0.047824
0.240750,-0.013066
0.241250,-0.322761
0.241750,-0.386797
0.242250,0.223845
0.242750,0.426402
0.243250,-0.584980
0.243750,-0.039100
0.244250,0.131577
0.244750,0.087788
0.245250,-0.418090
0.245750,0.532104
0.246250,0.446400
0.246750,-0.385215
0.247250,0.480516
0.247750,-0.077543
0.248250,-0.280933
0.248750,0.556406
0.249250,0.728436
0.249750,-0.252402
0.250250,0.783700
0.250750,-0.154643
0.251250,0.426747
0.251750,-0.154275
0.252250,0.326387
0.252750,0.981370
0.253250,0.200684
0.253750,-0.050458
0.254250,0.893954
0.254750,-0.011487
0.255250,0.531617
0.255750,-0.024229
0.256250,0.362125
0.256750,0.454311
0.257250,0.874836
0.257750,-0.374223
0.258250,0.241595
0.258750,0.052324
0.259250,0.180598
0.259750,0.783375
0.260250,1.021434
0.260750,0.352091
0.261250,-0.325834
0.261750,0.826530
0.262250,0.746731
0.262750,0.368047
0.263250,1.025695
0.263750,1.632684
0.264250,1.394563
0.264750,0.745730
0.265250,1.408978
0.265750,0.811635
0.266250,1.191075
0.266750,1.295015
0.267250,0.798096
0.267750,0.756170
0.268250,1.149810
0.268750,1.239239
0.269250,0.250240
0.269750,0.307007
0.270250,1.881568
0.270750,2.090423
0.271250,0.773555
0.271750,-0.208022
0.272250,0.392891
0.272750,0.501598
0.273250,1.563815
0.273750,0.965516
0.274250,0.991318
0.274750,0.625056
0.275250,0.064570
0.275750,0.538535
0.276250,0.088148
0.276750,0.708430
0.277250,1.055105
0.277750,-0.476120
0.278250,0.382479
0.278750,0.670839
0.279250,0.267622
0.279750,-0.265792
0.280250,-0.272633
0.280750,0.328397
0.281250,0.186599
0.281750,1.163973
0.282250,0.147737
0.282750,0.515451
0.283250,0.249012
0.283750,-0.377101
0.284250,0.437624
0.284750,-0.324682
0.285250,1.198703
0.285750,0.390030
0.286250,-0.193140
0.286750,0.184660
0.287250,-0.179645
0.287750,0.594203
0.288250,-0.100860
0.288750,-0.272592
0.289250,0.104281
0.289750,-0.784517
0.290250,0.253312
0.290750,0.421319
0.291250,-0.328909
0.291750,0.604462
0.292250,-0.590311
0.292750,0.483455
0.293250,-1.328579
0.293750,-0.272024
0.294250,-0.130846
0.294750,-0.297622
0.295250,-0.384646
0.295750,-0.883343
0.296250,-0.650943
0.296750,-1.258675
0.297250,0.331677
0.297750,-1.186000
0.298250,-0.381673
0.298750,0.273235
0.299250,-0.449386
0.299750,-0.020380
0.300250,0.043661
0.300750,-0.075547
0.301250,-0.621924
0.301750,1.186203
0.302250,-0.214525
0.302750,0.043205
0.303250,0.152983
0.303750,0.061951
0.304250,-0.257333
0.304750,0.562475
0.305250,-0.662951
0.305750,0.788723
0.306250,1.057800
0.306750,0.255849
0.307250,-0.146427
0.307750,-0.005274
0.308250,0.407707
0.308750,-0.299903
0.309250,0.868795
0.309750,-0.540614
0.310250,-0.365471
0.310750,0.222884
0.311250,0.481048
0.311750,-0.029612
0.312250,0.203184
0.312750,1.059068
0.313250,0.432813
0.313750,0.162063
0.314250,-0.324598
0.314750,0.219501
0.315250,-0.012397
0.315750,1.499789
0.316250,0.273604
0.316750,-0.582318
0.317250,0.186504
0.317750,-0.676157
0.318250,0.003624
0.318750,1.149454
0.319250,0.320203
0.319750,0.092954
0.320250,-0.070017
0.320750,-0.112489
0.321250,0.489152
0.321750,0.566958
0.322250,1.014763
0.322750,0.662308
0.323250,0.922069
0.323750,1.162393
0.324250,1.399652
0.324750,0.738176
0.325250,1.150271
0.325750,1.085133
0.326250,1.708552
0.326750,0.625484
0.327250,2.584337
0.327750,1.146241
0.328250,0.421638
0.328750,1.576892
0.329250,2.487357
0.329750,1.386179
0.330250,0.471480
0.330750,1.517550
0.331250,1.040377
0.331750,1.399664
0.332250,1.432156
0.332750,1.333267
0.333250,1.403648
0.333750,1.482683
0.334250,0.851264
0.334750,1.870540
0.335250,0.321682
0.335750,1.652290
0.336250,0.216125
0.336750,1.305207
0.337250,1.754893
0.337750,1.365883
0.338250,0.797989
0.338750,1.452136
0.339250,1.966385
0.339750,1.408554
0.340250,1.140505
0.340750,1.321984
0.341250,0.986943
0.341750,1.365730
0.342250,1.256386
0.342750,1.502627
0.343250,1.559690
0.343750,1.869920
0.344250,1.302906
0.344750,1.618587
0.345250,1.670813
0.345750,2.089122
0.346250,2.203159
0.346750,2.504091
0.347250,2.099965
0.347750,1.524451
0.348250,1.914589
0.348750,1.560002
0.349250,2.057719
0.349750,1.342784
0.350250,0.252788
0.350750,1.678449
0.351250,2.003410
0.351750,2.198498
0.352250,0.512497
0.352750,1.265666
0.353250,1.148601
0.353750,2.026461
0.354250,1.249278
0.354750,2.203311
0.355250,0.978210
0.355750,1.248332
0.356250,1.896924
0.356750,1.230664
0.357250,0.615219
0.357750,1.368666
0.358250,0.758684
0.358750,0.335440
0.359250,0.318691
0.359750,0.697788
0.360250,0.768665
0.360750,1.313382
0.361250,1.862294
0.361750,0.986316
0.362250,1.167123
0.362750,-0.168623
0.363250,0.727576
0.363750,0.660453
0.364250,-0.310156
0.364750,0.519379
0.365250,2.421550
0.365750,0.647993
0.366250,1.656681
0.366750,0.859934
0.367250,1.454479
0.367750,1.343540
0.368250,0.855800
0.368750,1.314162
0.369250,1.261180
0.369750,1.387113
0.370250,2.366769
0.370750,0.837627
0.371250,0.751708
0.371750,-0.142771
0.372250,1.291034
0.372750,1.472351
0.373250,1.952352
0.373750,0.441330
0.374250,0.708736
0.374750,2.126139
0.375250,1.027603
0.375750,2.464276
0.376250,0.453953
0.376750,1.791183
0.377250,1.029602
0.377750,0.895734
0.378250,1.483119
0.378750,0.988472
0.379250,0.934907
0.379750,2.073998
0.380250,1.420079
0.380750,1.538365
0.381250,1.579631
0.381750,0.870218
0.382250,0.919928
0.382750,3.115050
0.383250,1.153575
0.383750,1.920114
0.384250,1.890524
0.384750,3.221450
0.385250,1.061985
0.385750,3.217079
0.386250,1.862600
0.386750,2.217556
0.387250,1.318149
0.387750,2.443686
0.388250,2.270207
0.388750,1.770556
0.389250,2.860409
0.389750,1.666861
0.390250,4.205095
0.390750,2.666517
0.391250,2.831460
0.391750,1.833600
0.392250,1.935851
0.392750,2.524495
0.393250,2.857407
0.393750,3.651659
0.394250,2.783062
0.394750,2.832384
0.395250,2.571356
0.395750,2.210710
0.396250,2.834970
0.396750,1.924322
0.397250,3.052259
0.397750,2.973633
0.398250,2.942890
0.398750,2.511920
0.399250,2.919169
0.399750,3.484076
0.400250,2.675437
0.400750,3.006450
0.401250,2.170105
0.401750,2.615310
0.402250,1.599116
0.402750,1.530536
0.403250,2.953294
0.403750,2.387287
0.404250,2.547767
0.404750,0.392008
0.405250,0.832661
0.405750,1.907970
0.406250,1.855707
0.406750,2.257116
0.407250,0.952707
0.407750,1.928374
0.408250,1.503593
0.408750,1.806843
0.409250,2.361165
0.409750,1.858642
0.410250,-0.351242
0.410750,1.627082
0.411250,1.497381
0.411750,1.984799
0.412250,1.593758
0.412750,1.208079
0.413250,1.404000
0.413750,1.924146
0.414250,1.154437
0.414750,1.335543
0.415250,2.714474
0.415750,1.340208
0.416250,3.129348
0.416750,2.494635
0.417250,1.071592
0.417750,1.454183
0.418250,1.296818
0.418750,0.400897
0.419250,1.351480
0.419750,1.742848
0.420250,0.791972
0.420750,0.935322
0.421250,1.445683
0.421750,1.048157
0.422250,1.782023
0.422750,0.649472
0.423250,1.123422
0.423750,1.213147
0.424250,1.570712
0.424750,0.925335
0.425250,0.675532
0.425750,0.745008
0.426250,0.247656
0.426750,1.036187
0.427250,0.403505
0.427750,0.653108
0.428250,0.560583
0.428750,0.912711
0.429250,0.713980
0.429750,1.196018
0.430250,0.488094
0.430750,2.405737
0.431250,0.862575
0.431750,2.123318
0.432250,0.860598
0.432750,1.620859
0.433250,1.000960
0.433750,0.351184
0.434250,1.564197
0.434750,2.028283
0.435250,1.713920
0.435750,1.469097
0.436250,1.739108
0.436750,1.247482
0.437250,0.019044
0.437750,0.387025
0.438250,1.335150
0.438750,1.738704
0.439250,1.017623
0.439750,1.838500
0.440250,1.589846
0.440750,1.926414
0.441250,2.026816
0.441750,0.887735
0.442250,1.137402
0.442750,1.452396
0.443250,1.600209
0.443750,1.670835
0.444250,0.766486
0.444750,1.126772
0.445250,2.227391
0.445750,1.438036
0.446250,0.928416
0.446750,1.008617
0.447250,1.979695
0.447750,1.034235
0.448250,0.991405
0.448750,1.756402
0.449250,0.764196
0.449750,1.452769
0.450250,1.825904
0.450750,1.737630
0.451250,0.818558
0.451750,0.092183
0.452250,1.218618
0.452750,2.386236
0.453250,1.748466
0.453750,0.952390
0.454250,0.607747
0.454750,1.879560
0.455250,2.337673
0.455750,1.508370
0.456250,1.774954
0.456750,1.546745
0.457250,1.572230
0.457750,1.974714
0.458250,2.481309
0.458750,2.001059
0.459250,1.109355
0.459750,1.969322
0.460250,2.652505
0.460750,3.958666
0.461250,3.039137
0.461750,2.609167
0.462250,1.952964
0.462750,2.681891
0.463250,3.093209
0.463750,3.309260
0.464250,1.372401
0.464750,2.382590
0.465250,3.355485
0.465750,3.476133
0.466250,3.331367
0.466750,2.299791
0.467250,3.674058
0.467750,1.833572
0.468250,4.237041
0.468750,2.349341
0.469250,2.215304
0.469750,1.717658
0.470250,2.885935
0.470750,2.146876
0.471250,2.867411
0.471750,3.483090
0.472250,2.109704
0.472750,2.990184
0.473250,2.313838
0.473750,2.811657
0.474250,3.360445
0.474750,1.624822
0.475250,2.997066
0.475750,1.375894
0.476250,2.583655
0.476750,2.539609
0.477250,4.023178
0.477750,1.769735
0.478250,2.882922
0.478750,3.229345
0.479250,2.395002
0.479750,1.763706
0.480250,2.035513
0.480750,2.946863
0.481250,2.992145
0.481750,2.284956
0.482250,1.998348
0.482750,2.074200
0.483250,2.454285
0.483750,2.081914
0.484250,2.754403
0.484750,1.146924
0.485250,1.961739
0.485750,2.135402
0.486250,1.849830
0.486750,3.040948
0.487250,1.710533
0.487750,2.793712
0.488250,2.837501
0.488750,2.597414
0.489250,2.442402
0.489750,3.150186
0.490250,2.800151
0.490750,3.155219
0.491250,2.881875
0.491750,2.322897
0.492250,2.084097
0.492750,1.800691
0.493250,2.134778
0.493750,1.601835
0.494250,3.242347
0.494750,3.419502
0.495250,2.344785
0.495750,1.916343
0.496250,2.279125
0.496750,1.906777
0.497250,1.812328
0.497750,0.968498
0.498250,1.667570
0.498750,1.775893
0.499250,1.156259
0.499750,1.974831
0.500250,1.689386
0.500750,1.943154
0.501250,1.321161
0.501750,2.532624
0.502250,1.007212
0.502750,0.982882
0.503250,0.644273
0.503750,0.537035
0.504250,1.137554
0.504750,1.041858
0.505250,1.094522
0.505750,1.849463
0.506250,1.463611
0.506750,1.361335
0.507250,2.433939
0.507750,-0.500080
0.508250,-1.134822
0.508750,0.252239
0.509250,1.268358
0.509750,0.748683
0.510250,2.550629
0.510750,1.853857
0.511250,0.825341
0.511750,2.381734
0.512250,0.823488
0.512750,1.707191
0.513250,-0.304553
0.513750,0.966979
0.514250,2.280692
0.514750,1.206764
0.515250,0.494678
0.515750,0.491325
0.516250,1.444956
0.516750,0.457589
0.517250,1.203511
0.517750,1.476338
0.518250,1.458553
0.518750,1.071182
0.519250,0.977078
0.519750,1.083539
0.520250,1.009694
0.520750,2.056810
0.521250,1.602122
0.521750,0.851803
0.522250,2.044895
0.522750,1.850246
0.523250,0.940458
0.523750,2.747286
0.524250,1.068160
0.524750,2.361862
0.525250,2.416716
0.525750,1.980337
0.526250,1.848608
0.526750,1.790122
0.527250,1.038641
0.527750,1.238150
0.528250,1.631451
0.528750,0.026117
0.529250,0.058547
0.529750,2.028972
0.530250,-0.247502
0.530750,1.467281
0.531250,0.987533
0.531750,0.377588
0.532250,0.952724
0.532750,1.480602
0.533250,1.498378
0.533750,-0.037204
0.534250,-0.109179
0.534750,0.435994
0.535250,0.269652
0.535750,1.717169
0.536250,2.246702
0.536750,0.397847
0.537250,1.601145
0.537750,1.400610
0.538250,2.089073
0.538750,1.239778
0.539250,1.286673
0.539750,0.629190
0.540250,1.131335
0.540750,0.952881
0.541250,2.989759
0.541750,0.407430
0.542250,2.323141
0.542750,1.017362
0.543250,2.317655
0.543750,2.806628
0.544250,1.079626
0.544750,1.778531
0.545250,2.426180
0.545750,1.113763
0.546250,1.301936
0.546750,0.758450
0.547250,0.943247
0.547750,1.386821
0.548250,2.986230
0.548750,1.945295
0.549250,1.885372
0.549750,2.465732
0.550250,0.473891
0.550750,0.334235
0.551250,1.660496
0.551750,1.271920
0.552250,1.080995
0.552750,0.752103
0.553250,1.215069
0.553750,1.076525
0.554250,2.067405
0.554750,2.330092
0.555250,0.102936
0.555750,1.709567
0.556250,0.242377
0.556750,-0.479496
0.557250,0.691743
0.557750,0.661603
0.558250,1.891359
0.558750,0.072635
0.559250,-0.176508
0.559750,0.216106
0.560250,1.507371
0.560750,1.611907
0.561250,1.108355
0.561750,0.345735
0.562250,-0.288341
0.562750,0.818546
0.563250,0.491637
0.563750,1.572597
0.564250,-0.534806
0.564750,0.537331
0.565250,1.025729
0.565750,1.061136
0.566250,0.699909
0.566750,1.621339
0.567250,2.062099
0.567750,1.126592
0.568250,1.208879
0.568750,0.048385
0.569250,-0.641730
0.569750,0.511100
0.570250,0.160409
0.570750,0.397606
0.571250,0.250206
0.571750,0.185729
0.572250,1.251776
0.572750,0.297497
0.573250,1.230108
0.573750,0.228233
0.574250,0.076688
0.574750,-0.350576
0.575250,0.139935
0.575750,-0.372632
0.576250,-0.337659
0.576750,0.928082
0.577250,0.674552
0.577750,0.358274
0.578250,-0.033291
0.578750,0.322158
0.579250,-0.968760
0.579750,-1.320281
0.580250,0.142605
0.580750,-0.758525
0.581250,-0.135380
0.581750,-1.128792
0.582250,-0.686648
0.582750,0.128143
0.583250,-1.198743
0.583750,-0.627897
0.584250,0.906810
0.584750,-0.186345
0.585250,0.197850
0.585750,-1.529796
0.586250,-1.416859
0.586750,0.193531
0.587250,-0.270699
0.587750,0.076020
0.588250,-1.473409
0.588750,-1.439066
0.589250,0.576621
0.589750,-0.585174
0.590250,-1.015314
0.590750,-0.089618
0.591250,-1.547902
0.591750,-0.291035
0.592250,0.434328
0.592750,-1.423635
0.593250,0.922914
0.593750,-1.268659
0.594250,-0.718498
0.594750,0.987348
0.595250,0.020303
0.595750,-0.853881
0.596250,-0.335444
0.596750,1.185281
0.597250,1.129552
0.597750,1.247146
0.598250,0.736466
0.598750,0.591882
0.599250,1.368850
0.599750,-0.710439
0.600250,0.407590
0.600750,-0.869398
0.601250,0.471816
0.601750,-0.850036
0.602250,-0.498538
0.602750,0.487017
0.603250,0.368605
0.603750,-0.843233
0.604250,1.862767
0.604750,0.102757
0.605250,-0.255007
0.605750,-0.550446
0.606250,-0.397321
0.606750,0.516094
0.607250,-0.054867
0.607750,-1.133185
0.608250,-0.688153
0.608750,0.817658
0.609250,0.166888
0.609750,0.532341
0.610250,0.403592
0.610750,0.021382
0.611250,0.307991
0.611750,1.300686
0.612250,-0.131255
0.612750,-1.602168
0.613250,-1.555157
0.613750,0.254080
0.614250,-0.544385
0.614750,1.219669
0.615250,-0.549641
0.615750,-0.684951
0.616250,-2.619993
0.616750,1.110164
0.617250,0.107115
0.617750,0.074298
0.618250,0.607092
0.618750,-0.885705
0.619250,-0.753526
0.619750,-1.135650
0.620250,-0.404664
0.620750,-0.280391
0.621250,-0.322273
0.621750,-0.385132
0.622250,0.298848
0.622750,0.047145
0.623250,1.216678
0.623750,-0.546509
0.624250,0.569294
0.624750,0.669042
0.625250,-0.225793
0.625750,-1.290699
0.626250,-1.383167
0.626750,0.650997
0.627250,-0.061325
0.627750,0.785052
0.628250,1.329193
0.628750,0.631450
0.629250,1.642868
0.629750,1.581757
0.630250,0.209819
0.630750,1.109460
0.631250,1.631884
0.631750,-0.242626
0.632250,1.086072
0.632750,0.685731
0.633250,1.503320
0.633750,0.941212
0.634250,0.536718
0.634750,1.100062
0.635250,-0.170586
0.635750,0.402122
0.636250,0.737789
0.636750,1.919885
0.637250,1.846761
0.637750,1.037123
0.638250,-0.482422
0.638750,0.885734
0.639250,1.564033
0.639750,-0.144005
0.640250,1.479191
0.640750,-0.245449
0.641250,1.888367
0.641750,-0.405927
0.642250,0.409909
0.642750,0.166209
0.643250,1.256366
0.643750,0.510740
0.644250,0.604728
0.644750,0.593865
0.645250,0.148964
0.645750,-0.301543
0.646250,-0.874782
0.646750,1.269798
0.647250,1.393388
0.647750,1.715207
0.648250,-0.012352
0.648750,1.197790
0.649250,0.458847
0.649750,0.702981
0.650250,1.468940
0.650750,0.194768
0.651250,0.291420
0.651750,0.471262
0.652250,1.690439
0.652750,1.270220
0.653250,0.637853
0.653750,-0.613590
0.654250,0.482561
0.654750,0.698031
0.655250,0.613541
0.655750,0.653695
0.656250,0.837999
0.656750,-1.180129
0.657250,0.122727
0.657750,0.441493
0.658250,2.902625
0.658750,1.206621
0.659250,-0.561614
0.659750,0.176278
0.660250,-0.749502
0.660750,0.241245
0.661250,-0.028572
0.661750,-0.194222
0.662250,0.925334
0.662750,0.034418
0.663250,0.124812
0.663750,-0.231407
0.664250,-0.578430
0.664750,-0.897186
0.665250,1.506355
0.665750,-0.635536
0.666250,-0.665298
0.666750,-0.080073
0.667250,0.788063
0.667750,0.840222
0.668250,-1.931273
0.668750,-0.696085
0.669250,-0.823185
0.669750,-0.325854
0.670250,-1.526227
0.670750,-1.267072
0.671250,-0.115550
0.671750,-1.146906
0.672250,-1.352551
0.672750,-1.781654
0.673250,0.010919
0.673750,-0.851381
0.674250,-1.461853
0.674750,-1.491058
0.675250,0.039171
0.675750,0.364069
0.676250,-1.253479
0.676750,-1.051573
0.677250,-0.568856
0.677750,-1.272239
0.678250,-1.002489
0.678750,-1.148391
0.679250,-1.229355
0.679750,-2.160902
0.680250,-1.361627
0.680750,-1.333553
0.681250,-2.665716
0.681750,-2.062024
0.682250,-2.438773
0.682750,-0.803150
0.683250,-1.585569
0.683750,-0.188426
0.684250,-0.210152
0.684750,-1.713200
0.685250,-1.062732
0.685750,-0.825649
0.686250,-1.168698
0.686750,-0.314501
0.687250,-1.400938
0.687750,-0.480231
0.688250,-1.022400
0.688750,-1.794328
0.689250,-1.145536
0.689750,-1.186603
0.690250,-0.922762
0.690750,0.435572
0.691250,-0.733753
0.691750,0.028909
0.692250,-1.190941
0.692750,-0.081197
0.693250,-0.394245
0.693750,-0.275997
0.694250,-1.766324
0.694750,0.154621
0.695250,-1.142888
0.695750,-1.710394
0.696250,-1.953585
0.696750,-0.825459
0.697250,-1.072993
0.697750,-1.091721
0.698250,-2.124768
0.698750,-1.233635
0.699250,0.051089
0.699750,0.169548
0.700250,-1.153817
0.700750,-0.312642
0.701250,-0.373745
0.701750,-1.063240
0.702250,-0.483090
0.702750,-1.369447
0.703250,-0.102294
0.703750,-0.843117
0.704250,-2.481613
0.704750,-1.539929
0.705250,-1.907583
0.705750,-0.735616
0.706250,-1.512774
0.706750,-0.972490
0.707250,-0.156044
0.707750,-0.429305
0.708250,-0.922515
0.708750,-1.444162
0.709250,-1.005711
0.709750,-1.369137
0.710250,-0.308508
0.710750,-0.316603
0.711250,-1.389894
0.711750,-0.129046
0.712250,-0.540857
0.712750,-1.348301
0.713250,-0.990013
0.713750,-1.165136
0.714250,0.254882
0.714750,-0.424940
0.715250,-2.414499
0.715750,-1.322675
0.716250,-0.605169
0.716750,-1.008277
0.717250,-0.605474
0.717750,-0.121514
0.718250,0.539029
0.718750,1.193586
0.719250,0.289512
0.719750,-0.557640
0.720250,-1.367623
0.720750,0.056754
0.721250,-0.609952
0.721750,-0.095479
0.722250,-0.747033
0.722750,0.406527
0.723250,0.897659
0.723750,1.155754
0.724250,-0.032220
0.724750,-0.375291
0.725250,0.539700
0.725750,-0.008986
0.726250,0.418695
0.726750,0.221475
0.727250,-1.702842
0.727750,-1.199823
0.728250,-1.048983
0.728750,0.101403
0.729250,-1.632120
0.729750,-1.988234
0.730250,-1.418019
0.730750,-0.196228
0.731250,-1.159485
0.731750,-0.735550
0.732250,0.424519
0.732750,-0.778816
0.733250,1.074398
0.733750,-1.313023
0.734250,-1.066273
0.734750,-1.331077
0.735250,-1.690520
0.735750,-1.726023
0.736250,-1.036415
0.736750,-1.572033
0.737250,-0.382465
0.737750,-0.800784
0.738250,-2.200597
0.738750,-0.971431
0.739250,-1.696341
0.739750,-2.293071
0.740250,-1.925581
0.740750,-2.499432
0.741250,-1.855487
0.741750,-1.645488
0.742250,-0.988818
0.742750,-0.581667
0.743250,-1.772376
0.743750,-2.215008
0.744250,-2.739061
0.744750,-3.047426
0.745250,0.138891
0.745750,-1.343866
0.746250,-2.072934
0.746750,-2.807232
0.747250,-1.120468
0.747750,-0.781918
0.748250,-2.412165
0.748750,-1.782865
0.749250,0.222890
0.749750,-0.320190
0.750250,-0.592466
0.750750,-1.434053
0.751250,-3.709123
0.751750,-1.953459
0.752250,-1.872332
0.752750,-0.428199
0.753250,-1.959409
0.753750,-0.345358
0.754250,-0.323664
0.754750,-1.151869
0.755250,-1.573604
0.755750,-1.687319
0.756250,-1.261639
0.756750,-1.009023
0.757250,-0.675156
0.757750,-1.375822
0.758250,-3.020061
0.758750,-2.371275
0.759250,-2.344009
0.759750,-2.314219
0.760250,-3.025136
0.760750,-3.333615
0.761250,-2.867039
0.761750,-0.530887
0.762250,-4.167861
0.762750,-2.899196
0.763250,-4.205687
0.763750,-2.891158
0.764250,-2.393161
0.764750,-3.284985
0.765250,-4.164028
0.765750,-3.606894
0.766250,-2.855512
0.766750,-2.048505
0.767250,-3.382637
0.767750,-2.584093
0.768250,-2.680680
0.768750,-3.383201
0.769250,-3.258652
0.769750,-2.651331
0.770250,-3.451665
0.770750,-1.495897
0.771250,-1.795693
0.771750,-2.521088
0.772250,-2.314309
0.772750,-2.690642
0.773250,-2.849048
0.773750,-2.897266
0.774250,-2.604540
0.774750,-2.286113
0.775250,-3.126040
0.775750,-3.432555
0.776250,-3.783073
0.776750,-2.813564
0.777250,-1.795863
0.777750,-3.832769
0.778250,-0.970835
0.778750,-3.431144
0.779250,-3.191297
0.779750,-3.953665
0.780250,-2.325439
0.780750,-2.399936
0.781250,-3.837164
0.781750,-3.188705
0.782250,-1.857292
0.782750,-1.299246
0.783250,-2.657458
0.783750,-3.340722
0.784250,-0.891545
0.784750,-2.704470
0.785250,-2.972854
0.785750,-0.517907
0.786250,-3.499618
0.786750,-3.000596
0.787250,-3.932224
0.787750,-1.003072
0.788250,-1.368664
0.788750,-1.136404
0.789250,-2.153712
0.789750,-2.382295
0.790250,-2.885641
0.790750,-2.833345
0.791250,-2.794211
0.791750,-1.945854
0.792250,-3.389384
0.792750,-3.625902
0.793250,-2.505111
0.793750,-2.416125
0.794250,-1.668220
0.794750,-3.708164
0.795250,-1.865037
0.795750,-1.661532
0.796250,-2.923885
0.796750,-3.288340
0.797250,-2.601626
0.797750,-0.824487
0.798250,-3.039313
0.798750,-1.568470
0.799250,-3.706537
0.799750,-3.012042
0.800250,-1.564767
0.800750,-2.405272
0.801250,-3.783750
0.801750,-2.277139
0.802250,-1.983245
0.802750,-2.582382
0.803250,-3.134664
0.803750,-1.749743
0.804250,-3.199393
0.804750,-2.128702
0.805250,-3.797152
0.805750,-2.325173
0.806250,-2.294592
0.806750,-1.895949
0.807250,-3.535713
0.807750,-1.332511
0.808250,-2.808768
0.808750,-1.788069
0.809250,-2.866894
0.809750,-1.885494
0.810250,-2.438772
0.810750,-0.502277
0.811250,-3.227904
0.811750,-1.494746
0.812250,-1.813461
0.812750,-1.555579
0.813250,-1.064464
0.813750,-0.322276
0.814250,-1.013736
0.814750,-0.869570
0.815250,-0.493527
0.815750,-1.411570
0.816250,-2.334269
0.816750,-2.081697
0.817250,-1.908793
0.817750,-0.043547
0.818250,-2.273984
0.818750,-1.717892
0.819250,0.534340
0.819750,-1.390841
0.820250,-0.465878
0.820750,-0.536902
0.821250,-0.642192
0.821750,-1.923806
0.822250,-1.913598
0.822750,-0.788819
0.823250,-0.984989
0.823750,-1.288487
0.824250,-1.804744
0.824750,-1.404274
0.825250,-0.461273
0.825750,-2.614484
0.826250,0.305871
0.826750,-0.018300
0.827250,-1.184186
0.827750,-0.377728
0.828250,-0.235767
0.828750,0.058538
0.829250,-1.473528
0.829750,-0.605624
0.830250,-0.355436
0.830750,-1.502253
0.831250,-1.042479
0.831750,-1.566217
0.832250,0.055315
0.832750,-1.014220
0.833250,-1.700786
0.833750,-0.675546
0.834250,-1.862514
0.834750,0.130558
0.835250,0.510757
0.835750,-1.723672
0.836250,-0.730904
0.836750,-1.056361
0.837250,-1.498379
0.837750,-2.959068
0.838250,-1.666116
0.838750,-0.491984
0.839250,-0.403241
0.839750,-1.717057
0.840250,-1.076431
0.840750,-1.187578
0.841250,-0.695463
0.841750,-0.346695
0.842250,-1.233110
0.842750,-0.392826
0.843250,-1.834775
0.843750,-0.579439
0.844250,-2.161770
0.844750,-2.876677
0.845250,-2.091317
0.845750,-2.480365
0.846250,-0.003181
0.846750,-1.152417
0.847250,-0.772655
0.847750,0.578941
0.848250,0.027795
0.848750,-2.545253
0.849250,-1.781770
0.849750,-0.381144
0.850250,-0.374634
0.850750,-2.365246
0.851250,-1.810120
0.851750,-1.922502
0.852250,-1.053939
0.852750,-0.744431
0.853250,-0.294576
0.853750,-2.707840
0.854250,0.295400
0.854750,-1.598105
0.855250,-1.581535
0.855750,0.526468
0.856250,-1.674883
0.856750,0.070802
0.857250,-1.368445
0.857750,-1.563544
0.858250,-1.450076
0.858750,-0.776336
0.859250,-2.018784
0.859750,-0.490364
0.860250,-0.832922
0.860750,-1.438614
0.861250,-2.066229
0.861750,-0.777727
0.862250,-0.110365
0.862750,-0.842724
0.863250,-0.768542
0.863750,-0.551734
0.864250,-2.869414
0.864750,-2.175448
0.865250,-1.034666
0.865750,-2.351431
0.866250,-1.768420
0.866750,-1.527590
0.867250,-2.111320
0.867750,-2.456007
0.868250,-2.005540
0.868750,-2.451667
0.869250,-1.765854
0.869750,-2.737553
0.870250,-1.613840
0.870750,-0.570738
0.871250,-2.432931
0.871750,-2.627277
0.872250,-3.144572
0.872750,-2.834270
0.873250,-4.023277
0.873750,-2.935161
0.874250,-2.872109
0.874750,-3.117705
0.875250,-1.196389
0.875750,-2.199814
0.876250,-0.417251
0.876750,-1.112185
0.877250,-1.595639
0.877750,-3.268546
0.878250,-0.499715
0.878750,-1.905773
0.879250,-1.512032
0.879750,-1.276869
0.880250,-2.139814
0.880750,-2.014785
0.881250,-0.853206
0.881750,-1.831584
0.882250,-1.079260
0.882750,-2.665831
0.883250,-1.951192
0.883750,-0.252910
0.884250,0.287981
0.884750,-3.030401
0.885250,-1.946508
0.885750,-1.356527
0.886250,-0.871225
0.886750,-0.797085
0.887250,-2.048200
0.887750,-3.068853
0.888250,-1.210038
0.888750,-1.998863
0.889250,-1.665796
0.889750,-2.463377
0.890250,-2.637826
0.890750,-2.117533
0.891250,-2.288995
0.891750,-0.008992
0.892250,-1.616226
0.892750,-1.667818
0.893250,-3.239390
0.893750,-1.866597
0.894250,-0.686707
0.894750,-1.286645
0.895250,-1.926939
0.895750,-0.372899
0.896250,-0.872644
0.896750,0.441233
0.897250,-1.804501
0.897750,-0.605491
0.898250,-1.019599
0.898750,-2.082173
0.899250,-0.251009
0.899750,-2.813495
0.900250,-1.537199
0.900750,-0.240718
0.901250,-2.139846
0.901750,-1.412081
0.902250,-0.994891
0.902750,-2.167969
0.903250,-0.725790
0.903750,-1.489930
0.904250,-1.973647
0.904750,-1.375864
0.905250,-1.177693
0.905750,-0.967661
0.906250,-0.929073
0.906750,-0.789533
0.907250,1.111102
0.907750,-1.565074
0.908250,-1.952885
0.908750,-0.043902
0.909250,-0.668807
0.909750,-0.718312
0.910250,-0.003719
0.910750,-0.837924
0.911250,-1.780721
0.911750,-1.736815
0.912250,-1.449693
0.912750,-1.223646
0.913250,-1.851199
0.913750,-1.128272
0.914250,-0.762239
0.914750,0.471156
0.915250,-0.407458
0.915750,-0.098875
0.916250,-1.176755
0.916750,1.153703
0.917250,-0.508701
0.917750,-0.224348
0.918250,-0.183179
0.918750,-1.898806
0.919250,-1.773593
0.919750,-0.551244
0.920250,-0.086687
0.920750,-2.259160
0.921250,-0.320859
0.921750,-1.137703
0.922250,-0.531709
0.922750,0.812635
0.923250,0.066138
0.923750,-1.186384
0.924250,-0.143402
0.924750,-1.129695
0.925250,0.278718
0.925750,-0.025309
0.926250,-0.062533
0.926750,0.274422
0.927250,-0.928862
0.927750,-0.695340
0.928250,-1.013258
0.928750,-1.153521
0.929250,0.450486
0.929750,-0.184232
0.930250,-0.377967
0.930750,1.030677
0.931250,0.573038
0.931750,-0.552020
0.932250,-1.078421
0.932750,-0.361952
0.933250,0.028005
0.933750,-0.220247
0.934250,-1.104218
0.934750,-0.713581
0.935250,-1.191715
0.935750,-0.880096
0.936250,-1.522890
0.936750,-0.926774
0.937250,-0.611222
0.937750,-0.350646
0.938250,-1.256216
0.938750,-0.233419
0.939250,-0.413117
0.939750,-1.547553
0.940250,-1.234382
0.940750,-0.209326
0.941250,-0.247142
0.941750,-1.183563
0.942250,-0.424108
0.942750,0.665514
0.943250,-0.104854
0.943750,-1.497768
0.944250,-2.135395
0.944750,-1.927437
0.945250,0.051458
0.945750,-1.705085
0.946250,-1.564329
0.946750,0.010495
0.947250,-1.168965
0.947750,-1.407285
0.948250,-1.133854
0.948750,-1.732840
0.949250,-1.363527
0.949750,-2.248711
0.950250,-0.824404
0.950750,-1.310342
0.951250,-2.195088
0.951750,-1.579827
0.952250,-1.656348
0.952750,-0.498367
0.953250,0.074031
0.953750,-2.927940
0.954250,-0.049118
0.954750,-0.956730
0.955250,-0.933712
0.955750,-1.456367
0.956250,-2.603696
0.956750,-1.145451
0.957250,-1.525450
0.957750,-1.533573
0.958250,-2.077417
0.958750,-0.159270
0.959250,-1.036922
0.959750,-2.595375
0.960250,-2.617928
0.960750,-1.952367
0.961250,-1.575798
0.961750,-0.122350
0.962250,-0.765512
0.962750,-0.571088
0.963250,-2.227429
0.963750,-1.285748
0.964250,-4.247876
0.964750,-0.664092
0.965250,-3.405213
0.965750,-1.896103
0.966250,-2.302129
0.966750,-1.323240
0.967250,-2.425342
0.967750,-0.785107
0.968250,-1.328164
0.968750,-3.065166
0.969250,-1.395992
0.969750,-3.041381
0.970250,-0.843670
0.970750,-2.172533
0.971250,-3.115568
0.971750,-2.403113
0.972250,-2.408394
0.972750,-3.139301
0.973250,-2.319438
0.973750,-2.459039
0.974250,-4.014664
0.974750,-2.940518
0.975250,-2.976337
0.975750,-4.029950
0.976250,-2.454313
0.976750,-2.459111
0.977250,-1.137515
0.977750,-1.539443
0.978250,-3.162942
0.978750,-0.807321
0.979250,-1.585737
0.979750,-1.048429
0.980250,-1.723505
0.980750,-1.802142
0.981250,-2.189560
0.981750,-0.434493
0.982250,-1.431036
0.982750,-1.768739
0.983250,-1.113602
0.983750,-0.067422
0.984250,-1.081047
0.984750,-2.184674
0.985250,-1.496823
0.985750,-1.452513
0.986250,0.189837
0.986750,-1.666812
0.987250,-1.082458
0.987750,-0.452983
0.988250,-1.368880
0.988750,-2.228882
0.989250,-1.314352
0.989750,-0.487074
0.990250,-0.148241
0.990750,1.201593
0.991250,-1.446605
0.991750,-1.701212
0.992250,-0.526889
0.992750,-1.699767
0.993250,-1.166941
0.993750,-2.472273
0.994250,-1.981349
0.994750,-1.939256
0.995250,-1.992067
0.995750,-0.634214
0.996250,-1.827958
0.996750,-1.783852
0.997250,-0.719304
0.997750,-1.145088
0.998250,-0.556825
0.998750,-2.163663
0.999250,-0.337886
0.999750,-1.864562
