0.000250,-0.044559
0.000750,0.001552
0.001250,-0.062256
0.001750,-0.035159
0.002250,-0.099708
0.002750,0.046174
0.003250,-0.070750
0.003750,0.155701
0.004250,0.070866
0.004750,-0.173690
0.005250,0.079551
0.005750,0.016939
0.006250,-0.155326
0.006750,0.180889
0.007250,-0.028075
0.007750,0.071365
0.008250,0.230002
0.008750,0.375469
0.009250,0.172199
0.009750,0.195912
0.010250,-0.023150
0.010750,0.186803
0.011250,0.121541
0.011750,-0.184456
0.012250,-0.428260
0.012750,0.826406
0.013250,0.517781
0.013750,0.900078
0.014250,0.471149
0.014750,0.584224
0.015250,0.846546
0.015750,-0.584494
0.016250,0.492732
0.016750,0.232904
0.017250,-0.067289
0.017750,-0.094356
0.018250,0.681461
0.018750,0.652209
0.019250,0.167513
0.019750,0.789317
0.020250,0.618709
0.020750,0.537829
0.021250,0.148133
0.021750,1.048317
0.022250,0.070363
0.022750,0.807272
0.023250,0.712241
0.023750,0.437168
0.024250,0.545644
0.024750,0.598740
0.025250,0.176178
0.025750,1.364230
0.026250,0.426164
0.026750,0.734741
0.027250,0.106210
0.027750,0.455418
0.028250,0.554848
0.028750,0.429599
0.029250,1.196678
0.029750,1.017940
0.030250,1.143741
0.030750,0.024661
0.031250,-0.341172
0.031750,0.154616
0.032250,1.223308
0.032750,0.494494
0.033250,0.186075
0.033750,0.772180
0.034250,-0.106980
0.034750,1.182243
0.035250,0.896474
0.035750,2.009429
0.036250,0.819915
0.036750,0.716441
0.037250,0.118911
0.037750,0.887959
0.038250,1.357001
0.038750,1.623735
0.039250,0.741360
0.039750,1.463000
0.040250,0.806560
0.040750,0.658409
0.041250,-0.260346
0.041750,1.934448
0.042250,2.120695
0.042750,0.526654
0.043250,2.138429
0.043750,1.078381
0.044250,0.930661
0.044750,1.433895
0.045250,1.081926
0.045750,1.318073
0.046250,0.706127
0.046750,1.244580
0.047250,1.549909
0.047750,1.158192
0.048250,1.571480
0.048750,1.340436
0.049250,-0.250508
0.049750,1.300519
0.050250,1.240285
0.050750,1.906535
0.051250,0.051036
0.051750,1.479839
0.052250,0.503701
0.052750,0.502036
0.053250,1.556257
0.053750,0.293904
0.054250,1.259677
0.054750,0.461340
0.055250,0.977064
0.055750,1.097011
0.056250,0.693503
0.056750,1.721057
0.057250,1.517168
0.057750,2.083001
0.058250,1.151409
0.058750,1.863946
0.059250,1.746037
0.059750,0.406976
0.060250,1.648337
0.060750,0.239372
0.061250,0.714405
0.061750,0.949027
0.062250,1.711100
0.062750,2.807282
0.063250,0.709717
0.063750,1.608907
0.064250,1.421405
0.064750,2.013008
0.065250,1.725068
0.065750,0.940964
0.066250,0.823882
0.066750,2.038229
0.067250,1.348669
0.067750,1.216086
0.068250,0.963284
0.068750,0.178778
0.069250,1.706899
0.069750,1.120642
0.070250,-0.344707
0.070750,0.691017
0.071250,-0.380893
0.071750,2.828515
0.072250,-1.033725
0.072750,1.423048
0.073250,0.240562
0.073750,2.447512
0.074250,-0.797920
0.074750,1.979978
0.075250,1.681406
0.075750,1.296254
0.076250,1.465150
0.076750,1.646648
0.077250,1.878657
0.077750,0.745741
0.078250,0.424477
0.078750,-0.064618
0.079250,0.364760
0.079750,-0.287697
0.080250,0.540707
0.080750,-0.070394
0.081250,-0.936152
0.081750,0.341789
0.082250,3.619354
0.082750,2.313757
0.083250,1.838461
0.083750,1.270191
0.084250,1.251709
0.084750,0.236399
0.085250,-0.334616
0.085750,2.226383
0.086250,-0.372911
0.086750,1.358844
0.087250,0.067013
0.087750,0.344317
0.088250,0.917804
0.088750,0.418526
0.089250,-1.384268
0.089750,2.308963
0.090250,-0.378689
0.090750,-0.801742
0.091250,-1.896750
0.091750,1.949871
0.092250,2.075141
0.092750,0.808061
0.093250,-0.764199
0.093750,-2.303432
0.094250,2.860961
0.094750,0.447466
0.095250,2.040544
0.095750,0.290058
0.096250,2.342379
0.096750,0.136787
0.097250,0.920997
0.097750,1.424482
0.098250,0.549905
0.098750,-0.759523
0.099250,0.439398
0.099750,1.207243
0.100250,-1.170524
0.100750,-1.215867
0.101250,0.853482
0.101750,-1.143754
0.102250,0.722489
0.102750,-0.145464
0.103250,-0.821595
0.103750,-2.001531
0.104250,-0.003790
0.104750,-0.253537
0.105250,2.767706
0.105750,2.131014
0.106250,-0.287435
0.106750,0.164844
0.107250,0.795343
0.107750,1.867328
0.108250,-0.115607
0.108750,1.253318
0.109250,-1.162498
0.109750,-0.233613
0.110250,1.962363
0.110750,1.618427
0.111250,1.552366
0.111750,2.321492
0.112250,1.577955
0.112750,-0.495287
0.113250,-0.076018
0.113750,-0.225246
0.114250,-0.641040
0.114750,1.384974
0.115250,1.620157
0.115750,-0.981368
0.116250,-0.569371
0.116750,-1.821635
0.117250,-1.556287
0.117750,0.048030
0.118250,-1.355058
0.118750,1.692545
0.119250,-0.671714
0.119750,0.517828
0.120250,0.990657
0.120750,-2.658724
0.121250,0.715966
0.121750,1.021742
0.122250,-2.214513
0.122750,-2.469358
0.123250,-2.548941
0.123750,-1.577483
0.124250,0.384385
0.124750,0.925800
0.125250,-0.264406
0.125750,0.290344
0.126250,-0.418828
0.126750,-0.821079
0.127250,-2.393732
0.127750,-1.034150
0.128250,-0.750479
0.128750,0.180089
0.129250,-0.405398
0.129750,-0.645186
0.130250,-0.531672
0.130750,-0.391834
0.131250,-1.058173
0.131750,0.491533
0.132250,0.837245
0.132750,0.451142
0.133250,2.365738
0.133750,0.098538
0.134250,2.615427
0.134750,-0.582780
0.135250,-0.121988
0.135750,-0.412059
0.136250,-0.961184
0.136750,-0.277208
0.137250,-0.435548
0.137750,-0.528687
0.138250,-0.850424
0.138750,-3.257523
0.139250,-1.144607
0.139750,1.142053
0.140250,-0.942609
0.140750,0.722944
0.141250,-1.044868
0.141750,0.158824
0.142250,0.445495
0.142750,0.884225
0.143250,1.361768
0.143750,1.143301
0.144250,-0.409761
0.144750,-1.577385
0.145250,-0.328739
0.145750,-0.023454
0.146250,0.385070
0.146750,-0.265586
0.147250,-2.491084
0.147750,-2.146161
0.148250,-2.194267
0.148750,-0.314326
0.149250,-1.135418
0.149750,1.010688
0.150250,-1.027578
0.150750,-1.707147
0.151250,0.329076
0.151750,2.714908
0.152250,-0.049820
0.152750,-0.495440
0.153250,0.523284
0.153750,-0.101605
0.154250,0.457704
0.154750,-2.394915
0.155250,-2.472251
0.155750,-3.175743
0.156250,0.053809
0.156750,-2.756836
0.157250,0.346160
0.157750,0.415297
0.158250,1.379805
0.158750,-1.316155
0.159250,0.876402
0.159750,-0.738464
0.160250,-0.439931
0.160750,0.827069
0.161250,-1.988663
0.161750,-2.071532
0.162250,0.225495
0.162750,-1.678469
0.163250,-2.471373
0.163750,0.708584
0.164250,-2.057541
0.164750,0.361085
0.165250,-1.620847
0.165750,-0.592679
0.166250,-1.098591
0.166750,0.377108
0.167250,-3.509263
0.167750,-0.754318
0.168250,0.786768
0.168750,-1.530573
0.169250,0.584239
0.169750,-1.579365
0.170250,-3.395940
0.170750,-0.607923
0.171250,-5.144151
0.171750,2.144057
0.172250,0.440373
0.172750,-4.347371
0.173250,-1.680741
0.173750,1.767591
0.174250,-0.120929
0.174750,-0.634749
0.175250,-1.991773
0.175750,0.324295
0.176250,1.435473
0.176750,2.728202
0.177250,0.553042
0.177750,1.245867
0.178250,1.288272
0.178750,-1.514185
0.179250,-0.415831
0.179750,0.783038
0.180250,-0.761840
0.180750,1.072750
0.181250,-2.965049
0.181750,-2.153381
0.182250,3.224877
0.182750,-0.702315
0.183250,2.196407
0.183750,0.982436
0.184250,1.243404
0.184750,1.508925
0.185250,-4.944928
0.185750,1.462881
0.186250,-2.322621
0.186750,-1.283901
0.187250,1.413492
0.187750,0.555601
0.188250,-1.228042
0.188750,-0.621789
0.189250,0.398825
0.189750,-2.168031
0.190250,0.317963
0.190750,0.571037
0.191250,1.446667
0.191750,0.873623
0.192250,1.574537
0.192750,1.370200
0.193250,0.737903
0.193750,-2.385670
0.194250,1.086814
0.194750,-3.509040
0.195250,-1.339456
0.195750,0.900565
0.196250,-1.040596
0.196750,-2.281374
0.197250,-2.772868
0.197750,-0.803493
0.198250,-2.580074
0.198750,-0.563886
0.199250,-0.356953
0.199750,0.734988
0.200250,-0.668556
0.200750,-0.407766
0.201250,0.353922
0.201750,-0.023589
0.202250,-1.767837
0.202750,-1.377786
0.203250,-2.705008
0.203750,-2.074349
0.204250,0.272903
0.204750,-1.217899
0.205250,2.406559
0.205750,-0.875232
0.206250,-0.971650
0.206750,-2.779384
0.207250,-1.910010
0.207750,0.118369
0.208250,-1.832550
0.208750,-0.249979
0.209250,-1.871178
0.209750,-2.574637
0.210250,0.975945
0.210750,-3.300322
0.211250,0.851332
0.211750,3.409703
0.212250,-1.661775
0.212750,2.601757
0.213250,0.313643
0.213750,-1.492852
0.214250,-0.440127
0.214750,-0.744424
0.215250,-1.493087
0.215750,-0.612244
0.216250,3.365408
0.216750,-0.498662
0.217250,-3.088850
0.217750,0.544030
0.218250,-0.187387
0.218750,0.144952
0.219250,-0.960825
0.219750,-0.230142
0.220250,0.522567
0.220750,-2.467610
0.221250,1.128538
0.221750,-0.299612
0.222250,0.802300
0.222750,-0.490230
0.223250,0.858483
0.223750,-5.960842
0.224250,-1.266504
0.224750,1.037057
0.225250,0.337362
0.225750,-1.889892
0.226250,-2.553916
0.226750,-1.641800
0.227250,-1.655753
0.227750,1.920517
0.228250,-0.987403
0.228750,0.414267
0.229250,-3.197637
0.229750,-0.247567
0.230250,1.383840
0.230750,1.358987
0.231250,1.168323
0.231750,1.901520
0.232250,-1.850033
0.232750,-2.656973
0.233250,1.333954
0.233750,1.791090
0.234250,-1.573401
0.234750,3.003621
0.235250,-0.994080
0.235750,1.402112
0.236250,-4.179915
0.236750,-2.385050
0.237250,-1.419348
0.237750,0.756992
0.238250,1.752963
0.238750,0.391575
0.239250,-2.202715
0.239750,0.435300
0.240250,-2.785720
0.240750,-0.054563
0.241250,0.697128
0.241750,-0.403289
0.242250,-4.111409
0.242750,-2.599104
0.243250,-1.861248
0.243750,-2.501648
0.244250,-0.768488
0.244750,0.479836
0.245250,0.974553
0.245750,-2.414262
0.246250,0.617627
0.246750,2.027195
0.247250,0.130557
0.247750,1.711779
0.248250,-1.596308
0.248750,-0.917845
0.249250,1.582032
0.249750,0.751743
0.250250,0.326308
0.250750,-3.397610
0.251250,2.543818
0.251750,0.249816
0.252250,-0.427401
0.252750,-2.152036
0.253250,0.648442
0.253750,-0.513272
0.254250,-0.163427
0.254750,-1.159416
0.255250,-1.289694
0.255750,-0.040927
0.256250,0.424869
0.256750,1.662134
0.257250,1.989900
0.257750,-2.028384
0.258250,1.415574
0.258750,0.003667
0.259250,-0.872338
0.259750,-2.148562
0.260250,2.047127
0.260750,1.415934
0.261250,0.104184
0.261750,-2.928551
0.262250,4.397296
0.262750,0.770584
0.263250,-0.147323
0.263750,-1.012607
0.264250,2.216639
0.264750,-1.884335
0.265250,0.064189
0.265750,-2.916748
0.266250,-0.263023
0.266750,1.111048
0.267250,-1.741423
0.267750,1.871039
0.268250,-2.127353
0.268750,0.178383
0.269250,-1.355045
0.269750,-0.324166
0.270250,1.393016
0.270750,-1.036031
0.271250,0.954493
0.271750,-0.415550
0.272250,0.119906
0.272750,0.024711
0.273250,0.713521
0.273750,1.567548
0.274250,2.691505
0.274750,2.917239
0.275250,-0.826624
0.275750,1.341782
0.276250,-2.417088
0.276750,1.225463
0.277250,-0.377112
0.277750,1.794701
0.278250,0.552333
0.278750,3.310121
0.279250,-2.015627
0.279750,-2.260035
0.280250,1.239506
0.280750,0.183348
0.281250,2.037353
0.281750,0.783711
0.282250,2.268203
0.282750,-0.536964
0.283250,0.461624
0.283750,1.476515
0.284250,0.403608
0.284750,-2.421753
0.285250,2.596407
0.285750,-2.835479
0.286250,0.719487
0.286750,-0.386504
0.287250,-0.525649
0.287750,-2.538999
0.288250,-1.798710
0.288750,-0.137220
0.289250,0.574768
0.289750,0.246203
0.290250,-2.588296
0.290750,-0.295890
0.291250,1.885420
0.291750,-0.761766
0.292250,2.022671
0.292750,-0.840468
0.293250,1.151993
0.293750,0.153442
0.294250,0.804593
0.294750,1.825293
0.295250,0.633920
0.295750,2.492612
0.296250,1.110938
0.296750,-3.853339
0.297250,-0.307268
0.297750,-2.648732
0.298250,1.632945
0.298750,-2.650536
0.299250,2.835331
0.299750,1.533745
0.300250,-1.541266
0.300750,1.533164
0.301250,1.114987
0.301750,4.634309
0.302250,0.516432
0.302750,-1.897326
0.303250,-0.757435
0.303750,-1.941286
0.304250,-3.081318
0.304750,0.838248
0.305250,0.151930
0.305750,-1.977667
0.306250,0.983177
0.306750,2.927205
0.307250,-0.838933
0.307750,2.089459
0.308250,1.845648
0.308750,3.742336
0.309250,0.636366
0.309750,-0.140608
0.310250,-5.816275
0.310750,-0.978409
0.311250,-1.828827
0.311750,1.600734
0.312250,-1.252923
0.312750,0.479706
0.313250,-1.795428
0.313750,-2.517823
0.314250,-1.119113
0.314750,1.438288
0.315250,0.943141
0.315750,2.148982
0.316250,0.332274
0.316750,0.588373
0.317250,1.756772
0.317750,-0.420159
0.318250,1.736357
0.318750,-1.277997
0.319250,-0.791862
0.319750,0.366665
0.320250,2.093669
0.320750,-0.927965
0.321250,3.167995
0.321750,0.873458
0.322250,4.381205
0.322750,2.773506
0.323250,2.720859
0.323750,-1.036756
0.324250,0.646571
0.324750,0.878766
0.325250,0.139086
0.325750,1.721024
0.326250,1.594415
0.326750,2.856080
0.327250,3.553690
0.327750,0.502219
0.328250,1.166888
0.328750,0.824343
0.329250,0.118900
0.329750,-2.363335
0.330250,0.873603
0.330750,-2.453649
0.331250,1.676716
0.331750,-3.695046
0.332250,-0.457143
0.332750,0.420555
0.333250,0.404781
0.333750,-2.484569
0.334250,-1.742008
0.334750,-1.103279
0.335250,-1.296367
0.335750,0.207966
0.336250,0.936888
0.336750,-2.498303
0.337250,1.749648
0.337750,0.434783
0.338250,-0.594088
0.338750,2.560824
0.339250,2.937309
0.339750,5.172220
0.340250,3.982981
0.340750,-0.313040
0.341250,2.728449
0.341750,-1.190163
0.342250,0.532150
0.342750,-1.629960
0.343250,2.885478
0.343750,3.639973
0.344250,-3.611434
0.344750,3.252309
0.345250,0.023324
0.345750,3.493346
0.346250,-0.474823
0.346750,0.152511
0.347250,-0.675374
0.347750,2.501118
0.348250,3.893146
0.348750,-0.987717
0.349250,0.051229
0.349750,0.473862
0.350250,2.689120
0.350750,-1.743227
0.351250,-8.473823
0.351750,3.467002
0.352250,1.704655
0.352750,5.274377
0.353250,1.554264
0.353750,0.373041
0.354250,1.602593
0.354750,2.416377
0.355250,-1.003452
0.355750,1.464447
0.356250,1.883611
0.356750,6.159206
0.357250,1.599804
0.357750,0.687800
0.358250,0.334974
0.358750,0.738493
0.359250,1.761013
0.359750,-1.525245
0.360250,-3.327494
0.360750,4.402058
0.361250,-3.000180
0.361750,-0.250585
0.362250,-0.602615
0.362750,3.714443
0.363250,1.043309
0.363750,3.559680
0.364250,1.066097
0.364750,-0.318775
0.365250,0.877178
0.365750,2.399153
0.366250,-3.741719
0.366750,-1.449952
0.367250,1.207246
0.367750,1.534659
0.368250,0.757172
0.368750,-0.554751
0.369250,0.033095
0.369750,0.721610
0.370250,-1.916486
0.370750,-1.335958
0.371250,2.031202
0.371750,0.148487
0.372250,1.941965
0.372750,1.892956
0.373250,-1.031587
0.373750,2.135277
0.374250,-1.836979
0.374750,-1.069468
0.375250,4.315431
0.375750,0.589912
0.376250,4.427198
0.376750,2.035551
0.377250,3.811631
0.377750,4.832577
0.378250,1.441304
0.378750,-1.131107
0.379250,-1.133160
0.379750,2.722360
0.380250,-4.535666
0.380750,4.723860
0.381250,2.257315
0.381750,0.342928
0.382250,-0.630906
0.382750,0.758549
0.383250,1.342783
0.383750,-0.021226
0.384250,1.137359
0.384750,1.091299
0.385250,0.395121
0.385750,0.939725
0.386250,4.281371
0.386750,1.392317
0.387250,-1.411856
0.387750,-0.182162
0.388250,1.647523
0.388750,0.093915
0.389250,2.298574
0.389750,-2.532600
0.390250,-1.169625
0.390750,0.855362
0.391250,1.332070
0.391750,3.687666
0.392250,0.826288
0.392750,6.923636
0.393250,-3.350183
0.393750,2.517440
0.394250,-0.246738
0.394750,2.221043
0.395250,2.947620
0.395750,1.530391
0.396250,2.203121
0.396750,-2.463113
0.397250,4.064976
0.397750,3.502494
0.398250,0.968472
0.398750,1.426466
0.399250,-0.484193
0.399750,3.186175
0.400250,-0.946694
0.400750,4.745987
0.401250,-0.402582
0.401750,1.984576
0.402250,2.613201
0.402750,-2.643155
0.403250,2.380237
0.403750,2.258677
0.404250,1.989412
0.404750,-1.895849
0.405250,4.825826
0.405750,-2.104628
0.406250,-0.440793
0.406750,-6.347359
0.407250,-4.188903
0.407750,2.479984
0.408250,1.477860
0.408750,1.956190
0.409250,2.271353
0.409750,-5.990461
0.410250,3.224624
0.410750,1.402474
0.411250,4.802874
0.411750,3.854710
0.412250,3.116144
0.412750,2.770242
0.413250,-0.576626
0.413750,1.045114
0.414250,-0.736783
0.414750,0.366079
0.415250,2.502285
0.415750,-0.125984
0.416250,0.968907
0.416750,2.929038
0.417250,-0.789254
0.417750,2.958089
0.418250,5.664852
0.418750,3.440609
0.419250,3.711009
0.419750,-0.477309
0.420250,3.580578
0.420750,1.744793
0.421250,0.255475
0.421750,3.845589
0.422250,3.879841
0.422750,1.015078
0.423250,-1.786843
0.423750,2.860144
0.424250,2.437757
0.424750,2.150498
0.425250,-0.632114
0.425750,-2.443615
0.426250,3.049472
0.426750,-0.007051
0.427250,6.068750
0.427750,2.841718
0.428250,0.271002
0.428750,2.405817
0.429250,-0.794562
0.429750,0.186994
0.430250,0.300120
0.430750,1.143110
0.431250,-0.644154
0.431750,-2.671299
0.432250,1.113849
0.432750,-1.388250
0.433250,0.032951
0.433750,2.441081
0.434250,2.455338
0.434750,-1.077292
0.435250,1.909362
0.435750,0.219592
0.436250,-1.550984
0.436750,3.413154
0.437250,0.431580
0.437750,-3.534284
0.438250,2.531608
0.438750,-0.486569
0.439250,1.610229
0.439750,2.034828
0.440250,2.775523
0.440750,-0.508692
0.441250,2.155479
0.441750,-0.413910
0.442250,1.998005
0.442750,4.391264
0.443250,-0.756061
0.443750,1.685087
0.444250,1.982128
0.444750,2.375426
0.445250,-1.796995
0.445750,-1.015389
0.446250,3.541411
0.446750,0.008051
0.447250,5.069002
0.447750,-1.219139
0.448250,3.766684
0.448750,6.539900
0.449250,2.618314
0.449750,1.038072
0.450250,4.043069
0.450750,-0.206112
0.451250,5.481461
0.451750,1.532783
0.452250,4.520350
0.452750,3.756250
0.453250,0.331549
0.453750,4.149044
0.454250,2.844201
0.454750,4.144518
0.455250,4.650933
0.455750,3.442922
0.456250,3.454370
0.456750,-0.048970
0.457250,1.964247
0.457750,2.873691
0.458250,-1.349993
0.458750,-1.041427
0.459250,7.618634
0.459750,-1.403880
0.460250,0.269577
0.460750,0.293662
0.461250,1.188298
0.461750,1.679205
0.462250,1.445100
0.462750,0.782804
0.463250,0.852859
0.463750,3.545268
0.464250,-0.369206
0.464750,1.453518
0.465250,2.253770
0.465750,4.923930
0.466250,0.830690
0.466750,-0.631746
0.467250,0.438540
0.467750,-2.486165
0.468250,0.067305
0.468750,5.368434
0.469250,0.086919
0.469750,1.520976
0.470250,2.193524
0.470750,3.463313
0.471250,7.180281
0.471750,1.201921
0.472250,3.087575
0.472750,-1.049391
0.473250,3.011249
0.473750,-0.227120
0.474250,4.183109
0.474750,-3.860653
0.475250,3.578356
0.475750,6.937420
0.476250,1.209950
0.476750,0.950557
0.477250,1.033480
0.477750,2.483635
0.478250,-0.636854
0.478750,4.158995
0.479250,0.041387
0.479750,1.312371
0.480250,-0.571964
0.480750,2.927446
0.481250,4.045724
0.481750,-0.605231
0.482250,-2.052344
0.482750,3.632835
0.483250,3.006195
0.483750,-1.608454
0.484250,-4.970464
0.484750,0.897655
0.485250,-0.136162
0.485750,1.530895
0.486250,2.108358
0.486750,3.496098
0.487250,0.247667
0.487750,0.664897
0.488250,-0.131761
0.488750,-2.438655
0.489250,-0.387056
0.489750,6.485397
0.490250,-1.737958
0.490750,-0.938469
0.491250,2.212392
0.491750,-1.791120
0.492250,6.575829
0.492750,3.142506
0.493250,1.058551
0.493750,5.848965
0.494250,-1.015720
0.494750,1.014857
0.495250,-1.127139
0.495750,-0.865833
0.496250,0.811719
0.496750,-1.592253
0.497250,-4.157398
0.497750,2.349104
0.498250,2.145318
0.498750,1.778119
0.499250,-0.848090
0.499750,7.904179
0.500250,-0.279497
0.500750,0.381532
0.501250,4.214227
0.501750,11.236688
0.502250,0.108710
0.502750,2.980869
0.503250,-1.896665
0.503750,-0.154876
0.504250,2.828614
0.504750,8.231515
0.505250,4.546131
0.505750,4.152915
0.506250,3.940969
0.506750,1.501238
0.507250,-5.345466
0.507750,-2.899249
0.508250,-1.365598
0.508750,4.204068
0.509250,1.818290
0.509750,1.404542
0.510250,3.794200
0.510750,0.843006
0.511250,5.628939
0.511750,1.451548
0.512250,2.223889
0.512750,4.485147
0.513250,4.852707
0.513750,-5.390826
0.514250,-0.268078
0.514750,-0.948395
0.515250,0.610538
0.515750,-4.949177
0.516250,1.039847
0.516750,4.892963
0.517250,-2.279759
0.517750,4.585536
0.518250,3.146834
0.518750,0.335892
0.519250,0.225940
0.519750,-0.744770
0.520250,3.287754
0.520750,2.452177
0.521250,4.988939
0.521750,-0.305396
0.522250,5.373226
0.522750,1.855274
0.523250,1.386197
0.523750,2.153687
0.524250,-1.896407
0.524750,-1.142371
0.525250,3.094396
0.525750,0.770487
0.526250,3.955452
0.526750,-0.987533
0.527250,-1.238381
0.527750,2.021848
0.528250,6.559950
0.528750,5.064803
0.529250,-2.267903
0.529750,-0.610027
0.530250,2.608830
0.530750,0.439791
0.531250,3.915770
0.531750,-3.726450
0.532250,-0.106025
0.532750,0.298587
0.533250,1.803539
0.533750,0.572650
0.534250,-2.276489
0.534750,0.555057
0.535250,5.978068
0.535750,5.811879
0.536250,1.241830
0.536750,1.474989
0.537250,-1.432199
0.537750,1.180560
0.538250,0.954615
0.538750,3.768380
0.539250,-5.168388
0.539750,-1.051425
0.540250,-0.699687
0.540750,0.792726
0.541250,-3.041231
0.541750,-1.964769
0.542250,3.726403
0.542750,2.105430
0.543250,1.474488
0.543750,-1.132132
0.544250,-5.721463
0.544750,-1.724322
0.545250,2.966579
0.545750,-2.098315
0.546250,1.787722
0.546750,2.595949
0.547250,2.798860
0.547750,1.165973
0.548250,2.125229
0.548750,5.992966
0.549250,-3.733084
0.549750,-1.031656
0.550250,-2.142699
0.550750,1.943701
0.551250,-1.500367
0.551750,1.736242
0.552250,5.581685
0.552750,4.626605
0.553250,-0.564111
0.553750,-0.654547
0.554250,0.585795
0.554750,5.997087
0.555250,-0.247944
0.555750,0.491249
0.556250,4.127780
0.556750,2.622398
0.557250,-2.877417
0.557750,-0.869987
0.558250,4.014067
0.558750,-0.610944
0.559250,-1.671997
0.559750,-3.766309
0.560250,-0.916358
0.560750,-0.192247
0.561250,0.841091
0.561750,6.411073
0.562250,0.958645
0.562750,-3.704462
0.563250,-0.163581
0.563750,1.088338
0.564250,0.988307
0.564750,1.125581
0.565250,7.162508
0.565750,0.482385
0.566250,5.932983
0.566750,2.648906
0.567250,0.596019
0.567750,3.919052
0.568250,6.226747
0.568750,4.622266
0.569250,0.208125
0.569750,-2.499284
0.570250,-0.208976
0.570750,2.274069
0.571250,2.721606
0.571750,-0.447999
0.572250,2.633430
0.572750,5.913512
0.573250,-3.954551
0.573750,1.585089
0.574250,5.682296
0.574750,1.857870
0.575250,-4.066169
0.575750,-4.051814
0.576250,0.123499
0.576750,0.135169
0.577250,3.842547
0.577750,4.528958
0.578250,-5.613744
0.578750,2.501159
0.579250,-2.400061
0.579750,-0.662112
0.580250,-2.258530
0.580750,-2.046156
0.581250,0.382402
0.581750,1.051982
0.582250,2.538833
0.582750,-0.821817
0.583250,1.830049
0.583750,2.756774
0.584250,5.502052
0.584750,3.651835
0.585250,1.892886
0.585750,0.258842
0.586250,-1.451896
0.586750,-3.488216
0.587250,3.634691
0.587750,-4.093096
0.588250,-4.576191
0.588750,-0.883538
0.589250,-0.291720
0.589750,-3.598882
0.590250,-5.377729
0.590750,-1.411172
0.591250,0.584351
0.591750,-1.038069
0.592250,2.562370
0.592750,-1.319196
0.593250,3.299923
0.593750,1.037672
0.594250,-2.985364
0.594750,0.274408
0.595250,-2.295975
0.595750,0.589687
0.596250,4.275806
0.596750,1.052705
0.597250,-2.122185
0.597750,-0.343583
0.598250,0.371699
0.598750,3.736896
0.599250,-1.685065
0.599750,0.173955
0.600250,6.537548
0.600750,-3.880832
0.601250,1.936093
0.601750,-3.679147
0.602250,8.443673
0.602750,-0.811800
0.603250,5.101519
0.603750,1.501532
0.604250,-3.919902
0.604750,-4.934119
0.605250,-3.784352
0.605750,-1.232466
0.606250,-1.238052
0.606750,-0.009061
0.607250,3.116760
0.607750,-2.952460
0.608250,-4.854241
0.608750,-2.218539
0.609250,-0.955477
0.609750,-3.469195
0.610250,3.048653
0.610750,0.529795
0.611250,-1.800308
0.611750,2.830927
0.612250,0.932983
0.612750,-0.439929
0.613250,0.781753
0.613750,-3.220262
0.614250,-3.002166
0.614750,-3.634661
0.615250,-2.427441
0.615750,0.902156
0.616250,-3.421579
0.616750,-2.578039
0.617250,2.722460
0.617750,-0.814545
0.618250,-1.845797
0.618750,5.838250
0.619250,1.129031
0.619750,1.700555
0.620250,-0.522960
0.620750,-5.272155
0.621250,5.054898
0.621750,2.664275
0.622250,0.331937
0.622750,-3.478178
0.623250,1.003469
0.623750,3.040748
0.624250,-2.705310
0.624750,0.463045
0.625250,0.500852
0.625750,-2.569300
0.626250,4.668399
0.626750,2.718158
0.627250,-2.865481
0.627750,-4.005999
0.628250,-3.430222
0.628750,-2.879330
0.629250,0.357955
0.629750,-2.773318
0.630250,0.260457
0.630750,-7.755587
0.631250,0.984911
0.631750,1.927460
0.632250,0.987873
0.632750,0.682676
0.633250,1.494902
0.633750,-0.826682
0.634250,0.750610
0.634750,-0.876911
0.635250,3.047774
0.635750,-0.717006
0.636250,-6.324351
0.636750,-3.176563
0.637250,3.010900
0.637750,-0.283243
0.638250,-8.269821
0.638750,-8.052408
0.639250,-2.703919
0.639750,1.144117
0.640250,0.863197
0.640750,-4.649272
0.641250,2.724623
0.641750,-3.282271
0.642250,-3.596384
0.642750,-2.644634
0.643250,-0.864296
0.643750,4.999472
0.644250,-4.463092
0.644750,-3.193865
0.645250,-5.869524
0.645750,-0.538170
0.646250,2.409208
0.646750,-0.041212
0.647250,4.283510
0.647750,-7.190836
0.648250,-2.283211
0.648750,-1.676225
0.649250,-4.489702
0.649750,-2.274580
0.650250,1.109898
0.650750,3.703414
0.651250,-5.571316
0.651750,-3.806390
0.652250,2.015766
0.652750,-0.073202
0.653250,2.122576
0.653750,-2.286793
0.654250,0.177505
0.654750,-4.829272
0.655250,-4.733900
0.655750,4.052469
0.656250,-0.590493
0.656750,5.082156
0.657250,-6.269978
0.657750,-0.766715
0.658250,-4.686244
0.658750,-0.478984
0.659250,-2.740595
0.659750,-5.766888
0.660250,-5.314832
0.660750,4.354628
0.661250,3.040210
0.661750,-1.600178
0.662250,5.032630
0.662750,-3.266346
0.663250,-1.255264
0.663750,-1.183580
0.664250,5.410541
0.664750,0.458784
0.665250,-0.315239
0.665750,0.060581
0.666250,4.714912
0.666750,1.033760
0.667250,1.172177
0.667750,0.504097
0.668250,-4.542531
0.668750,-7.768455
0.669250,-1.337827
0.669750,-3.083606
0.670250,0.625032
0.670750,4.941748
0.671250,-1.614881
0.671750,-3.694177
0.672250,-1.730996
0.672750,2.547800
0.673250,-1.841098
0.673750,-1.743971
0.674250,-1.245028
0.674750,-2.782361
0.675250,-5.153254
0.675750,2.121551
0.676250,-2.690624
0.676750,0.873467
0.677250,0.195521
0.677750,-4.868584
0.678250,-4.051410
0.678750,-1.643016
0.679250,1.069860
0.679750,-5.335717
0.680250,3.045247
0.680750,2.742927
0.681250,-2.342550
0.681750,-6.734632
0.682250,-1.949474
0.682750,-1.611174
0.683250,-3.387667
0.683750,-0.380063
0.684250,-3.785430
0.684750,-2.896426
0.685250,-1.986861
0.685750,0.558000
0.686250,-3.006392
0.686750,-3.379582
0.687250,-0.423556
0.687750,4.388579
0.688250,-1.559491
0.688750,-3.581245
0.689250,-2.806777
0.689750,4.083715
0.690250,-3.668468
0.690750,7.968544
0.691250,-6.200429
0.691750,-6.595229
0.692250,-2.236732
0.692750,1.710293
0.693250,-9.380010
0.693750,-0.543033
0.694250,0.348629
0.694750,-1.549260
0.695250,-7.227143
0.695750,-6.365949
0.696250,0.646857
0.696750,-1.219588
0.697250,-2.716502
0.697750,1.309313
0.698250,4.295300
0.698750,-0.440941
0.699250,-0.243358
0.699750,1.840067
0.700250,3.224152
0.700750,1.454212
0.701250,-0.206861
0.701750,-7.587003
0.702250,0.968371
0.702750,-1.361167
0.703250,0.035419
0.703750,-2.626384
0.704250,-4.918447
0.704750,-0.154988
0.705250,-1.619647
0.705750,-3.097796
0.706250,-5.681022
0.706750,-3.550709
0.707250,0.837584
0.707750,-2.324294
0.708250,-1.158908
0.708750,-2.832413
0.709250,0.078234
0.709750,-1.860791
0.710250,-4.440948
0.710750,1.609295
0.711250,-5.598158
0.711750,2.768578
0.712250,-2.161529
0.712750,-0.014909
0.713250,1.188356
0.713750,-3.235183
0.714250,-7.905455
0.714750,-2.212548
0.715250,0.387821
0.715750,-6.230917
0.716250,-3.240449
0.716750,-2.032152
0.717250,1.539314
0.717750,-4.949560
0.718250,-3.196444
0.718750,-2.769625
0.719250,0.792020
0.719750,-0.463843
0.720250,-0.668964
0.720750,2.323291
0.721250,-8.881012
0.721750,-1.529181
0.722250,-0.556800
0.722750,-1.644008
0.723250,-2.857009
0.723750,-0.467930
0.724250,5.380418
0.724750,-2.241004
0.725250,-6.751254
0.725750,6.833521
0.726250,-1.001761
0.726750,-7.853578
0.727250,1.196418
0.727750,-0.885956
0.728250,-1.802640
0.728750,-5.325082
0.729250,0.002157
0.729750,-5.931586
0.730250,-9.204511
0.730750,0.394682
0.731250,2.987536
0.731750,-0.984139
0.732250,-5.137009
0.732750,-3.204446
0.733250,-0.470614
0.733750,-0.939979
0.734250,-6.825371
0.734750,-5.699372
0.735250,-1.047750
0.735750,-4.355743
0.736250,0.382216
0.736750,1.526784
0.737250,-2.441977
0.737750,5.718202
0.738250,-7.172723
0.738750,-4.715187
0.739250,-5.970667
0.739750,-0.227737
0.740250,-5.541532
0.740750,-2.411186
0.741250,-2.737838
0.741750,-2.853463
0.742250,1.596297
0.742750,-0.997210
0.743250,-2.277251
0.743750,-2.404231
0.744250,-2.324808
0.744750,3.409609
0.745250,0.444456
0.745750,-4.057945
0.746250,-5.633650
0.746750,1.729680
0.747250,-0.135204
0.747750,-2.147498
0.748250,0.403295
0.748750,1.740851
0.749250,-5.677390
0.749750,-4.794672
0.750250,1.785059
0.750750,-5.618769
0.751250,1.088660
0.751750,-4.299459
0.752250,-4.476567
0.752750,-2.301239
0.753250,-2.579838
0.753750,3.935043
0.754250,-8.808323
0.754750,-1.317244
0.755250,-0.444280
0.755750,-2.605203
0.756250,-0.959305
0.756750,-3.901287
0.757250,1.200291
0.757750,2.484216
0.758250,-1.734951
0.758750,-2.962099
0.759250,-3.663027
0.759750,-6.593846
0.760250,-4.670780
0.760750,-0.462235
0.761250,-5.638971
0.761750,-2.635444
0.762250,-6.647593
0.762750,-7.016997
0.763250,-2.172334
0.763750,2.151487
0.764250,-4.896292
0.764750,1.439390
0.765250,-3.721838
0.765750,-7.178989
0.766250,3.145823
0.766750,-4.430850
0.767250,1.599561
0.767750,-0.940111
0.768250,-3.877814
0.768750,0.100918
0.769250,-4.345318
0.769750,-1.464366
0.770250,0.191297
0.770750,4.946749
0.771250,-2.550104
0.771750,-3.406284
0.772250,-1.115856
0.772750,-8.925664
0.773250,-0.654520
0.773750,-10.634639
0.774250,-0.631216
0.774750,-2.801937
0.775250,-5.033756
0.775750,1.511255
0.776250,1.149311
0.776750,4.932993
0.777250,0.931338
0.777750,-5.327839
0.778250,-7.554968
0.778750,-3.397673
0.779250,-5.257109
0.779750,-6.874244
0.780250,-1.047911
0.780750,-0.363781
0.781250,-3.466604
0.781750,-5.807310
0.782250,-6.960359
0.782750,-4.808226
0.783250,-6.946572
0.783750,-11.534281
0.784250,5.238832
0.784750,1.360214
0.785250,-2.403859
0.785750,2.061390
0.786250,-2.824673
0.786750,2.259826
0.787250,-5.054381
0.787750,2.283173
0.788250,0.360670
0.788750,-4.223661
0.789250,1.531267
0.789750,-4.280108
0.790250,-1.583575
0.790750,-0.033182
0.791250,-8.682542
0.791750,-1.668787
0.792250,-8.736936
0.792750,1.284954
0.793250,-3.354024
0.793750,-4.552807
0.794250,-7.168406
0.794750,-2.321688
0.795250,-5.163715
0.795750,4.566417
0.796250,-4.974866
0.796750,-3.791364
0.797250,3.484776
0.797750,-0.277555
0.798250,-0.002785
0.798750,-1.037147
0.799250,0.841910
0.799750,1.901697
0.800250,-4.378442
0.800750,-0.632951
0.801250,-1.883591
0.801750,0.420253
0.802250,-3.044085
0.802750,-7.321927
0.803250,-7.681845
0.803750,-3.137581
0.804250,-3.206141
0.804750,-1.072511
0.805250,-0.861891
0.805750,-8.304003
0.806250,0.391765
0.806750,0.489178
0.807250,-9.640866
0.807750,-1.914710
0.808250,-3.858497
0.808750,2.702240
0.809250,-2.465838
0.809750,0.044711
0.810250,1.707865
0.810750,-1.090043
0.811250,-7.847312
0.811750,-1.419417
0.812250,-4.879518
0.812750,-4.982591
0.813250,-3.858164
0.813750,-0.320349
0.814250,-5.555859
0.814750,-2.638351
0.815250,-3.819837
0.815750,-1.868599
0.816250,-3.267132
0.816750,-0.079853
0.817250,-2.991588
0.817750,-4.455466
0.818250,2.116648
0.818750,-5.693752
0.819250,-1.347101
0.819750,-4.317813
0.820250,-6.915790
0.820750,-5.060814
0.821250,-3.229205
0.821750,-6.671488
0.822250,2.017022
0.822750,-4.090666
0.823250,-8.013892
0.823750,-1.212195
0.824250,-4.675722
0.824750,0.879004
0.825250,1.197669
0.825750,-6.912789
0.826250,1.891370
0.826750,-0.819180
0.827250,0.437320
0.827750,-2.079417
0.828250,-2.493950
0.828750,-1.225572
0.829250,2.841583
0.829750,0.871176
0.830250,-0.712012
0.830750,-0.357640
0.831250,-3.698797
0.831750,-3.296387
0.832250,-5.732744
0.832750,-4.075082
0.833250,-1.403732
0.833750,-2.077115
0.834250,-6.277415
0.834750,-2.573270
0.835250,-1.184547
0.835750,-4.294793
0.836250,5.489977
0.836750,0.976572
0.837250,-1.153871
0.837750,-5.181945
0.838250,-7.513190
0.838750,-6.803945
0.839250,-2.421084
0.839750,0.744586
0.840250,-6.791586
0.840750,-3.129572
0.841250,-6.010879
0.841750,-2.262160
0.842250,-7.525319
0.842750,-1.504700
0.843250,-3.852859
0.843750,5.097629
0.844250,-4.682263
0.844750,6.422634
0.845250,-5.065191
0.845750,-4.584933
0.846250,-6.885339
0.846750,5.756187
0.847250,-2.151357
0.847750,-5.462539
0.848250,-3.126328
0.848750,1.953156
0.849250,-7.320293
0.849750,-6.506050
0.850250,-5.359155
0.850750,-0.729728
0.851250,1.839233
0.851750,1.321888
0.852250,-5.712630
0.852750,5.257287
0.853250,0.315253
0.853750,-7.396462
0.854250,-0.001794
0.854750,-6.054990
0.855250,-9.866252
0.855750,-1.481719
0.856250,0.508059
0.856750,-3.985007
0.857250,-1.455446
0.857750,-4.189531
0.858250,-5.736373
0.858750,-11.002316
0.859250,-2.082744
0.859750,-6.430535
0.860250,-6.852496
0.860750,-1.438871
0.861250,-6.049849
0.861750,-7.115601
0.862250,0.666854
0.862750,-3.024635
0.863250,-5.031950
0.863750,-0.613378
0.864250,-2.424477
0.864750,2.721344
0.865250,1.199157
0.865750,-2.668918
0.866250,0.572687
0.866750,0.633823
0.867250,-2.306394
0.867750,4.127146
0.868250,-1.644009
0.868750,-0.568616
0.869250,1.057111
0.869750,-4.043478
0.870250,-11.926956
0.870750,-1.439491
0.871250,-0.987788
0.871750,-4.486221
0.872250,-0.356198
0.872750,-0.207024
0.873250,3.727376
0.873750,-0.238182
0.874250,-4.629114
0.874750,-2.086667
0.875250,2.591884
0.875750,-1.346048
0.876250,0.568155
0.876750,-2.185443
0.877250,1.092510
0.877750,-2.044155
0.878250,-5.859896
0.878750,-1.637571
0.879250,-4.590145
0.879750,-4.011750
0.880250,-0.884615
0.880750,0.346824
0.881250,-5.907993
0.881750,-4.197184
0.882250,-4.471386
0.882750,-9.815473
0.883250,-0.117675
0.883750,-0.777955
0.884250,-0.931223
0.884750,-9.467365
0.885250,-4.607364
0.885750,-4.996230
0.886250,4.187189
0.886750,-8.268224
0.887250,1.293207
0.887750,-2.516203
0.888250,-7.323399
0.888750,-3.506295
0.889250,0.048328
0.889750,-0.907929
0.890250,4.272621
0.890750,-3.428804
0.891250,-1.322157
0.891750,-3.521910
0.892250,1.590539
0.892750,7.847451
0.893250,-6.553991
0.893750,3.044409
0.894250,-7.817426
0.894750,-2.693765
0.895250,-7.174810
0.895750,2.197166
0.896250,-1.432432
0.896750,0.431227
0.897250,-1.639426
0.897750,-1.955805
0.898250,-1.674195
0.898750,-2.362007
0.899250,-4.825883
0.899750,-8.416055
0.900250,-6.646494
0.900750,0.075401
0.901250,-15.693676
0.901750,-4.717266
0.902250,-5.554084
0.902750,-0.301133
0.903250,1.447101
0.903750,1.601473
0.904250,-6.527775
0.904750,-9.972284
0.905250,-2.727060
0.905750,-9.077367
0.906250,-6.463520
0.906750,-8.497049
0.907250,-3.291449
0.907750,-4.922588
0.908250,3.154270
0.908750,-3.925954
0.909250,-5.094350
0.909750,0.533520
0.910250,-2.509324
0.910750,-7.983659
0.911250,6.439359
0.911750,3.749549
0.912250,-4.842959
0.912750,-1.779898
0.913250,-3.583061
0.913750,-0.405512
0.914250,-4.265967
0.914750,-6.317759
0.915250,-0.278837
0.915750,-7.318495
0.916250,-1.458515
0.916750,6.688115
0.917250,-4.692650
0.917750,-2.000114
0.918250,3.046000
0.918750,2.227825
0.919250,-6.035727
0.919750,-3.233287
0.920250,0.447782
0.920750,2.537529
0.921250,0.096869
0.921750,2.116295
0.922250,-4.247948
0.922750,-7.663029
0.923250,-3.327027
0.923750,-6.462364
0.924250,-3.711985
0.924750,4.233225
0.925250,1.907455
0.925750,-2.855706
0.926250,-1.498454
0.926750,2.174798
0.927250,-3.815085
0.927750,-0.518879
0.928250,-3.923246
0.928750,-4.124841
0.929250,-1.054780
0.929750,-5.749236
0.930250,3.892767
0.930750,1.715296
0.931250,-2.141538
0.931750,-3.208026
0.932250,4.607104
0.932750,1.693904
0.933250,1.189389
0.933750,-6.826233
0.934250,1.193285
0.934750,-2.963053
0.935250,-3.327500
0.935750,-3.388519
0.936250,-8.032692
0.936750,-3.523328
0.937250,-1.767873
0.937750,-7.187538
0.938250,-3.183788
0.938750,0.905953
0.939250,2.099295
0.939750,2.263752
0.940250,-1.678510
0.940750,-4.476413
0.941250,5.464712
0.941750,-1.216300
0.942250,-8.982410
0.942750,-1.813680
0.943250,3.399398
0.943750,-4.475131
0.944250,-3.732426
0.944750,-6.242218
0.945250,-5.800413
0.945750,-2.131029
0.946250,1.116189
0.946750,-0.997768
0.947250,-0.191681
0.947750,-2.909518
0.948250,-1.171096
0.948750,6.804426
0.949250,-2.112377
0.949750,3.308232
0.950250,2.049542
0.950750,-0.657920
0.951250,-7.661069
0.951750,1.911264
0.952250,4.334031
0.952750,-5.386380
0.953250,0.710317
0.953750,-2.429005
0.954250,-0.455033
0.954750,4.505931
0.955250,-5.327228
0.955750,-4.472525
0.956250,-3.640357
0.956750,-0.322342
0.957250,-0.124659
0.957750,2.269834
0.958250,1.758411
0.958750,0.848039
0.959250,6.275888
0.959750,7.547960
0.960250,-2.142421
0.960750,-0.819960
0.961250,-4.708649
0.961750,-8.377391
0.962250,-2.213384
0.962750,4.938001
0.963250,-1.652650
0.963750,-0.395048
0.964250,6.308563
0.964750,3.938007
0.965250,-2.694030
0.965750,-5.157687
0.966250,1.435758
0.966750,-6.738573
0.967250,-2.394856
0.967750,-1.855908
0.968250,-1.664379
0.968750,-3.425007
0.969250,-0.967608
0.969750,-1.158006
0.970250,-5.104532
0.970750,-1.829737
0.971250,-10.458815
0.971750,-4.991512
0.972250,-2.330812
0.972750,-0.901571
0.973250,-2.429158
0.973750,-8.727514
0.974250,4.988188
0.974750,-7.534021
0.975250,-1.574368
0.975750,-2.584082
0.976250,2.134192
0.976750,4.038015
0.977250,-1.053513
0.977750,1.007668
0.978250,4.546007
0.978750,-4.279540
0.979250,-4.637250
0.979750,-9.824477
0.980250,2.597222
0.980750,4.382469
0.981250,-4.460886
0.981750,-1.880948
0.982250,2.100368
0.982750,1.344055
0.983250,3.749494
0.983750,1.581650
0.984250,5.127561
0.984750,-2.668423
0.985250,-1.467128
0.985750,3.114769
0.986250,3.465831
0.986750,1.506451
0.987250,-5.675673
0.987750,-1.226137
0.988250,2.463642
0.988750,-3.773075
0.989250,-0.156733
0.989750,-0.241698
0.990250,0.374190
0.990750,0.982268
0.991250,1.117207
0.991750,-6.051766
0.992250,4.728935
0.992750,1.033099
0.993250,-0.580125
0.993750,-0.130832
0.994250,-5.025421
0.994750,-3.827736
0.995250,4.417528
0.995750,-6.148797
0.996250,-4.003149
0.996750,0.696214
0.997250,-2.097891
0.997750,1.717144
0.998250,-2.564630
0.998750,-1.579640
0.999250,-2.771602
0.999750,-3.612796
