0.000250,0.040216
0.000750,0.092392
0.001250,0.141393
0.001750,-0.005609
0.002250,0.010743
0.002750,0.081618
0.003250,0.109224
0.003750,0.143396
0.004250,0.260793
0.004750,0.270438
0.005250,0.363454
0.005750,0.281110
0.006250,0.196968
0.006750,0.229060
0.007250,0.298382
0.007750,0.310288
0.008250,0.250158
0.008750,0.320921
0.009250,0.258563
0.009750,0.147961
0.010250,0.124967
0.010750,0.343632
0.011250,0.405162
0.011750,0.314633
0.012250,0.350416
0.012750,0.494502
0.013250,0.487539
0.013750,0.483197
0.014250,0.488344
0.014750,0.620836
0.015250,0.739444
0.015750,0.718407
0.016250,0.753804
0.016750,0.806236
0.017250,0.801559
0.017750,0.819248
0.018250,0.778144
0.018750,0.798921
0.019250,0.781053
0.019750,0.952390
0.020250,0.899976
0.020750,1.017119
0.021250,0.817064
0.021750,0.967151
0.022250,0.897563
0.022750,0.889814
0.023250,0.801716
0.023750,0.657939
0.024250,0.808547
0.024750,0.617728
0.025250,0.803613
0.025750,0.931285
0.026250,0.737174
0.026750,0.815185
0.027250,0.776379
0.027750,0.868188
0.028250,0.983533
0.028750,0.804329
0.029250,0.934667
0.029750,0.875655
0.030250,0.886971
0.030750,0.966052
0.031250,1.151643
0.031750,1.108886
0.032250,1.257343
0.032750,1.412300
0.033250,1.349395
0.033750,1.293616
0.034250,1.216952
0.034750,1.224989
0.035250,1.223617
0.035750,1.091101
0.036250,1.219646
0.036750,1.066704
0.037250,0.953649
0.037750,0.845746
0.038250,0.841680
0.038750,1.128214
0.039250,1.239479
0.039750,1.036225
0.040250,0.792543
0.040750,1.009959
0.041250,0.847075
0.041750,0.734984
0.042250,1.009919
0.042750,0.961342
0.043250,0.964110
0.043750,0.770801
0.044250,0.966491
0.044750,0.765816
0.045250,0.712756
0.045750,1.008174
0.046250,0.994477
0.046750,0.926877
0.047250,1.022621
0.047750,1.211176
0.048250,1.156204
0.048750,1.117510
0.049250,1.253339
0.049750,1.049691
0.050250,0.757960
0.050750,0.936465
0.051250,1.077440
0.051750,0.774682
0.052250,0.857287
0.052750,1.043751
0.053250,1.019710
0.053750,0.855960
0.054250,0.882422
0.054750,1.173793
0.055250,1.092704
0.055750,1.143293
0.056250,1.389227
0.056750,1.546418
0.057250,1.252580
0.057750,1.311621
0.058250,1.515021
0.058750,1.424966
0.059250,1.102713
0.059750,1.223323
0.060250,1.249042
0.060750,1.366154
0.061250,1.209894
0.061750,1.208529
0.062250,1.231969
0.062750,1.406133
0.063250,1.252282
0.063750,1.188448
0.064250,1.227724
0.064750,1.501716
0.065250,1.087629
0.065750,1.424140
0.066250,1.389572
0.066750,1.282283
0.067250,1.164034
0.067750,1.138345
0.068250,0.804602
0.068750,1.107380
0.069250,0.619147
0.069750,0.737950
0.070250,0.855882
0.070750,0.535789
0.071250,0.568985
0.071750,0.548774
0.072250,0.725528
0.072750,0.807984
0.073250,0.696019
0.073750,0.656542
0.074250,0.855131
0.074750,0.895943
0.075250,0.927435
0.075750,0.646584
0.076250,0.816585
0.076750,0.802384
0.077250,0.787316
0.077750,0.634379
0.078250,0.575988
0.078750,0.660736
0.079250,0.650881
0.079750,0.622096
0.080250,0.531476
0.080750,0.733103
0.081250,0.652913
0.081750,0.516517
0.082250,0.644021
0.082750,0.983215
0.083250,0.860251
0.083750,1.070567
0.084250,0.712797
0.084750,0.760978
0.085250,1.121120
0.085750,0.870390
0.086250,0.691026
0.086750,0.614084
0.087250,0.719823
0.087750,0.636340
0.088250,0.503070
0.088750,0.736705
0.089250,0.508128
0.089750,0.725435
0.090250,0.502469
0.090750,0.504411
0.091250,0.324552
0.091750,0.265885
0.092250,0.584757
0.092750,0.420708
0.093250,0.426146
0.093750,0.394972
0.094250,0.357047
0.094750,0.577629
0.095250,0.791613
0.095750,0.589389
0.096250,0.412062
0.096750,0.385850
0.097250,0.710152
0.097750,0.432188
0.098250,0.201678
0.098750,0.288816
0.099250,0.496178
0.099750,0.087471
0.100250,0.225199
0.100750,-0.055814
0.101250,-0.126219
0.101750,0.133942
0.102250,-0.137089
0.102750,-0.308650
0.103250,-0.453111
0.103750,-0.290470
0.104250,-0.162771
0.104750,-0.200235
0.105250,0.087540
0.105750,-0.380301
0.106250,-0.177316
0.106750,0.044432
0.107250,0.265533
0.107750,0.290909
0.108250,-0.011115
0.108750,0.236271
0.109250,0.158491
0.109750,0.251443
0.110250,0.202308
0.110750,0.118526
0.111250,-0.007128
0.111750,-0.083031
0.112250,0.054533
0.112750,0.090269
0.113250,-0.374437
0.113750,-0.105329
0.114250,-0.195442
0.114750,0.077899
0.115250,-0.097073
0.115750,-0.238186
0.116250,-0.442774
0.116750,-0.501617
0.117250,-0.141544
0.117750,-0.039744
0.118250,-0.119426
0.118750,0.166021
0.119250,-0.038893
0.119750,0.069450
0.120250,0.342807
0.120750,0.671939
0.121250,-0.148733
0.121750,-0.117208
0.122250,0.275447
0.122750,0.442342
0.123250,0.545198
0.123750,0.489384
0.124250,0.251435
0.124750,0.219175
0.125250,0.221916
0.125750,0.022679
0.126250,0.207048
0.126750,-0.038390
0.127250,-0.124292
0.127750,0.190814
0.128250,0.125354
0.128750,0.150077
0.129250,0.380929
0.129750,0.440084
0.130250,0.015546
0.130750,0.734540
0.131250,0.430326
0.131750,0.415243
0.132250,0.592170
0.132750,0.430015
0.133250,0.349447
0.133750,0.429630
0.134250,0.746999
0.134750,0.462043
0.135250,0.334355
0.135750,0.284858
0.136250,-0.201233
0.136750,0.094349
0.137250,0.060643
0.137750,-0.400884
0.138250,-0.244793
0.138750,-0.275162
0.139250,-0.759474
0.139750,-0.373758
0.140250,-0.246075
0.140750,-0.513671
0.141250,-0.529939
0.141750,-0.448006
0.142250,-0.638074
0.142750,-0.424867
0.143250,-0.186074
0.143750,-0.629857
0.144250,-0.386237
0.144750,-0.738559
0.145250,-0.308729
0.145750,-0.219588
0.146250,-0.233667
0.146750,-0.236821
0.147250,-0.313230
0.147750,-0.393855
0.148250,-0.229173
0.148750,0.232066
0.149250,-0.227477
0.149750,-0.246554
0.150250,-0.407502
0.150750,-0.779894
0.151250,-0.713092
0.151750,-0.311354
0.152250,0.070337
0.152750,-0.301731
0.153250,-0.269277
0.153750,-0.762685
0.154250,-0.481836
0.154750,-0.639298
0.155250,-0.435813
0.155750,-0.347283
0.156250,-0.289401
0.156750,-0.704420
0.157250,-0.432565
0.157750,-0.182810
0.158250,-0.556684
0.158750,-0.069089
0.159250,-0.246678
0.159750,-0.414240
0.160250,-0.452047
0.160750,0.159292
0.161250,0.176702
0.161750,-0.075949
0.162250,0.116619
0.162750,-0.015806
0.163250,-0.239746
0.163750,-0.110025
0.164250,0.274746
0.164750,0.116003
0.165250,0.106672
0.165750,-0.099224
0.166250,0.124230
0.166750,0.235582
0.167250,0.365654
0.167750,-0.346066
0.168250,0.122913
0.168750,-0.236177
0.169250,-0.473589
0.169750,-0.783413
0.170250,-0.420947
0.170750,-0.437073
0.171250,-0.440015
0.171750,-0.659618
0.172250,-0.261144
0.172750,-0.408925
0.173250,-0.537031
0.173750,-0.163334
0.174250,-0.399941
0.174750,-0.307718
0.175250,-0.751266
0.175750,-0.266516
0.176250,-0.783554
0.176750,-0.490631
0.177250,-0.335182
0.177750,-0.389150
0.178250,-0.467080
0.178750,-0.485773
0.179250,-1.019125
0.179750,-0.471992
0.180250,-0.486165
0.180750,-0.281750
0.181250,-0.251232
0.181750,-0.336166
0.182250,-0.934541
0.182750,-0.923312
0.183250,-0.939435
0.183750,-0.438444
0.184250,-0.840139
0.184750,-0.478070
0.185250,-0.755208
0.185750,-1.122282
0.186250,-0.859131
0.186750,-0.584465
0.187250,-0.798642
0.187750,-0.810783
0.188250,-1.022006
0.188750,-0.927858
0.189250,-0.855505
0.189750,-0.948026
0.190250,-0.550198
0.190750,-0.721691
0.191250,-0.453989
0.191750,-0.662501
0.192250,-0.716646
0.192750,-1.152967
0.193250,-0.881028
0.193750,-0.012470
0.194250,0.203801
0.194750,-0.408159
0.195250,-0.580264
0.195750,-0.352163
0.196250,-0.906355
0.196750,-0.647054
0.197250,-0.263132
0.197750,-0.545446
0.198250,-0.760875
0.198750,-0.818288
0.199250,-0.601246
0.199750,-1.031912
0.200250,-0.638299
0.200750,-0.251822
0.201250,-0.665033
0.201750,-0.538546
0.202250,-1.053279
0.202750,-0.706497
0.203250,-1.030652
0.203750,-1.006988
0.204250,-0.639850
0.204750,-0.757270
0.205250,-0.192230
0.205750,-0.556118
0.206250,-0.144604
0.206750,-0.563423
0.207250,-0.318211
0.207750,-0.183158
0.208250,-0.383494
0.208750,-0.160533
0.209250,-0.450167
0.209750,-0.127421
0.210250,-0.626590
0.210750,0.328122
0.211250,-0.123805
0.211750,0.141970
0.212250,0.025630
0.212750,0.004497
0.213250,0.004644
0.213750,0.229628
0.214250,-0.163509
0.214750,0.385062
0.215250,0.406421
0.215750,0.082946
0.216250,-0.250895
0.216750,0.108408
0.217250,-0.021613
0.217750,-0.455104
0.218250,-0.148599
0.218750,0.250797
0.219250,0.045487
0.219750,0.242360
0.220250,0.227097
0.220750,-0.173336
0.221250,-0.520592
0.221750,-0.581400
0.222250,0.468546
0.222750,0.321395
0.223250,0.385226
0.223750,0.568124
0.224250,0.250254
0.224750,-0.443099
0.225250,0.493049
0.225750,0.142322
0.226250,0.128442
0.226750,0.068540
0.227250,0.236319
0.227750,-0.178887
0.228250,-0.308097
0.228750,-0.478785
0.229250,0.035985
0.229750,0.072421
0.230250,0.189402
0.230750,-0.225676
0.231250,-0.071599
0.231750,0.244519
0.232250,-0.104583
0.232750,-0.636481
0.233250,-0.260352
0.233750,-0.138184
0.234250,-0.369983
0.234750,-0.542223
0.235250,-0.464767
0.235750,-0.212742
0.236250,-0.456063
0.236750,-0.261437
0.237250,-0.361095
0.237750,-0.485430
0.238250,-0.223373
0.238750,-0.319073
0.239250,-0.673877
0.239750,-1.008386
0.240250,-0.606036
0.240750,-0.343930
0.241250,-0.100313
0.241750,-0.787773
0.242250,-0.346562
0.242750,-0.153165
0.243250,0.001284
0.243750,0.151689
0.244250,-0.521614
0.244750,-0.091887
0.245250,0.130652
0.245750,0.066254
0.246250,-0.083244
0.246750,-0.103637
0.247250,-0.156043
0.247750,-0.820471
0.248250,-0.407828
0.248750,-0.113907
0.249250,-0.316367
0.249750,0.021994
0.250250,0.171692
0.250750,-0.565931
0.251250,0.079359
0.251750,-0.377119
0.252250,-0.187946
0.252750,0.170161
0.253250,-0.211933
0.253750,-0.057753
0.254250,-0.103577
0.254750,-0.250084
0.255250,-0.283203
0.255750,-0.125430
0.256250,-0.363363
0.256750,0.210820
0.257250,-0.182528
0.257750,0.265867
0.258250,-0.079715
0.258750,-0.278702
0.259250,-0.462169
0.259750,-0.276381
0.260250,0.407919
0.260750,0.512688
0.261250,-0.016328
0.261750,-0.154822
0.262250,0.401454
0.262750,-0.039263
0.263250,0.088156
0.263750,-0.757395
0.264250,0.210043
0.264750,-0.269319
0.265250,0.170349
0.265750,0.170428
0.266250,-0.178672
0.266750,0.377548
0.267250,0.020987
0.267750,0.196493
0.268250,0.154701
0.268750,0.011270
0.269250,0.438742
0.269750,-0.021885
0.270250,-0.064935
0.270750,0.542772
0.271250,0.063425
0.271750,0.068144
0.272250,0.186740
0.272750,0.131493
0.273250,0.440753
0.273750,-0.198068
0.274250,0.092886
0.274750,0.408366
0.275250,0.045933
0.275750,-0.283793
0.276250,-0.173885
0.276750,-0.181328
0.277250,-0.086324
0.277750,-0.182567
0.278250,-0.166298
0.278750,-0.302456
0.279250,-0.653291
0.279750,-0.478192
0.280250,-0.150949
0.280750,-0.114838
0.281250,-0.080256
0.281750,-0.361770
0.282250,0.308636
0.282750,0.025770
0.283250,0.146141
0.283750,-0.593658
0.284250,-0.623350
0.284750,-0.554716
0.285250,0.196640
0.285750,0.331481
0.286250,0.145617
0.286750,-0.165567
0.287250,0.144259
0.287750,-0.415080
0.288250,-0.620277
0.288750,-0.810344
0.289250,-0.207152
0.289750,-0.461506
0.290250,0.343375
0.290750,-0.634446
0.291250,-0.454849
0.291750,-0.981604
0.292250,-0.414242
0.292750,-0.458245
0.293250,-0.685086
0.293750,0.105468
0.294250,-0.705034
0.294750,-1.067820
0.295250,-0.454749
0.295750,-0.618434
0.296250,-0.766424
0.296750,-1.069413
0.297250,-0.623563
0.297750,-0.694276
0.298250,0.025726
0.298750,-0.223234
0.299250,-0.417687
0.299750,-0.166280
0.300250,-0.062696
0.300750,-0.226400
0.301250,-0.020099
0.301750,0.258498
0.302250,0.007308
0.302750,0.118121
0.303250,0.266124
0.303750,-0.242357
0.304250,0.436269
0.304750,0.133412
0.305250,-0.086128
0.305750,-0.100501
0.306250,0.165965
0.306750,0.056440
0.307250,0.115825
0.307750,-0.122690
0.308250,0.541364
0.308750,0.126400
0.309250,-0.067611
0.309750,-0.233722
0.310250,0.170379
0.310750,0.120131
0.311250,-0.019806
0.311750,-0.155896
0.312250,-0.106947
0.312750,-0.190065
0.313250,-0.201048
0.313750,-0.367360
0.314250,-0.086050
0.314750,-0.510721
0.315250,-0.183782
0.315750,0.271809
0.316250,-0.076288
0.316750,-0.325565
0.317250,-0.282576
0.317750,0.138163
0.318250,-0.290496
0.318750,-0.093499
0.319250,0.142687
0.319750,0.358475
0.320250,-0.289222
0.320750,0.272362
0.321250,0.207339
0.321750,0.575987
0.322250,0.546076
0.322750,0.376302
0.323250,0.559601
0.323750,0.289904
0.324250,0.728000
0.324750,0.639435
0.325250,0.471489
0.325750,0.454871
0.326250,0.515089
0.326750,0.299370
0.327250,0.579230
0.327750,0.506680
0.328250,-0.041889
0.328750,1.051211
0.329250,0.495524
0.329750,0.375982
0.330250,0.124154
0.330750,0.625536
0.331250,-0.081136
0.331750,0.406336
0.332250,-0.419454
0.332750,0.326425
0.333250,0.234207
0.333750,0.249871
0.334250,0.096424
0.334750,0.729800
0.335250,0.411615
0.335750,-0.001639
0.336250,0.401206
0.336750,0.159106
0.337250,0.996645
0.337750,0.850947
0.338250,1.042505
0.338750,0.682495
0.339250,0.661207
0.339750,0.365052
0.340250,0.778431
0.340750,0.557800
0.341250,0.683473
0.341750,1.112583
0.342250,1.212883
0.342750,0.602906
0.343250,1.210966
0.343750,0.918917
0.344250,0.683619
0.344750,0.700147
0.345250,0.811364
0.345750,0.879034
0.346250,1.227489
0.346750,1.282668
0.347250,0.721505
0.347750,0.751467
0.348250,1.215646
0.348750,0.647972
0.349250,0.330490
0.349750,0.292544
0.350250,1.091695
0.350750,0.915208
0.351250,0.426875
0.351750,0.598391
0.352250,0.166576
0.352750,0.859169
0.353250,0.729083
0.353750,0.470381
0.354250,0.680956
0.354750,0.634070
0.355250,0.948713
0.355750,0.672021
0.356250,0.754084
0.356750,1.363678
0.357250,0.860952
0.357750,0.608101
0.358250,-0.084624
0.358750,0.133527
0.359250,0.127258
0.359750,0.060578
0.360250,0.375494
0.360750,0.303044
0.361250,0.488623
0.361750,0.516485
0.362250,0.376122
0.362750,-0.031017
0.363250,0.396478
0.363750,0.353340
0.364250,0.326182
0.364750,-0.049244
0.365250,0.310573
0.365750,0.544536
0.366250,1.020027
0.366750,0.217067
0.367250,0.133572
0.367750,0.133354
0.368250,0.203924
0.368750,-0.113321
0.369250,0.462560
0.369750,1.040623
0.370250,0.153504
0.370750,0.622420
0.371250,0.377129
0.371750,0.418728
0.372250,0.093557
0.372750,0.779219
0.373250,0.388780
0.373750,0.680662
0.374250,0.682176
0.374750,0.972830
0.375250,1.182836
0.375750,0.884117
0.376250,0.625057
0.376750,1.165042
0.377250,1.132232
0.377750,0.209755
0.378250,0.282365
0.378750,0.535820
0.379250,0.321270
0.379750,1.021900
0.380250,0.836497
0.380750,0.521029
0.381250,0.719070
0.381750,0.683642
0.382250,0.292668
0.382750,0.317566
0.383250,0.961053
0.383750,0.453290
0.384250,0.939343
0.384750,1.068818
0.385250,0.970175
0.385750,0.985446
0.386250,0.762824
0.386750,1.035512
0.387250,1.080980
0.387750,0.929908
0.388250,1.611734
0.388750,1.262272
0.389250,1.415477
0.389750,1.406488
0.390250,1.376093
0.390750,1.618830
0.391250,1.383543
0.391750,1.220459
0.392250,1.655580
0.392750,0.775612
0.393250,1.121050
0.393750,1.526037
0.394250,1.902957
0.394750,1.391951
0.395250,1.623240
0.395750,1.263924
0.396250,1.354347
0.396750,0.882572
0.397250,1.128180
0.397750,1.150490
0.398250,1.198645
0.398750,1.071829
0.399250,0.989397
0.399750,1.010106
0.400250,0.820117
0.400750,1.404414
0.401250,0.950015
0.401750,0.824316
0.402250,0.779755
0.402750,0.660774
0.403250,0.688522
0.403750,0.738322
0.404250,0.748491
0.404750,0.875092
0.405250,0.272121
0.405750,1.033371
0.406250,1.189309
0.406750,0.383498
0.407250,0.450530
0.407750,0.709245
0.408250,-0.264796
0.408750,0.929809
0.409250,0.515919
0.409750,0.961650
0.410250,0.198998
0.410750,0.288163
0.411250,1.224327
0.411750,0.334070
0.412250,0.612257
0.412750,0.852742
0.413250,0.691557
0.413750,0.691874
0.414250,1.069567
0.414750,1.390617
0.415250,1.151315
0.415750,1.344579
0.416250,1.609990
0.416750,1.600201
0.417250,1.141918
0.417750,0.894641
0.418250,0.678280
0.418750,0.897191
0.419250,0.370824
0.419750,0.824528
0.420250,0.710311
0.420750,1.085981
0.421250,1.087549
0.421750,0.361069
0.422250,0.659936
0.422750,0.368872
0.423250,0.298840
0.423750,0.260688
0.424250,0.265466
0.424750,0.561732
0.425250,0.564211
0.425750,0.445450
0.426250,0.241935
0.426750,-0.142752
0.427250,0.173089
0.427750,-0.136483
0.428250,0.299910
0.428750,0.256065
0.429250,0.030230
0.429750,0.058851
0.430250,0.165436
0.430750,-0.015574
0.431250,0.629724
0.431750,0.428764
0.432250,0.550324
0.432750,0.203089
0.433250,0.597039
0.433750,0.437751
0.434250,1.152897
0.434750,1.162060
0.435250,0.881173
0.435750,0.505036
0.436250,0.566549
0.436750,0.937077
0.437250,0.465443
0.437750,0.046029
0.438250,0.855485
0.438750,0.409261
0.439250,0.650834
0.439750,1.107728
0.440250,0.517696
0.440750,0.632974
0.441250,1.062054
0.441750,1.234830
0.442250,0.890318
0.442750,0.814185
0.443250,1.534569
0.443750,0.947612
0.444250,1.227761
0.444750,1.324212
0.445250,0.928651
0.445750,0.349304
0.446250,0.150245
0.446750,1.120575
0.447250,0.884924
0.447750,1.004481
0.448250,0.556692
0.448750,0.733097
0.449250,0.695067
0.449750,0.853983
0.450250,1.100161
0.450750,1.300724
0.451250,0.667887
0.451750,0.835205
0.452250,1.019044
0.452750,0.795385
0.453250,0.462734
0.453750,0.401435
0.454250,0.948482
0.454750,0.835165
0.455250,0.973924
0.455750,0.638268
0.456250,0.839432
0.456750,0.605542
0.457250,0.519240
0.457750,0.983435
0.458250,0.359664
0.458750,0.551631
0.459250,0.909223
0.459750,1.027255
0.460250,1.549187
0.460750,1.295609
0.461250,1.350185
0.461750,1.468395
0.462250,1.101301
0.462750,0.739896
0.463250,1.230938
0.463750,0.984425
0.464250,1.336745
0.464750,0.893175
0.465250,1.742248
0.465750,2.199564
0.466250,1.526296
0.466750,1.597572
0.467250,1.183404
0.467750,1.477081
0.468250,1.858462
0.468750,1.306934
0.469250,0.312191
0.469750,1.266715
0.470250,0.666297
0.470750,1.420821
0.471250,1.040280
0.471750,1.316274
0.472250,0.955898
0.472750,0.880370
0.473250,1.335051
0.473750,1.079468
0.474250,1.418326
0.474750,1.721337
0.475250,1.239727
0.475750,1.818522
0.476250,1.970782
0.476750,1.748343
0.477250,1.956759
0.477750,1.320597
0.478250,1.036325
0.478750,1.900760
0.479250,1.207865
0.479750,1.128349
0.480250,0.908961
0.480750,1.435210
0.481250,1.396414
0.481750,0.962177
0.482250,1.903810
0.482750,1.934705
0.483250,1.588840
0.483750,1.483859
0.484250,1.227385
0.484750,1.287671
0.485250,0.921269
0.485750,1.401945
0.486250,1.480318
0.486750,1.455643
0.487250,1.275834
0.487750,1.627014
0.488250,1.663720
0.488750,1.706722
0.489250,0.825107
0.489750,1.633195
0.490250,1.251817
0.490750,1.267304
0.491250,0.194365
0.491750,0.809940
0.492250,1.169191
0.492750,1.205989
0.493250,1.132192
0.493750,0.727621
0.494250,1.010543
0.494750,0.844529
0.495250,1.016266
0.495750,0.870357
0.496250,1.470767
0.496750,0.651572
0.497250,1.064187
0.497750,0.934486
0.498250,1.132375
0.498750,0.774069
0.499250,1.452436
0.499750,0.543663
0.500250,0.841656
0.500750,1.588003
0.501250,1.292311
0.501750,0.606295
0.502250,0.211758
0.502750,0.541545
0.503250,0.997035
0.503750,0.519391
0.504250,0.843447
0.504750,0.688682
0.505250,1.042491
0.505750,0.843663
0.506250,1.211982
0.506750,1.598646
0.507250,1.347583
0.507750,1.030456
0.508250,0.916742
0.508750,0.465228
0.509250,1.036291
0.509750,1.228775
0.510250,1.177636
0.510750,0.939274
0.511250,0.807877
0.511750,1.153017
0.512250,0.511498
0.512750,0.399632
0.513250,0.919660
0.513750,0.502355
0.514250,0.460168
0.514750,0.900115
0.515250,0.802150
0.515750,1.021473
0.516250,0.867699
0.516750,0.327678
0.517250,0.677398
0.517750,1.430119
0.518250,0.616237
0.518750,1.075755
0.519250,0.394070
0.519750,0.894220
0.520250,1.313080
0.520750,1.403110
0.521250,1.209029
0.521750,1.482719
0.522250,0.559697
0.522750,0.574127
0.523250,0.690332
0.523750,0.942198
0.524250,0.262627
0.524750,1.344938
0.525250,0.092286
0.525750,1.306110
0.526250,0.963790
0.526750,0.623588
0.527250,1.060843
0.527750,0.874248
0.528250,0.025204
0.528750,0.540153
0.529250,0.294974
0.529750,1.155768
0.530250,0.943311
0.530750,0.534377
0.531250,0.494421
0.531750,0.755634
0.532250,0.868496
0.532750,0.523130
0.533250,0.324837
0.533750,0.618795
0.534250,0.780861
0.534750,0.138863
0.535250,0.588528
0.535750,0.782441
0.536250,0.431371
0.536750,0.446580
0.537250,1.030706
0.537750,0.865113
0.538250,1.849123
0.538750,0.825583
0.539250,0.661410
0.539750,0.664174
0.540250,0.956506
0.540750,1.007715
0.541250,0.985072
0.541750,0.426940
0.542250,1.405958
0.542750,0.719867
0.543250,0.845714
0.543750,1.292891
0.544250,0.907021
0.544750,1.123836
0.545250,0.881908
0.545750,1.540983
0.546250,0.848589
0.546750,0.763600
0.547250,1.067978
0.547750,1.320439
0.548250,1.222691
0.548750,1.228833
0.549250,1.086673
0.549750,1.066190
0.550250,0.903124
0.550750,0.551395
0.551250,1.684933
0.551750,1.584991
0.552250,1.013515
0.552750,1.138604
0.553250,0.644006
0.553750,0.912702
0.554250,0.685669
0.554750,1.101769
0.555250,1.116511
0.555750,0.910255
0.556250,0.216569
0.556750,0.969447
0.557250,0.957013
0.557750,0.966462
0.558250,0.709950
0.558750,-0.124914
0.559250,0.366665
0.559750,0.613234
0.560250,0.367968
0.560750,0.634427
0.561250,-0.139792
0.561750,0.805713
0.562250,-0.402086
0.562750,0.091485
0.563250,0.472452
0.563750,0.334690
0.564250,0.549187
0.564750,0.638065
0.565250,-0.261629
0.565750,-0.234904
0.566250,0.784982
0.566750,0.717688
0.567250,0.562622
0.567750,1.622961
0.568250,-0.039453
0.568750,0.652314
0.569250,-0.041592
0.569750,0.149295
0.570250,0.255811
0.570750,0.010607
0.571250,-0.320277
0.571750,0.463000
0.572250,0.157331
0.572750,0.512957
0.573250,-0.543485
0.573750,-0.352814
0.574250,-0.358625
0.574750,0.109832
0.575250,-0.043271
0.575750,-0.053829
0.576250,-0.638380
0.576750,-0.151457
0.577250,0.223998
0.577750,0.418662
0.578250,-0.084896
0.578750,0.008892
0.579250,-0.653931
0.579750,-0.114069
0.580250,-0.012065
0.580750,-0.200090
0.581250,-0.315716
0.581750,-0.263499
0.582250,-0.678397
0.582750,-0.577624
0.583250,-0.771392
0.583750,-0.874327
0.584250,0.664660
0.584750,0.058748
0.585250,0.132540
0.585750,-0.758094
0.586250,-0.484564
0.586750,0.197372
0.587250,-0.698306
0.587750,-0.265219
0.588250,-0.840465
0.588750,-1.408358
0.589250,-0.546484
0.589750,-0.280717
0.590250,-1.055376
0.590750,-0.948279
0.591250,-0.213759
0.591750,0.215606
0.592250,-0.532507
0.592750,-0.294534
0.593250,-1.056114
0.593750,-0.583605
0.594250,-0.226988
0.594750,0.068393
0.595250,-0.284921
0.595750,-0.835498
0.596250,-0.496734
0.596750,-0.141914
0.597250,-0.485406
0.597750,-0.304084
0.598250,-0.751240
0.598750,-0.101561
0.599250,-0.504899
0.599750,-0.572469
0.600250,-0.574894
0.600750,-0.582968
0.601250,-0.435428
0.601750,-0.882979
0.602250,-0.856540
0.602750,-0.273700
0.603250,-1.264514
0.603750,0.009035
0.604250,-0.269787
0.604750,-0.300663
0.605250,-0.333784
0.605750,-0.688201
0.606250,-0.874574
0.606750,-0.456176
0.607250,-0.674756
0.607750,-0.221900
0.608250,-0.349140
0.608750,-0.596872
0.609250,-1.185429
0.609750,0.476313
0.610250,-0.013097
0.610750,-0.039468
0.611250,-0.785606
0.611750,-0.707666
0.612250,-1.280658
0.612750,-0.245723
0.613250,-1.179629
0.613750,-0.437351
0.614250,-0.437123
0.614750,-0.371601
0.615250,-0.462033
0.615750,-0.574092
0.616250,-0.431928
0.616750,-1.211918
0.617250,-0.520606
0.617750,-0.582061
0.618250,-0.794390
0.618750,-0.916726
0.619250,-0.618780
0.619750,-0.652462
0.620250,-0.650486
0.620750,-0.429195
0.621250,-0.949292
0.621750,0.211584
0.622250,-0.645543
0.622750,-0.547025
0.623250,0.245649
0.623750,-0.397398
0.624250,-0.420138
0.624750,-0.328168
0.625250,-0.157299
0.625750,-0.980895
0.626250,-1.076229
0.626750,-0.686688
0.627250,-0.045767
0.627750,0.200200
0.628250,-0.610579
0.628750,-0.386101
0.629250,-0.869343
0.629750,0.058425
0.630250,-0.589233
0.630750,-0.731576
0.631250,-0.668038
0.631750,-0.732622
0.632250,-0.427028
0.632750,-1.113001
0.633250,-0.522088
0.633750,0.594564
0.634250,-0.675006
0.634750,-0.167845
0.635250,-1.168521
0.635750,-0.524292
0.636250,-0.816592
0.636750,-0.078925
0.637250,-0.417182
0.637750,-0.738415
0.638250,-0.519699
0.638750,-0.203325
0.639250,-0.610816
0.639750,-0.150624
0.640250,-0.175935
0.640750,0.473135
0.641250,0.326318
0.641750,-0.518754
0.642250,0.021952
0.642750,0.345816
0.643250,-0.408275
0.643750,-0.224610
0.644250,-0.431285
0.644750,-0.500365
0.645250,0.085443
0.645750,-0.326977
0.646250,-0.802872
0.646750,-0.314169
0.647250,-0.814045
0.647750,-0.500542
0.648250,-0.748851
0.648750,-0.662989
0.649250,-0.594306
0.649750,-0.241364
0.650250,-0.224584
0.650750,-0.516417
0.651250,-0.018109
0.651750,-0.260361
0.652250,-0.141716
0.652750,-0.018408
0.653250,-0.280195
0.653750,-0.144200
0.654250,-0.251881
0.654750,-0.999381
0.655250,-1.112928
0.655750,-0.680185
0.656250,-0.907366
0.656750,-1.044576
0.657250,-1.091602
0.657750,-0.478930
0.658250,-0.793796
0.658750,-0.349311
0.659250,-0.799424
0.659750,-1.238786
0.660250,-0.668189
0.660750,-0.561176
0.661250,-0.753953
0.661750,-0.973625
0.662250,-1.646125
0.662750,-0.598331
0.663250,-0.692884
0.663750,-0.611055
0.664250,-1.214942
0.664750,-0.660061
0.665250,-0.843679
0.665750,-1.111062
0.666250,-0.712879
0.666750,-1.656015
0.667250,-0.418276
0.667750,-1.429280
0.668250,-2.140430
0.668750,-1.074301
0.669250,-1.377436
0.669750,-1.032129
0.670250,-1.007908
0.670750,-1.243448
0.671250,-0.970715
0.671750,-1.760589
0.672250,-1.434326
0.672750,-1.129438
0.673250,-0.967294
0.673750,-1.517359
0.674250,-1.578592
0.674750,-2.299354
0.675250,-1.941082
0.675750,-1.605253
0.676250,-1.781355
0.676750,-1.468717
0.677250,-1.255611
0.677750,-1.404446
0.678250,-1.169030
0.678750,-1.428559
0.679250,-1.415544
0.679750,-2.046994
0.680250,-1.446791
0.680750,-1.726877
0.681250,-2.202085
0.681750,-2.093752
0.682250,-1.366877
0.682750,-1.697312
0.683250,-2.128888
0.683750,-1.713208
0.684250,-1.396276
0.684750,-1.734445
0.685250,-1.531293
0.685750,-1.724403
0.686250,-1.901109
0.686750,-1.759038
0.687250,-1.697000
0.687750,-1.394987
0.688250,-1.549214
0.688750,-1.957970
0.689250,-2.228972
0.689750,-0.927287
0.690250,-1.441349
0.690750,-1.049989
0.691250,-1.044918
0.691750,-0.727670
0.692250,-0.925632
0.692750,-1.424139
0.693250,-1.464026
0.693750,-1.171572
0.694250,-1.767414
0.694750,-2.247136
0.695250,-2.011885
0.695750,-1.561745
0.696250,-1.381697
0.696750,-1.527285
0.697250,-1.333316
0.697750,-1.538022
0.698250,-1.431334
0.698750,-1.679494
0.699250,-1.692329
0.699750,-0.990372
0.700250,-1.714519
0.700750,-2.272317
0.701250,-1.992287
0.701750,-1.686582
0.702250,-1.587770
0.702750,-1.803655
0.703250,-1.327379
0.703750,-1.300891
0.704250,-1.825107
0.704750,-2.189287
0.705250,-1.455466
0.705750,-2.192932
0.706250,-1.616937
0.706750,-2.162563
0.707250,-2.371649
0.707750,-2.173190
0.708250,-2.312496
0.708750,-2.596239
0.709250,-1.444626
0.709750,-1.788630
0.710250,-2.032882
0.710750,-0.882349
0.711250,-1.116650
0.711750,-1.158300
0.712250,-1.394421
0.712750,-0.922853
0.713250,-1.666880
0.713750,-1.571142
0.714250,-1.131620
0.714750,-1.489438
0.715250,-1.367563
0.715750,-1.724582
0.716250,-1.478752
0.716750,-0.963289
0.717250,-1.206832
0.717750,-0.755330
0.718250,-0.720338
0.718750,-0.393442
0.719250,-1.197884
0.719750,-0.660477
0.720250,-1.518517
0.720750,-1.326169
0.721250,-1.149669
0.721750,-1.875872
0.722250,-1.140781
0.722750,-0.612008
0.723250,-0.765221
0.723750,-1.064259
0.724250,-1.177568
0.724750,-1.544469
0.725250,-0.755668
0.725750,-1.111708
0.726250,-1.118820
0.726750,-1.250027
0.727250,-1.310456
0.727750,-1.635854
0.728250,-1.815773
0.728750,-1.073410
0.729250,-1.629435
0.729750,-1.648793
0.730250,-1.149762
0.730750,-2.297365
0.731250,-1.475747
0.731750,-0.938121
0.732250,-1.519593
0.732750,-1.462638
0.733250,-1.759505
0.733750,-2.022083
0.734250,-1.902919
0.734750,-2.518023
0.735250,-2.534627
0.735750,-2.247673
0.736250,-2.129451
0.736750,-1.458412
0.737250,-1.875194
0.737750,-1.870944
0.738250,-1.951094
0.738750,-1.762692
0.739250,-1.504341
0.739750,-1.706755
0.740250,-3.026119
0.740750,-2.297703
0.741250,-2.536662
0.741750,-2.055101
0.742250,-1.742761
0.742750,-1.338044
0.743250,-1.438408
0.743750,-2.175072
0.744250,-1.441172
0.744750,-1.751531
0.745250,-2.095497
0.745750,-1.493420
0.746250,-2.005100
0.746750,-1.755819
0.747250,-2.363494
0.747750,-2.215672
0.748250,-3.093353
0.748750,-2.740851
0.749250,-1.881432
0.749750,-1.843944
0.750250,-1.470499
0.750750,-2.192704
0.751250,-1.976010
0.751750,-2.416078
0.752250,-1.994421
0.752750,-2.035250
0.753250,-2.442396
0.753750,-1.901362
0.754250,-2.465836
0.754750,-2.103070
0.755250,-2.985882
0.755750,-2.325873
0.756250,-1.971962
0.756750,-2.085312
0.757250,-2.371966
0.757750,-1.678724
0.758250,-2.650716
0.758750,-2.221443
0.759250,-2.082938
0.759750,-1.981275
0.760250,-2.736569
0.760750,-2.574767
0.761250,-2.904626
0.761750,-2.351352
0.762250,-3.163323
0.762750,-2.442854
0.763250,-1.912585
0.763750,-3.072426
0.764250,-2.229636
0.764750,-3.397891
0.765250,-3.208044
0.765750,-2.671777
0.766250,-2.703124
0.766750,-2.640762
0.767250,-2.234939
0.767750,-2.994717
0.768250,-3.293050
0.768750,-2.727407
0.769250,-2.724248
0.769750,-3.287133
0.770250,-2.348169
0.770750,-1.893578
0.771250,-2.030066
0.771750,-2.397387
0.772250,-2.597692
0.772750,-2.472851
0.773250,-2.927907
0.773750,-2.966724
0.774250,-2.764125
0.774750,-2.817174
0.775250,-2.998333
0.775750,-2.117269
0.776250,-2.406421
0.776750,-2.654342
0.777250,-2.044405
0.777750,-2.141647
0.778250,-2.666041
0.778750,-3.007829
0.779250,-2.952973
0.779750,-2.478778
0.780250,-3.084964
0.780750,-2.887803
0.781250,-2.282722
0.781750,-2.655412
0.782250,-2.708294
0.782750,-2.922755
0.783250,-2.600480
0.783750,-1.635650
0.784250,-2.788930
0.784750,-2.185657
0.785250,-2.168584
0.785750,-2.438104
0.786250,-2.387310
0.786750,-2.130813
0.787250,-2.608551
0.787750,-2.978304
0.788250,-2.345860
0.788750,-3.086650
0.789250,-3.126940
0.789750,-2.720457
0.790250,-2.536565
0.790750,-2.784834
0.791250,-2.749062
0.791750,-2.753672
0.792250,-3.738235
0.792750,-3.018445
0.793250,-2.821594
0.793750,-2.428643
0.794250,-3.340110
0.794750,-2.679387
0.795250,-2.874552
0.795750,-3.218423
0.796250,-2.358995
0.796750,-2.457721
0.797250,-1.886121
0.797750,-2.018101
0.798250,-1.991510
0.798750,-2.006073
0.799250,-2.963037
0.799750,-2.581183
0.800250,-3.025003
0.800750,-2.513314
0.801250,-2.075996
0.801750,-1.899660
0.802250,-2.515084
0.802750,-2.629991
0.803250,-3.194215
0.803750,-2.683064
0.804250,-2.984054
0.804750,-2.538948
0.805250,-2.656440
0.805750,-1.694329
0.806250,-2.740966
0.806750,-2.399893
0.807250,-3.272249
0.807750,-2.325844
0.808250,-2.662404
0.808750,-1.954499
0.809250,-2.859798
0.809750,-2.339085
0.810250,-2.190174
0.810750,-2.163733
0.811250,-1.832362
0.811750,-2.254291
0.812250,-2.423194
0.812750,-2.144214
0.813250,-2.172716
0.813750,-2.087588
0.814250,-2.220879
0.814750,-2.355823
0.815250,-1.746934
0.815750,-2.393334
0.816250,-1.435254
0.816750,-1.914264
0.817250,-1.550474
0.817750,-2.251691
0.818250,-1.879999
0.818750,-2.008097
0.819250,-1.877904
0.819750,-1.762483
0.820250,-2.289652
0.820750,-2.146282
0.821250,-0.827561
0.821750,-2.103088
0.822250,-1.825926
0.822750,-1.293481
0.823250,-1.481658
0.823750,-2.359567
0.824250,-2.666663
0.824750,-2.851646
0.825250,-1.692251
0.825750,-2.047783
0.826250,-1.775904
0.826750,-1.066949
0.827250,-1.870250
0.827750,-1.461539
0.828250,-1.604248
0.828750,-2.010019
0.829250,-1.883834
0.829750,-1.842001
0.830250,-1.954261
0.830750,-2.836070
0.831250,-2.248508
0.831750,-3.618022
0.832250,-2.430825
0.832750,-2.075495
0.833250,-0.861099
0.833750,-1.928230
0.834250,-1.320047
0.834750,-2.247185
0.835250,-1.797180
0.835750,-1.793963
0.836250,-1.922218
0.836750,-2.180975
0.837250,-2.685949
0.837750,-2.266710
0.838250,-1.994183
0.838750,-1.535730
0.839250,-2.482811
0.839750,-2.139920
0.840250,-2.527327
0.840750,-2.343435
0.841250,-2.204666
0.841750,-1.518657
0.842250,-1.986630
0.842750,-1.419789
0.843250,-1.834040
0.843750,-2.109409
0.844250,-2.319676
0.844750,-2.850157
0.845250,-2.524602
0.845750,-2.127707
0.846250,-2.014490
0.846750,-1.295212
0.847250,-1.860813
0.847750,-1.463737
0.848250,-2.171812
0.848750,-1.995348
0.849250,-2.448935
0.849750,-1.704581
0.850250,-1.973294
0.850750,-1.931054
0.851250,-1.316696
0.851750,-2.914571
0.852250,-2.404744
0.852750,-2.083092
0.853250,-1.647462
0.853750,-2.305561
0.854250,-2.228096
0.854750,-1.820280
0.855250,-2.115210
0.855750,-0.707903
0.856250,-1.598685
0.856750,-2.094758
0.857250,-1.805195
0.857750,-2.087773
0.858250,-2.796386
0.858750,-2.391899
0.859250,-2.355697
0.859750,-1.941153
0.860250,-2.506941
0.860750,-2.253794
0.861250,-2.063151
0.861750,-1.600117
0.862250,-1.979010
0.862750,-2.207063
0.863250,-2.741676
0.863750,-1.214309
0.864250,-2.882924
0.864750,-1.700865
0.865250,-1.994038
0.865750,-2.677090
0.866250,-1.921228
0.866750,-2.523662
0.867250,-2.808063
0.867750,-2.831426
0.868250,-2.170919
0.868750,-2.628223
0.869250,-2.518175
0.869750,-2.821311
0.870250,-2.937399
0.870750,-2.890600
0.871250,-2.422512
0.871750,-2.045494
0.872250,-3.258519
0.872750,-2.846578
0.873250,-2.307062
0.873750,-2.891049
0.874250,-3.232077
0.874750,-3.545492
0.875250,-3.785585
0.875750,-2.658976
0.876250,-2.687690
0.876750,-2.451747
0.877250,-2.729064
0.877750,-2.309537
0.878250,-2.629303
0.878750,-1.789903
0.879250,-2.311437
0.879750,-2.069316
0.880250,-1.780488
0.880750,-2.415931
0.881250,-2.850422
0.881750,-3.787924
0.882250,-3.251595
0.882750,-2.361945
0.883250,-2.326520
0.883750,-2.177545
0.884250,-2.533401
0.884750,-2.473112
0.885250,-2.659557
0.885750,-2.440684
0.886250,-1.531439
0.886750,-2.231071
0.887250,-2.398007
0.887750,-1.947675
0.888250,-2.425333
0.888750,-2.376409
0.889250,-2.422603
0.889750,-2.688955
0.890250,-2.230338
0.890750,-2.279150
0.891250,-2.453971
0.891750,-2.150753
0.892250,-2.036216
0.892750,-3.045417
0.893250,-2.763035
0.893750,-1.388821
0.894250,-2.876392
0.894750,-2.356862
0.895250,-2.112633
0.895750,-3.234138
0.896250,-2.343268
0.896750,-2.694851
0.897250,-3.168980
0.897750,-2.503797
0.898250,-2.863436
0.898750,-1.880245
0.899250,-1.767880
0.899750,-1.988777
0.900250,-2.378170
0.900750,-2.075101
0.901250,-3.377121
0.901750,-3.112681
0.902250,-2.866627
0.902750,-2.391244
0.903250,-2.582342
0.903750,-3.165569
0.904250,-2.681124
0.904750,-2.837130
0.905250,-2.615361
0.905750,-1.565530
0.906250,-1.903378
0.906750,-2.412382
0.907250,-1.518455
0.907750,-2.658997
0.908250,-2.573852
0.908750,-2.183883
0.909250,-1.797525
0.909750,-2.160648
0.910250,-2.181101
0.910750,-1.774509
0.911250,-2.162775
0.911750,-2.307353
0.912250,-2.133500
0.912750,-2.431108
0.913250,-2.117364
0.913750,-0.697107
0.914250,-1.818235
0.914750,-1.497154
0.915250,-2.202843
0.915750,-1.357224
0.916250,-2.059893
0.916750,-1.292194
0.917250,-1.975450
0.917750,-0.998901
0.918250,-0.392498
0.918750,-1.677837
0.919250,-1.522451
0.919750,-2.277579
0.920250,-0.866583
0.920750,-1.946025
0.921250,-1.243702
0.921750,-1.102568
0.922250,-1.071031
0.922750,-1.228111
0.923250,-2.014092
0.923750,-1.384993
0.924250,-2.011733
0.924750,-1.206528
0.925250,-1.365280
0.925750,-2.442115
0.926250,-2.298077
0.926750,-1.108162
0.927250,-1.085200
0.927750,-1.502055
0.928250,-1.089734
0.928750,-1.677258
0.929250,-0.486485
0.929750,-1.355553
0.930250,-0.871198
0.930750,-1.582986
0.931250,-1.291465
0.931750,-1.445199
0.932250,-1.534635
0.932750,-1.278928
0.933250,-1.722049
0.933750,-1.921203
0.934250,-2.014233
0.934750,-2.038139
0.935250,-2.143416
0.935750,-1.832090
0.936250,-1.805110
0.936750,-1.932959
0.937250,-2.064683
0.937750,-2.131440
0.938250,-1.891607
0.938750,-1.901948
0.939250,-2.623763
0.939750,-1.522028
0.940250,-2.303412
0.940750,-2.211149
0.941250,-2.377864
0.941750,-1.661004
0.942250,-1.488237
0.942750,-2.615322
0.943250,-1.263694
0.943750,-1.962110
0.944250,-1.929400
0.944750,-1.764062
0.945250,-2.227800
0.945750,-1.785292
0.946250,-2.372309
0.946750,-2.624442
0.947250,-1.851129
0.947750,-2.070543
0.948250,-1.843454
0.948750,-2.269480
0.949250,-1.508107
0.949750,-2.180938
0.950250,-2.185389
0.950750,-2.027015
0.951250,-1.437399
0.951750,-1.883310
0.952250,-2.265127
0.952750,-2.182862
0.953250,-2.284383
0.953750,-2.232557
0.954250,-1.743302
0.954750,-2.463569
0.955250,-2.614201
0.955750,-1.924313
0.956250,-2.326823
0.956750,-2.601029
0.957250,-1.815766
0.957750,-1.607975
0.958250,-2.094276
0.958750,-2.162535
0.959250,-1.579378
0.959750,-1.471633
0.960250,-2.587699
0.960750,-1.435070
0.961250,-2.067212
0.961750,-2.384271
0.962250,-2.178599
0.962750,-1.403934
0.963250,-1.848399
0.963750,-2.234607
0.964250,-2.615027
0.964750,-3.009260
0.965250,-2.137948
0.965750,-2.883635
0.966250,-2.136267
0.966750,-1.794887
0.967250,-1.773429
0.967750,-2.701920
0.968250,-3.447868
0.968750,-2.353179
0.969250,-2.226687
0.969750,-2.465704
0.970250,-3.066913
0.970750,-2.553386
0.971250,-2.751114
0.971750,-2.834068
0.972250,-3.753913
0.972750,-3.162233
0.973250,-2.265103
0.973750,-2.468380
0.974250,-2.441932
0.974750,-2.892421
0.975250,-2.689234
0.975750,-2.465583
0.976250,-2.774581
0.976750,-2.249451
0.977250,-2.416158
0.977750,-2.744278
0.978250,-2.505946
0.978750,-1.901619
0.979250,-2.446336
0.979750,-2.711346
0.980250,-3.055800
0.980750,-2.160729
0.981250,-1.775553
0.981750,-1.575823
0.982250,-2.165448
0.982750,-1.793672
0.983250,-0.836317
0.983750,-1.619834
0.984250,-1.860069
0.984750,-1.975630
0.985250,-1.300633
0.985750,-1.770443
0.986250,-2.100514
0.986750,-1.719141
0.987250,-1.957559
0.987750,-2.464120
0.988250,-1.840502
0.988750,-1.688223
0.989250,-1.899709
0.989750,-1.129206
0.990250,-0.458877
0.990750,-1.236221
0.991250,-1.520407
0.991750,-1.460064
0.992250,-1.937604
0.992750,-1.621785
0.993250,-2.234628
0.993750,-1.841593
0.994250,-1.605966
0.994750,-2.649346
0.995250,-2.227788
0.995750,-1.034201
0.996250,-2.011827
0.996750,-2.556811
0.997250,-1.880321
0.997750,-1.604428
0.998250,-1.318822
0.998750,-1.582671
0.999250,-2.670337
0.999750,-1.787040
