0.000250,0.083892
0.000750,0.133643
0.001250,0.113600
0.001750,-0.107090
0.002250,-0.129865
0.002750,0.006016
0.003250,0.049117
0.003750,-0.043276
0.004250,0.130070
0.004750,0.304887
0.005250,0.314410
0.005750,0.258889
0.006250,0.170316
0.006750,0.169417
0.007250,0.159258
0.007750,0.139862
0.008250,0.117282
0.008750,0.069388
0.009250,0.013564
0.009750,-0.109223
0.010250,0.015397
0.010750,0.170531
0.011250,0.232520
0.011750,0.283387
0.012250,0.308204
0.012750,0.448248
0.013250,0.407043
0.013750,0.379475
0.014250,0.517552
0.014750,0.518792
0.015250,0.711037
0.015750,0.943704
0.016250,1.026803
0.016750,1.031666
0.017250,1.116719
0.017750,0.999714
0.018250,1.013415
0.018750,0.974904
0.019250,0.964559
0.019750,1.158720
0.020250,1.132763
0.020750,1.293418
0.021250,1.088597
0.021750,1.065480
0.022250,1.029447
0.022750,1.048359
0.023250,0.900910
0.023750,0.627816
0.024250,0.706145
0.024750,0.583919
0.025250,0.774403
0.025750,0.935802
0.026250,0.854683
0.026750,0.965442
0.027250,0.903002
0.027750,0.983464
0.028250,0.962717
0.028750,0.791815
0.029250,0.910310
0.029750,0.966249
0.030250,0.899919
0.030750,1.164807
0.031250,1.238210
0.031750,1.302870
0.032250,1.434091
0.032750,1.535450
0.033250,1.536751
0.033750,1.574772
0.034250,1.364444
0.034750,1.364937
0.035250,1.366970
0.035750,1.308022
0.036250,1.293394
0.036750,1.168296
0.037250,1.082894
0.037750,1.040875
0.038250,1.018580
0.038750,1.043391
0.039250,1.083794
0.039750,1.018573
0.040250,0.836783
0.040750,0.900685
0.041250,0.735035
0.041750,0.674757
0.042250,0.782743
0.042750,0.692629
0.043250,0.626185
0.043750,0.589133
0.044250,0.556165
0.044750,0.626395
0.045250,0.516099
0.045750,0.770650
0.046250,0.659610
0.046750,0.599669
0.047250,0.894621
0.047750,0.995507
0.048250,0.928630
0.048750,0.871236
0.049250,1.098358
0.049750,0.961202
0.050250,0.800200
0.050750,0.870813
0.051250,0.836989
0.051750,0.603322
0.052250,0.696332
0.052750,0.962701
0.053250,0.863754
0.053750,0.833099
0.054250,0.973009
0.054750,1.216970
0.055250,1.230422
0.055750,1.273809
0.056250,1.512494
0.056750,1.662225
0.057250,1.476378
0.057750,1.485207
0.058250,1.745387
0.058750,1.760600
0.059250,1.579248
0.059750,1.557770
0.060250,1.557026
0.060750,1.584235
0.061250,1.405882
0.061750,1.550568
0.062250,1.555358
0.062750,1.684774
0.063250,1.440416
0.063750,1.584822
0.064250,1.585995
0.064750,1.760286
0.065250,1.606076
0.065750,1.571376
0.066250,1.538681
0.066750,1.420385
0.067250,1.338258
0.067750,1.292784
0.068250,1.241701
0.068750,1.150080
0.069250,0.940413
0.069750,0.812416
0.070250,0.842056
0.070750,0.862019
0.071250,0.797432
0.071750,0.786287
0.072250,0.864744
0.072750,0.888766
0.073250,0.799261
0.073750,0.993042
0.074250,0.913584
0.074750,1.103695
0.075250,1.075193
0.075750,1.121289
0.076250,1.186021
0.076750,1.158449
0.077250,1.036632
0.077750,0.920988
0.078250,1.006925
0.078750,1.069664
0.079250,1.021214
0.079750,0.804123
0.080250,0.883788
0.080750,1.094078
0.081250,1.042499
0.081750,1.114653
0.082250,0.991495
0.082750,1.354674
0.083250,1.315284
0.083750,1.402990
0.084250,1.308891
0.084750,1.449607
0.085250,1.730053
0.085750,1.561107
0.086250,1.465192
0.086750,1.349002
0.087250,1.461542
0.087750,1.459253
0.088250,1.309938
0.088750,1.334893
0.089250,1.223444
0.089750,1.457457
0.090250,1.317178
0.090750,1.165537
0.091250,1.050142
0.091750,1.014181
0.092250,1.152356
0.092750,1.079226
0.093250,0.900125
0.093750,0.769981
0.094250,0.808745
0.094750,1.017711
0.095250,0.949638
0.095750,0.668271
0.096250,0.516497
0.096750,0.765666
0.097250,0.910818
0.097750,0.800636
0.098250,0.524459
0.098750,0.376643
0.099250,0.589611
0.099750,0.584981
0.100250,0.541102
0.100750,0.112438
0.101250,0.104694
0.101750,0.161214
0.102250,0.026341
0.102750,-0.129477
0.103250,-0.189505
0.103750,-0.251533
0.104250,0.074224
0.104750,-0.052515
0.105250,0.146903
0.105750,0.103871
0.106250,-0.163457
0.106750,0.145545
0.107250,0.098839
0.107750,0.379600
0.108250,0.429868
0.108750,0.141617
0.109250,0.323981
0.109750,0.413515
0.110250,0.345151
0.110750,0.459384
0.111250,0.301125
0.111750,0.169147
0.112250,0.533192
0.112750,0.435090
0.113250,0.435812
0.113750,0.351459
0.114250,0.181238
0.114750,0.365852
0.115250,0.388028
0.115750,0.185705
0.116250,0.194332
0.116750,0.095376
0.117250,0.134607
0.117750,0.358460
0.118250,0.318012
0.118750,0.440484
0.119250,0.445379
0.119750,0.672221
0.120250,0.944564
0.120750,0.961345
0.121250,0.925286
0.121750,0.788220
0.122250,0.865419
0.122750,0.868776
0.123250,0.878959
0.123750,0.940647
0.124250,0.754080
0.124750,0.871004
0.125250,1.039962
0.125750,0.934283
0.126250,0.596740
0.126750,0.676534
0.127250,0.466304
0.127750,0.639172
0.128250,0.761094
0.128750,0.584958
0.129250,0.822703
0.129750,0.674144
0.130250,0.543789
0.130750,0.839011
0.131250,0.942619
0.131750,0.760039
0.132250,0.913912
0.132750,0.846086
0.133250,0.652568
0.133750,0.916464
0.134250,0.984983
0.134750,0.680540
0.135250,0.705417
0.135750,0.497315
0.136250,0.378951
0.136750,0.546677
0.137250,0.443353
0.137750,0.253551
0.138250,0.255100
0.138750,-0.007613
0.139250,-0.209976
0.139750,0.143875
0.140250,-0.066537
0.140750,-0.214232
0.141250,-0.277138
0.141750,-0.342049
0.142250,-0.510347
0.142750,-0.090294
0.143250,-0.248936
0.143750,-0.392303
0.144250,-0.449039
0.144750,-0.530917
0.145250,-0.445059
0.145750,-0.266327
0.146250,-0.192372
0.146750,-0.385217
0.147250,-0.303632
0.147750,-0.258685
0.148250,-0.176611
0.148750,-0.104261
0.149250,0.059307
0.149750,-0.199017
0.150250,-0.375845
0.150750,-0.385205
0.151250,-0.411646
0.151750,-0.249822
0.152250,-0.137652
0.152750,-0.196705
0.153250,-0.333242
0.153750,-0.658099
0.154250,-0.375842
0.154750,-0.433128
0.155250,-0.419425
0.155750,-0.285141
0.156250,-0.242955
0.156750,-0.474621
0.157250,-0.296547
0.157750,-0.081502
0.158250,-0.101594
0.158750,0.018232
0.159250,0.080351
0.159750,-0.210390
0.160250,-0.042422
0.160750,0.288060
0.161250,0.416150
0.161750,0.218106
0.162250,0.318491
0.162750,0.259211
0.163250,0.051861
0.163750,0.212398
0.164250,0.466475
0.164750,0.197047
0.165250,0.328296
0.165750,0.293924
0.166250,-0.006517
0.166750,0.037470
0.167250,0.396970
0.167750,0.284256
0.168250,0.139616
0.168750,0.297690
0.169250,-0.082787
0.169750,-0.296637
0.170250,-0.368095
0.170750,-0.188176
0.171250,-0.336274
0.171750,-0.344931
0.172250,-0.315871
0.172750,-0.340496
0.173250,-0.535982
0.173750,-0.432330
0.174250,-0.372527
0.174750,-0.598488
0.175250,-0.476061
0.175750,-0.459527
0.176250,-0.730287
0.176750,-0.583696
0.177250,-0.457326
0.177750,-0.348405
0.178250,-0.471991
0.178750,-0.545936
0.179250,-0.514164
0.179750,-0.420068
0.180250,-0.517575
0.180750,-0.642878
0.181250,-0.513611
0.181750,-0.582582
0.182250,-0.791349
0.182750,-0.758604
0.183250,-0.658806
0.183750,-0.679129
0.184250,-0.852889
0.184750,-0.672256
0.185250,-0.937410
0.185750,-1.035545
0.186250,-0.934415
0.186750,-0.869341
0.187250,-0.808588
0.187750,-0.954805
0.188250,-0.835336
0.188750,-0.896821
0.189250,-1.152665
0.189750,-0.967147
0.190250,-0.687574
0.190750,-0.685741
0.191250,-0.875602
0.191750,-0.752074
0.192250,-0.727206
0.192750,-0.868857
0.193250,-0.533628
0.193750,-0.106399
0.194250,-0.162055
0.194750,-0.119021
0.195250,-0.103692
0.195750,-0.249789
0.196250,-0.585194
0.196750,-0.474758
0.197250,-0.121542
0.197750,-0.042568
0.198250,-0.371524
0.198750,-0.259418
0.199250,-0.263714
0.199750,-0.473425
0.200250,-0.540951
0.200750,-0.201279
0.201250,-0.325666
0.201750,-0.677630
0.202250,-0.671205
0.202750,-0.536136
0.203250,-0.720808
0.203750,-0.654399
0.204250,-0.350857
0.204750,-0.229269
0.205250,-0.182889
0.205750,-0.366085
0.206250,-0.175386
0.206750,-0.246445
0.207250,-0.096624
0.207750,0.290615
0.208250,0.404280
0.208750,0.302403
0.209250,0.405370
0.209750,0.336816
0.210250,0.456297
0.210750,0.580616
0.211250,0.616531
0.211750,0.922968
0.212250,0.785035
0.212750,0.749703
0.213250,0.506383
0.213750,0.559496
0.214250,0.669455
0.214750,0.712244
0.215250,0.883949
0.215750,1.048275
0.216250,0.776934
0.216750,0.854215
0.217250,0.401360
0.217750,0.540808
0.218250,0.483853
0.218750,0.765864
0.219250,0.784503
0.219750,0.764011
0.220250,0.867067
0.220750,0.396370
0.221250,0.452753
0.221750,0.820896
0.222250,0.965473
0.222750,0.943800
0.223250,0.987021
0.223750,0.968121
0.224250,0.890167
0.224750,0.605970
0.225250,0.634135
0.225750,0.859526
0.226250,0.946863
0.226750,0.976120
0.227250,1.113254
0.227750,0.981253
0.228250,0.919705
0.228750,0.726031
0.229250,0.750277
0.229750,0.993652
0.230250,0.770372
0.230750,0.556138
0.231250,0.598661
0.231750,0.577655
0.232250,0.386073
0.232750,0.199649
0.233250,0.421808
0.233750,0.561546
0.234250,0.164983
0.234750,0.236755
0.235250,0.299873
0.235750,-0.063304
0.236250,-0.251800
0.236750,-0.113889
0.237250,0.252449
0.237750,0.162445
0.238250,0.005076
0.238750,0.103262
0.239250,0.137579
0.239750,-0.035859
0.240250,-0.226353
0.240750,-0.288875
0.241250,-0.067572
0.241750,-0.070118
0.242250,0.033240
0.242750,0.037717
0.243250,0.149178
0.243750,0.055445
0.244250,0.175337
0.244750,0.286526
0.245250,0.281515
0.245750,0.346425
0.246250,0.330200
0.246750,0.236157
0.247250,0.139035
0.247750,0.049019
0.248250,0.059412
0.248750,0.252848
0.249250,0.395013
0.249750,0.300785
0.250250,0.440571
0.250750,0.335041
0.251250,0.147274
0.251750,0.170006
0.252250,0.380537
0.252750,0.392884
0.253250,0.273048
0.253750,0.151070
0.254250,0.203456
0.254750,0.067636
0.255250,-0.000468
0.255750,0.279151
0.256250,0.256283
0.256750,0.349880
0.257250,0.215005
0.257750,0.251992
0.258250,0.163563
0.258750,-0.093085
0.259250,0.097581
0.259750,0.433738
0.260250,0.518176
0.260750,0.822010
0.261250,0.568471
0.261750,0.563883
0.262250,0.721494
0.262750,0.714846
0.263250,0.543877
0.263750,0.602146
0.264250,1.007305
0.264750,1.107209
0.265250,0.858064
0.265750,0.789374
0.266250,0.973364
0.266750,1.057966
0.267250,0.649762
0.267750,0.882327
0.268250,0.949004
0.268750,0.961513
0.269250,0.945054
0.269750,0.809389
0.270250,0.940241
0.270750,0.899646
0.271250,0.597189
0.271750,0.729096
0.272250,0.975003
0.272750,0.836667
0.273250,0.861125
0.273750,0.641640
0.274250,0.682583
0.274750,0.499337
0.275250,0.421948
0.275750,0.353023
0.276250,0.292877
0.276750,0.720938
0.277250,0.745524
0.277750,0.467182
0.278250,0.200760
0.278750,0.178920
0.279250,0.223004
0.279750,-0.034529
0.280250,-0.169342
0.280750,0.186178
0.281250,0.572057
0.281750,0.268667
0.282250,0.218134
0.282750,0.132333
0.283250,-0.096625
0.283750,-0.109076
0.284250,0.135331
0.284750,0.071684
0.285250,0.449693
0.285750,0.438870
0.286250,0.303120
0.286750,0.152614
0.287250,0.034019
0.287750,-0.200905
0.288250,-0.275863
0.288750,-0.243449
0.289250,-0.244231
0.289750,-0.102471
0.290250,0.035114
0.290750,-0.116415
0.291250,-0.404679
0.291750,-0.721145
0.292250,-0.582155
0.292750,-0.464951
0.293250,-0.655796
0.293750,-0.528333
0.294250,-0.549784
0.294750,-0.604864
0.295250,-0.681603
0.295750,-0.905677
0.296250,-1.003069
0.296750,-0.945957
0.297250,-0.865321
0.297750,-0.680205
0.298250,-0.363654
0.298750,-0.461263
0.299250,-0.324775
0.299750,-0.165898
0.300250,-0.465526
0.300750,-0.563991
0.301250,-0.214574
0.301750,0.160215
0.302250,0.089898
0.302750,0.090036
0.303250,0.168262
0.303750,0.327410
0.304250,0.369213
0.304750,-0.050897
0.305250,-0.231890
0.305750,0.111589
0.306250,0.155802
0.306750,0.109808
0.307250,0.097902
0.307750,0.143818
0.308250,0.345419
0.308750,0.227915
0.309250,-0.250962
0.309750,-0.016451
0.310250,0.141753
0.310750,0.338533
0.311250,0.194653
0.311750,0.098330
0.312250,0.071133
0.312750,0.341225
0.313250,0.034799
0.313750,-0.400403
0.314250,-0.431809
0.314750,-0.235483
0.315250,0.245810
0.315750,0.234809
0.316250,-0.082267
0.316750,0.179176
0.317250,0.172075
0.317750,0.006739
0.318250,0.001646
0.318750,0.104675
0.319250,0.299799
0.319750,0.723645
0.320250,0.404387
0.320750,0.432208
0.321250,0.383824
0.321750,0.877741
0.322250,0.660605
0.322750,0.666543
0.323250,0.623786
0.323750,0.943413
0.324250,1.215041
0.324750,1.238068
0.325250,1.240931
0.325750,1.246838
0.326250,1.301089
0.326750,1.201586
0.327250,1.269048
0.327750,1.134361
0.328250,1.327987
0.328750,1.438721
0.329250,1.354594
0.329750,1.305277
0.330250,1.092578
0.330750,1.255710
0.331250,1.295410
0.331750,1.183566
0.332250,1.152960
0.332750,1.244245
0.333250,1.230580
0.333750,1.109025
0.334250,1.082468
0.334750,1.252544
0.335250,1.060838
0.335750,1.058150
0.336250,1.171249
0.336750,1.365520
0.337250,1.287925
0.337750,1.279658
0.338250,1.308849
0.338750,1.433654
0.339250,1.589552
0.339750,1.542328
0.340250,1.315551
0.340750,1.569872
0.341250,1.455883
0.341750,1.741891
0.342250,1.501139
0.342750,1.503758
0.343250,1.712248
0.343750,1.791172
0.344250,1.640183
0.344750,1.396169
0.345250,1.578679
0.345750,1.830151
0.346250,1.925246
0.346750,1.997956
0.347250,1.757792
0.347750,1.540653
0.348250,1.585383
0.348750,1.578877
0.349250,1.214314
0.349750,1.013226
0.350250,1.153019
0.350750,1.290076
0.351250,1.472693
0.351750,1.457653
0.352250,1.015897
0.352750,1.331744
0.353250,1.243075
0.353750,1.312705
0.354250,1.055216
0.354750,1.162299
0.355250,1.425026
0.355750,1.461056
0.356250,1.293954
0.356750,1.008359
0.357250,1.074451
0.357750,0.964372
0.358250,0.909622
0.358750,0.684671
0.359250,0.443876
0.359750,0.701594
0.360250,1.016258
0.360750,1.115719
0.361250,0.901033
0.361750,0.448994
0.362250,0.449606
0.362750,0.659158
0.363250,0.714313
0.363750,0.663632
0.364250,0.677955
0.364750,0.962380
0.365250,1.267334
0.365750,1.061293
0.366250,1.153000
0.366750,0.919892
0.367250,0.966516
0.367750,1.058802
0.368250,0.901171
0.368750,0.929538
0.369250,0.983331
0.369750,1.328038
0.370250,1.596474
0.370750,1.341573
0.371250,1.272035
0.371750,1.262980
0.372250,1.235507
0.372750,1.258383
0.373250,1.251665
0.373750,1.192569
0.374250,1.331965
0.374750,1.830756
0.375250,1.801704
0.375750,1.500188
0.376250,1.577975
0.376750,1.657217
0.377250,1.390945
0.377750,1.168807
0.378250,1.443793
0.378750,1.215623
0.379250,1.158203
0.379750,1.381376
0.380250,1.513783
0.380750,1.598823
0.381250,1.712385
0.381750,1.482187
0.382250,1.352536
0.382750,1.438707
0.383250,1.498901
0.383750,1.712401
0.384250,1.941400
0.384750,2.017131
0.385250,2.135205
0.385750,2.300747
0.386250,2.012129
0.386750,1.922579
0.387250,1.779763
0.387750,1.896350
0.388250,2.018840
0.388750,2.091878
0.389250,2.348804
0.389750,2.242473
0.390250,2.278475
0.390750,2.502134
0.391250,2.624683
0.391750,2.401266
0.392250,2.211883
0.392750,2.116018
0.393250,2.408605
0.393750,2.601647
0.394250,2.727527
0.394750,2.491900
0.395250,2.642961
0.395750,2.858206
0.396250,2.680203
0.396750,2.412522
0.397250,2.273618
0.397750,2.181313
0.398250,2.360615
0.398750,2.677909
0.399250,2.607778
0.399750,2.360716
0.400250,2.284026
0.400750,2.508932
0.401250,2.356932
0.401750,2.277608
0.402250,1.833613
0.402750,1.836700
0.403250,1.918940
0.403750,2.106377
0.404250,2.051577
0.404750,1.862509
0.405250,1.742442
0.405750,1.848391
0.406250,1.907866
0.406750,1.912593
0.407250,1.517855
0.407750,1.298146
0.408250,1.277542
0.408750,1.851290
0.409250,1.808368
0.409750,1.705639
0.410250,1.274648
0.410750,1.589346
0.411250,1.683971
0.411750,1.657003
0.412250,1.359553
0.412750,1.550685
0.413250,1.518149
0.413750,1.776520
0.414250,1.927861
0.414750,1.813188
0.415250,1.992601
0.415750,1.707285
0.416250,2.113833
0.416750,1.851704
0.417250,1.556812
0.417750,1.368347
0.418250,1.415957
0.418750,1.371241
0.419250,1.315541
0.419750,1.577990
0.420250,1.361987
0.420750,1.074857
0.421250,1.194085
0.421750,1.183154
0.422250,1.109867
0.422750,1.143093
0.423250,1.189785
0.423750,0.973783
0.424250,1.253711
0.424750,1.293321
0.425250,1.129388
0.425750,0.940006
0.426250,0.595451
0.426750,0.632395
0.427250,0.627162
0.427750,0.611830
0.428250,0.480725
0.428750,0.693703
0.429250,0.850981
0.429750,0.603423
0.430250,0.749291
0.430750,0.875345
0.431250,0.753754
0.431750,0.813259
0.432250,0.720236
0.432750,0.857750
0.433250,0.934371
0.433750,1.130751
0.434250,1.425750
0.434750,1.113454
0.435250,1.156004
0.435750,1.394472
0.436250,1.374865
0.436750,1.207847
0.437250,1.111947
0.437750,1.069269
0.438250,1.286969
0.438750,1.297431
0.439250,1.539409
0.439750,1.450020
0.440250,1.493570
0.440750,1.222325
0.441250,1.417629
0.441750,1.471841
0.442250,1.380818
0.442750,1.381929
0.443250,1.398555
0.443750,1.651876
0.444250,1.403671
0.444750,1.765281
0.445250,1.543566
0.445750,1.154268
0.446250,1.341638
0.446750,1.577084
0.447250,1.616753
0.447750,1.110242
0.448250,1.278913
0.448750,1.080925
0.449250,1.558848
0.449750,1.324193
0.450250,1.465645
0.450750,1.336113
0.451250,1.034958
0.451750,1.165696
0.452250,1.226805
0.452750,1.130778
0.453250,0.850871
0.453750,1.024674
0.454250,1.349019
0.454750,1.468663
0.455250,1.584163
0.455750,1.725116
0.456250,1.608021
0.456750,1.395017
0.457250,1.602492
0.457750,1.873584
0.458250,1.529874
0.458750,1.349377
0.459250,1.408121
0.459750,1.665271
0.460250,2.009633
0.460750,2.250630
0.461250,2.078075
0.461750,2.101907
0.462250,2.027825
0.462750,2.175093
0.463250,2.331376
0.463750,2.235633
0.464250,2.146812
0.464750,2.075584
0.465250,2.505064
0.465750,2.762413
0.466250,2.794370
0.466750,2.474686
0.467250,2.384089
0.467750,2.328708
0.468250,2.441664
0.468750,2.173076
0.469250,2.004192
0.469750,1.947269
0.470250,1.943477
0.470750,2.106841
0.471250,2.669687
0.471750,2.670600
0.472250,2.468308
0.472750,2.516061
0.473250,2.379221
0.473750,2.293270
0.474250,2.211993
0.474750,2.280932
0.475250,2.109894
0.475750,2.313326
0.476250,2.644290
0.476750,2.751042
0.477250,2.684103
0.477750,2.505124
0.478250,2.342304
0.478750,2.355198
0.479250,2.170901
0.479750,2.110138
0.480250,2.127917
0.480750,2.225273
0.481250,2.174893
0.481750,2.207446
0.482250,2.295471
0.482750,2.171479
0.483250,2.273922
0.483750,2.178003
0.484250,2.317471
0.484750,1.788819
0.485250,1.739978
0.485750,1.999441
0.486250,2.133667
0.486750,2.282019
0.487250,2.311903
0.487750,2.331826
0.488250,2.216493
0.488750,2.278261
0.489250,2.231620
0.489750,2.392707
0.490250,2.110964
0.490750,1.901589
0.491250,1.811688
0.491750,1.898602
0.492250,1.917305
0.492750,1.895016
0.493250,1.770829
0.493750,1.682611
0.494250,1.772545
0.494750,1.768317
0.495250,1.845699
0.495750,1.591545
0.496250,1.518503
0.496750,1.326330
0.497250,1.579516
0.497750,1.446021
0.498250,1.890623
0.498750,1.585822
0.499250,1.465458
0.499750,1.483194
0.500250,1.529045
0.500750,1.498122
0.501250,1.299108
0.501750,0.677313
0.502250,0.720374
0.502750,0.603343
0.503250,0.741363
0.503750,0.940951
0.504250,1.011342
0.504750,0.848113
0.505250,1.033646
0.505750,1.093389
0.506250,1.223054
0.506750,0.943223
0.507250,1.148022
0.507750,0.716106
0.508250,0.639405
0.508750,0.539930
0.509250,0.871260
0.509750,1.324341
0.510250,0.925027
0.510750,0.627562
0.511250,0.803560
0.511750,1.011821
0.512250,1.099009
0.512750,0.732262
0.513250,0.745616
0.513750,0.693183
0.514250,0.797632
0.514750,1.183182
0.515250,1.313165
0.515750,1.275101
0.516250,0.965663
0.516750,0.821240
0.517250,1.089309
0.517750,1.262773
0.518250,1.044738
0.518750,0.877779
0.519250,0.910331
0.519750,1.053649
0.520250,1.101635
0.520750,1.453199
0.521250,1.477625
0.521750,1.405258
0.522250,1.184646
0.522750,1.005035
0.523250,1.278073
0.523750,1.223898
0.524250,1.038492
0.524750,1.147797
0.525250,1.146151
0.525750,0.997027
0.526250,1.108778
0.526750,0.947412
0.527250,0.939282
0.527750,0.774423
0.528250,0.553455
0.528750,0.518356
0.529250,0.477989
0.529750,0.700904
0.530250,0.661162
0.530750,1.120754
0.531250,0.791184
0.531750,0.636328
0.532250,0.882182
0.532750,0.696710
0.533250,0.803580
0.533750,0.670133
0.534250,0.977844
0.534750,0.922482
0.535250,0.788072
0.535750,0.956403
0.536250,0.996921
0.536750,1.064606
0.537250,1.367013
0.537750,1.314838
0.538250,1.370391
0.538750,1.305388
0.539250,1.465123
0.539750,1.466646
0.540250,1.268232
0.540750,1.370677
0.541250,1.619795
0.541750,1.599693
0.542250,1.802533
0.542750,1.850153
0.543250,1.892757
0.543750,1.805109
0.544250,1.758550
0.544750,1.819020
0.545250,1.770287
0.545750,1.942701
0.546250,1.599660
0.546750,1.498018
0.547250,1.597651
0.547750,1.495327
0.548250,1.766012
0.548750,1.780805
0.549250,1.532316
0.549750,1.404847
0.550250,1.412944
0.550750,1.422717
0.551250,1.806197
0.551750,1.774073
0.552250,1.346106
0.552750,1.147392
0.553250,1.168260
0.553750,1.262469
0.554250,1.175302
0.554750,1.203402
0.555250,1.304278
0.555750,0.945162
0.556250,0.995959
0.556750,0.885196
0.557250,0.999268
0.557750,0.843796
0.558250,0.766573
0.558750,0.260961
0.559250,0.435003
0.559750,0.411078
0.560250,0.740262
0.560750,0.803817
0.561250,0.905731
0.561750,0.489352
0.562250,0.169455
0.562750,0.338930
0.563250,0.557467
0.563750,0.589928
0.564250,0.393599
0.564750,-0.051839
0.565250,0.252674
0.565750,0.345006
0.566250,0.753091
0.566750,0.868239
0.567250,0.666037
0.567750,0.694343
0.568250,0.440406
0.568750,0.379432
0.569250,0.465061
0.569750,0.448760
0.570250,0.362021
0.570750,0.143835
0.571250,0.216517
0.571750,0.402649
0.572250,0.529445
0.572750,0.493272
0.573250,0.553242
0.573750,0.229225
0.574250,-0.021074
0.574750,-0.105817
0.575250,-0.026724
0.575750,-0.197196
0.576250,-0.355037
0.576750,-0.221586
0.577250,-0.119266
0.577750,-0.180094
0.578250,-0.106736
0.578750,0.181754
0.579250,0.023330
0.579750,-0.302464
0.580250,-0.310368
0.580750,-0.539852
0.581250,-0.588813
0.581750,-0.693483
0.582250,-0.876145
0.582750,-1.046208
0.583250,-0.958908
0.583750,-1.022244
0.584250,-0.776493
0.584750,-0.650228
0.585250,-0.562260
0.585750,-0.978618
0.586250,-0.818518
0.586750,-0.904056
0.587250,-1.074897
0.587750,-0.965601
0.588250,-0.923812
0.588750,-1.147068
0.589250,-0.710860
0.589750,-0.918283
0.590250,-0.788123
0.590750,-0.533641
0.591250,-0.621215
0.591750,-0.298833
0.592250,-0.336600
0.592750,-0.393763
0.593250,-0.283372
0.593750,-0.647712
0.594250,-0.638829
0.594750,-0.347684
0.595250,-0.374388
0.595750,-0.379854
0.596250,-0.222321
0.596750,-0.212101
0.597250,0.038569
0.597750,0.027701
0.598250,0.057111
0.598750,0.104541
0.599250,-0.302835
0.599750,-0.235912
0.600250,-0.483557
0.600750,-0.341187
0.601250,0.184961
0.601750,-0.273743
0.602250,-0.048385
0.602750,0.096614
0.603250,-0.239208
0.603750,-0.255273
0.604250,0.048301
0.604750,-0.253057
0.605250,-0.152341
0.605750,-0.318160
0.606250,-0.536352
0.606750,-0.833459
0.607250,-0.568251
0.607750,-0.503214
0.608250,-0.233815
0.608750,-0.378127
0.609250,-0.430817
0.609750,-0.243435
0.610250,-0.227335
0.610750,-0.062100
0.611250,-0.174135
0.611750,-0.367261
0.612250,-0.595707
0.612750,-0.846421
0.613250,-1.092105
0.613750,-0.665782
0.614250,-0.320547
0.614750,-0.232466
0.615250,-0.478825
0.615750,-0.493399
0.616250,-0.385521
0.616750,-0.380753
0.617250,-0.133414
0.617750,0.067492
0.618250,-0.431313
0.618750,-0.763881
0.619250,-0.604893
0.619750,-0.661704
0.620250,-0.167253
0.620750,-0.063733
0.621250,-0.106962
0.621750,-0.147146
0.622250,-0.241084
0.622750,-0.024810
0.623250,0.273967
0.623750,-0.033959
0.624250,-0.167756
0.624750,-0.136568
0.625250,-0.232358
0.625750,-0.176433
0.626250,-0.167554
0.626750,0.229999
0.627250,0.789349
0.627750,0.555784
0.628250,0.314516
0.628750,0.393860
0.629250,0.437198
0.629750,0.726223
0.630250,0.593883
0.630750,0.308144
0.631250,0.271991
0.631750,0.136271
0.632250,0.086337
0.632750,0.216205
0.633250,0.367886
0.633750,0.569982
0.634250,0.456221
0.634750,0.352536
0.635250,0.273982
0.635750,0.686044
0.636250,0.625149
0.636750,0.684920
0.637250,0.327558
0.637750,0.530993
0.638250,0.403522
0.638750,0.490042
0.639250,0.585209
0.639750,0.610840
0.640250,0.658284
0.640750,0.417385
0.641250,0.504143
0.641750,0.396364
0.642250,0.516852
0.642750,0.378875
0.643250,0.348183
0.643750,0.235706
0.644250,0.580374
0.644750,0.029346
0.645250,-0.000048
0.645750,0.361396
0.646250,0.418443
0.646750,0.818752
0.647250,0.492785
0.647750,0.763447
0.648250,0.539933
0.648750,0.483431
0.649250,0.579765
0.649750,0.586862
0.650250,0.581221
0.650750,0.768851
0.651250,0.390044
0.651750,0.654035
0.652250,0.605880
0.652750,0.663874
0.653250,0.701589
0.653750,0.559806
0.654250,0.424454
0.654750,0.157748
0.655250,0.227272
0.655750,0.391385
0.656250,0.247811
0.656750,0.108051
0.657250,0.601899
0.657750,0.351201
0.658250,0.422689
0.658750,0.508114
0.659250,0.212191
0.659750,0.084964
0.660250,0.240095
0.660750,-0.096625
0.661250,-0.027556
0.661750,-0.319994
0.662250,-0.185672
0.662750,-0.270455
0.663250,-0.033908
0.663750,-0.054238
0.664250,-0.018922
0.664750,-0.061648
0.665250,-0.015741
0.665750,-0.429304
0.666250,-0.328292
0.666750,-0.015527
0.667250,-0.279392
0.667750,-0.461015
0.668250,-0.867561
0.668750,-0.889828
0.669250,-0.842003
0.669750,-0.660187
0.670250,-0.607495
0.670750,-0.664984
0.671250,-0.746892
0.671750,-0.961825
0.672250,-1.194141
0.672750,-1.230612
0.673250,-1.176685
0.673750,-1.357668
0.674250,-1.328979
0.674750,-1.718862
0.675250,-1.590376
0.675750,-1.516209
0.676250,-1.198916
0.676750,-1.303989
0.677250,-1.162913
0.677750,-0.965894
0.678250,-1.333257
0.678750,-1.675470
0.679250,-1.553832
0.679750,-1.758605
0.680250,-1.597385
0.680750,-1.559948
0.681250,-1.735278
0.681750,-2.016309
0.682250,-1.902170
0.682750,-1.717995
0.683250,-1.432557
0.683750,-1.059113
0.684250,-1.093142
0.684750,-1.191499
0.685250,-1.300625
0.685750,-1.201518
0.686250,-1.247397
0.686750,-0.973591
0.687250,-1.078338
0.687750,-1.121864
0.688250,-1.365766
0.688750,-1.257349
0.689250,-1.192932
0.689750,-0.799824
0.690250,-0.617043
0.690750,-0.415046
0.691250,-0.558345
0.691750,-0.963067
0.692250,-1.122380
0.692750,-1.104605
0.693250,-0.872347
0.693750,-0.859976
0.694250,-1.150081
0.694750,-1.209279
0.695250,-1.311571
0.695750,-1.199666
0.696250,-1.193403
0.696750,-1.022366
0.697250,-0.615104
0.697750,-1.034215
0.698250,-1.210758
0.698750,-1.178749
0.699250,-1.188758
0.699750,-1.120091
0.700250,-1.109801
0.700750,-1.352977
0.701250,-1.424277
0.701750,-1.472878
0.702250,-1.617624
0.702750,-1.428581
0.703250,-1.201722
0.703750,-1.069618
0.704250,-1.220556
0.704750,-1.170905
0.705250,-1.137005
0.705750,-1.552091
0.706250,-1.501057
0.706750,-1.624238
0.707250,-1.556656
0.707750,-1.598899
0.708250,-1.442174
0.708750,-1.737341
0.709250,-1.705867
0.709750,-1.224770
0.710250,-0.789908
0.710750,-0.624759
0.711250,-0.758273
0.711750,-0.640763
0.712250,-0.779543
0.712750,-0.984053
0.713250,-0.846303
0.713750,-0.813480
0.714250,-0.923262
0.714750,-0.801392
0.715250,-0.772621
0.715750,-0.623698
0.716250,-0.307044
0.716750,-0.424704
0.717250,-0.042730
0.717750,-0.080708
0.718250,-0.061364
0.718750,-0.185655
0.719250,-0.172193
0.719750,-0.353431
0.720250,-0.883040
0.720750,-0.843109
0.721250,-0.914933
0.721750,-0.788525
0.722250,-0.840447
0.722750,-0.513844
0.723250,-0.542696
0.723750,-0.282780
0.724250,-0.589509
0.724750,-0.618547
0.725250,-0.770957
0.725750,-0.597228
0.726250,-0.758377
0.726750,-0.823438
0.727250,-1.054922
0.727750,-1.045626
0.728250,-0.834141
0.728750,-0.791640
0.729250,-0.943609
0.729750,-0.662643
0.730250,-0.699250
0.730750,-0.716633
0.731250,-1.028704
0.731750,-0.621251
0.732250,-0.877033
0.732750,-1.081712
0.733250,-0.940747
0.733750,-1.763504
0.734250,-1.756077
0.734750,-1.863253
0.735250,-1.873041
0.735750,-1.689286
0.736250,-1.480668
0.736750,-1.551107
0.737250,-1.684803
0.737750,-1.762902
0.738250,-1.894578
0.738750,-1.544095
0.739250,-1.405883
0.739750,-1.591650
0.740250,-1.773683
0.740750,-2.041116
0.741250,-2.365436
0.741750,-2.064114
0.742250,-1.798400
0.742750,-1.709383
0.743250,-1.488473
0.743750,-1.679623
0.744250,-1.902661
0.744750,-1.839705
0.745250,-1.700144
0.745750,-1.322158
0.746250,-1.417108
0.746750,-1.603299
0.747250,-1.837128
0.747750,-2.189381
0.748250,-2.009598
0.748750,-2.208529
0.749250,-2.069634
0.749750,-1.704430
0.750250,-1.515554
0.750750,-1.874174
0.751250,-1.765778
0.751750,-2.080176
0.752250,-1.851562
0.752750,-1.883168
0.753250,-1.891896
0.753750,-1.906672
0.754250,-2.258981
0.754750,-2.334061
0.755250,-2.525802
0.755750,-2.354441
0.756250,-2.354502
0.756750,-2.022576
0.757250,-2.234884
0.757750,-2.420006
0.758250,-2.610793
0.758750,-2.573899
0.759250,-2.540644
0.759750,-2.389630
0.760250,-2.724129
0.760750,-2.816094
0.761250,-3.075670
0.761750,-2.903162
0.762250,-3.450011
0.762750,-3.092441
0.763250,-3.084329
0.763750,-2.849237
0.764250,-2.942192
0.764750,-2.902111
0.765250,-3.065670
0.765750,-3.142804
0.766250,-3.400702
0.766750,-3.045046
0.767250,-3.052487
0.767750,-3.205408
0.768250,-3.605464
0.768750,-3.382411
0.769250,-3.221789
0.769750,-3.270014
0.770250,-3.169815
0.770750,-2.880306
0.771250,-2.855607
0.771750,-2.904593
0.772250,-2.973496
0.772750,-2.999813
0.773250,-3.039419
0.773750,-3.093418
0.774250,-3.227254
0.774750,-2.931454
0.775250,-3.285381
0.775750,-3.124226
0.776250,-2.975150
0.776750,-3.131181
0.777250,-2.992098
0.777750,-2.892473
0.778250,-2.781882
0.778750,-2.806142
0.779250,-2.826434
0.779750,-2.939799
0.780250,-3.144090
0.780750,-2.934048
0.781250,-3.040353
0.781750,-2.966572
0.782250,-2.763942
0.782750,-2.726253
0.783250,-2.620893
0.783750,-2.708664
0.784250,-2.589448
0.784750,-2.574362
0.785250,-2.639747
0.785750,-2.599221
0.786250,-2.743946
0.786750,-2.649656
0.787250,-2.827130
0.787750,-2.798909
0.788250,-2.671666
0.788750,-3.060616
0.789250,-2.933994
0.789750,-2.890793
0.790250,-2.786786
0.790750,-2.591258
0.791250,-2.849683
0.791750,-2.929242
0.792250,-2.913549
0.792750,-2.881974
0.793250,-2.720312
0.793750,-2.883085
0.794250,-2.796093
0.794750,-3.010790
0.795250,-3.055555
0.795750,-3.072741
0.796250,-2.860705
0.796750,-2.832217
0.797250,-2.683910
0.797750,-2.355331
0.798250,-2.480490
0.798750,-2.760565
0.799250,-3.000552
0.799750,-3.093774
0.800250,-2.707810
0.800750,-2.562106
0.801250,-2.846504
0.801750,-2.955721
0.802250,-3.163150
0.802750,-3.276122
0.803250,-2.966661
0.803750,-2.910034
0.804250,-2.800054
0.804750,-2.574708
0.805250,-2.558924
0.805750,-2.455552
0.806250,-2.632302
0.806750,-2.719299
0.807250,-2.695694
0.807750,-2.228119
0.808250,-2.490219
0.808750,-2.321479
0.809250,-2.579718
0.809750,-2.499330
0.810250,-2.318283
0.810750,-2.149718
0.811250,-1.899325
0.811750,-2.030777
0.812250,-1.829611
0.812750,-1.521387
0.813250,-1.746683
0.813750,-1.872414
0.814250,-1.982127
0.814750,-1.877124
0.815250,-1.646942
0.815750,-1.533250
0.816250,-1.977340
0.816750,-2.183325
0.817250,-2.131491
0.817750,-1.840316
0.818250,-1.886244
0.818750,-1.437954
0.819250,-1.351442
0.819750,-1.405568
0.820250,-1.490211
0.820750,-1.628618
0.821250,-1.575158
0.821750,-1.791273
0.822250,-1.557331
0.822750,-1.384749
0.823250,-1.723329
0.823750,-1.827967
0.824250,-1.963618
0.824750,-1.824512
0.825250,-1.404924
0.825750,-1.311234
0.826250,-0.862419
0.826750,-0.830749
0.827250,-0.901865
0.827750,-1.256820
0.828250,-1.150477
0.828750,-1.342824
0.829250,-1.555969
0.829750,-1.261582
0.830250,-1.212376
0.830750,-1.553479
0.831250,-1.836622
0.831750,-1.896216
0.832250,-1.812131
0.832750,-1.589180
0.833250,-1.321450
0.833750,-1.119810
0.834250,-1.506415
0.834750,-1.486588
0.835250,-1.564626
0.835750,-1.932999
0.836250,-1.782232
0.836750,-1.731505
0.837250,-1.672143
0.837750,-1.647522
0.838250,-1.715662
0.838750,-1.584618
0.839250,-1.710891
0.839750,-1.692470
0.840250,-1.214789
0.840750,-1.114875
0.841250,-1.020548
0.841750,-1.328120
0.842250,-1.541580
0.842750,-1.525990
0.843250,-1.664327
0.843750,-1.621228
0.844250,-1.762420
0.844750,-1.926347
0.845250,-1.601281
0.845750,-1.575888
0.846250,-1.736784
0.846750,-1.654999
0.847250,-1.366634
0.847750,-1.298052
0.848250,-1.332577
0.848750,-1.241647
0.849250,-1.284137
0.849750,-1.360524
0.850250,-1.057379
0.850750,-1.418403
0.851250,-1.399797
0.851750,-1.509051
0.852250,-1.609474
0.852750,-1.421436
0.853250,-1.403051
0.853750,-1.406580
0.854250,-1.631268
0.854750,-1.453664
0.855250,-1.534673
0.855750,-1.415311
0.856250,-1.280302
0.856750,-1.274468
0.857250,-1.383578
0.857750,-1.487960
0.858250,-1.469284
0.858750,-1.937939
0.859250,-2.052599
0.859750,-2.278791
0.860250,-1.751147
0.860750,-1.828123
0.861250,-1.996404
0.861750,-1.748775
0.862250,-1.913593
0.862750,-1.552654
0.863250,-1.638269
0.863750,-1.611485
0.864250,-1.574106
0.864750,-1.928038
0.865250,-1.978335
0.865750,-2.228517
0.866250,-2.496129
0.866750,-2.545310
0.867250,-2.809156
0.867750,-2.415783
0.868250,-2.405435
0.868750,-2.463952
0.869250,-2.156075
0.869750,-2.353371
0.870250,-2.730476
0.870750,-2.613226
0.871250,-2.595884
0.871750,-2.342378
0.872250,-2.392880
0.872750,-2.426322
0.873250,-2.374143
0.873750,-2.851570
0.874250,-3.251978
0.874750,-3.123072
0.875250,-3.238901
0.875750,-2.729807
0.876250,-2.336720
0.876750,-2.114948
0.877250,-2.242418
0.877750,-2.428796
0.878250,-2.398585
0.878750,-2.367978
0.879250,-2.183076
0.879750,-1.909595
0.880250,-2.070891
0.880750,-2.319794
0.881250,-2.367223
0.881750,-2.721186
0.882250,-2.349792
0.882750,-2.242167
0.883250,-1.631096
0.883750,-1.603114
0.884250,-1.504191
0.884750,-1.744708
0.885250,-1.972483
0.885750,-1.849694
0.886250,-1.517578
0.886750,-1.799167
0.887250,-1.581137
0.887750,-1.598368
0.888250,-2.188774
0.888750,-2.000998
0.889250,-2.101936
0.889750,-1.921996
0.890250,-2.182875
0.890750,-1.960140
0.891250,-1.430944
0.891750,-1.494606
0.892250,-1.496067
0.892750,-1.977196
0.893250,-2.075012
0.893750,-1.782486
0.894250,-1.651843
0.894750,-1.653284
0.895250,-1.506606
0.895750,-1.994786
0.896250,-1.760451
0.896750,-1.798508
0.897250,-2.275594
0.897750,-2.072986
0.898250,-1.830997
0.898750,-1.901809
0.899250,-1.480514
0.899750,-1.859418
0.900250,-2.085482
0.900750,-2.094702
0.901250,-2.086548
0.901750,-2.101517
0.902250,-1.847273
0.902750,-1.729916
0.903250,-2.009882
0.903750,-2.465619
0.904250,-2.174982
0.904750,-2.217322
0.905250,-2.258605
0.905750,-1.904964
0.906250,-1.890327
0.906750,-1.450044
0.907250,-1.558004
0.907750,-1.682758
0.908250,-1.972883
0.908750,-1.707468
0.909250,-1.449785
0.909750,-1.351206
0.910250,-1.478623
0.910750,-1.372125
0.911250,-1.741475
0.911750,-1.475067
0.912250,-1.135751
0.912750,-1.438363
0.913250,-0.883409
0.913750,-1.049831
0.914250,-0.920684
0.914750,-0.704289
0.915250,-0.727310
0.915750,-0.476515
0.916250,-0.668563
0.916750,-0.401245
0.917250,-0.449954
0.917750,-0.437148
0.918250,-0.462505
0.918750,-0.541017
0.919250,-0.606000
0.919750,-0.798416
0.920250,-0.935249
0.920750,-0.848228
0.921250,-0.679261
0.921750,-0.438436
0.922250,-0.538418
0.922750,-0.380580
0.923250,-0.809997
0.923750,-0.709558
0.924250,-1.029923
0.924750,-0.891287
0.925250,-0.878531
0.925750,-0.609422
0.926250,-0.615230
0.926750,-0.582587
0.927250,-0.502704
0.927750,-0.743129
0.928250,-0.721302
0.928750,-0.788044
0.929250,-0.388103
0.929750,-0.291185
0.930250,-0.327999
0.930750,-0.331596
0.931250,-0.671053
0.931750,-0.661416
0.932250,-0.798701
0.932750,-0.877716
0.933250,-0.886053
0.933750,-1.304987
0.934250,-0.996887
0.934750,-1.170482
0.935250,-1.147985
0.935750,-1.122863
0.936250,-1.032401
0.936750,-0.942587
0.937250,-1.362668
0.937750,-1.266967
0.938250,-1.287075
0.938750,-1.205205
0.939250,-1.196760
0.939750,-1.372590
0.940250,-1.400709
0.940750,-1.505260
0.941250,-1.673325
0.941750,-1.789361
0.942250,-1.170498
0.942750,-1.191897
0.943250,-1.307764
0.943750,-1.162069
0.944250,-1.068342
0.944750,-1.363342
0.945250,-1.600031
0.945750,-1.488646
0.946250,-1.677710
0.946750,-1.217535
0.947250,-1.289006
0.947750,-1.419677
0.948250,-1.948764
0.948750,-1.971250
0.949250,-1.640545
0.949750,-1.795854
0.950250,-1.354462
0.950750,-1.410100
0.951250,-1.182194
0.951750,-1.391525
0.952250,-1.657210
0.952750,-1.713650
0.953250,-1.797823
0.953750,-1.746321
0.954250,-1.739087
0.954750,-1.569110
0.955250,-1.661671
0.955750,-1.739833
0.956250,-2.011897
0.956750,-2.122774
0.957250,-1.979199
0.957750,-1.654021
0.958250,-1.238467
0.958750,-1.568440
0.959250,-1.495633
0.959750,-1.264773
0.960250,-1.722252
0.960750,-2.075531
0.961250,-1.943317
0.961750,-2.024889
0.962250,-1.690583
0.962750,-1.670849
0.963250,-2.165639
0.963750,-2.053469
0.964250,-2.325949
0.964750,-2.060766
0.965250,-2.019129
0.965750,-2.122687
0.966250,-1.808985
0.966750,-1.748743
0.967250,-1.911602
0.967750,-1.866683
0.968250,-2.250514
0.968750,-2.158764
0.969250,-2.377087
0.969750,-2.513023
0.970250,-2.335926
0.970750,-2.349017
0.971250,-2.811774
0.971750,-3.066981
0.972250,-3.022040
0.972750,-2.945956
0.973250,-2.599325
0.973750,-2.539388
0.974250,-2.350587
0.974750,-2.371315
0.975250,-2.391191
0.975750,-2.225658
0.976250,-2.531433
0.976750,-2.575056
0.977250,-2.712960
0.977750,-2.536179
0.978250,-2.131769
0.978750,-2.349506
0.979250,-2.672976
0.979750,-2.456070
0.980250,-2.608355
0.980750,-2.558151
0.981250,-2.512996
0.981750,-1.749260
0.982250,-1.885521
0.982750,-1.580854
0.983250,-1.946474
0.983750,-1.956462
0.984250,-1.752607
0.984750,-1.914296
0.985250,-2.086076
0.985750,-2.153142
0.986250,-1.880756
0.986750,-1.827935
0.987250,-2.026176
0.987750,-1.781460
0.988250,-1.542165
0.988750,-1.906526
0.989250,-1.899826
0.989750,-1.382855
0.990250,-1.073519
0.990750,-1.246039
0.991250,-1.326084
0.991750,-1.457858
0.992250,-1.509836
0.992750,-1.728197
0.993250,-1.834674
0.993750,-1.919696
0.994250,-2.008705
0.994750,-1.809564
0.995250,-1.684972
0.995750,-2.005890
0.996250,-2.108845
0.996750,-2.060789
0.997250,-1.792568
0.997750,-1.606382
0.998250,-1.649206
0.998750,-1.233043
0.999250,-1.515655
0.999750,-1.410124
