0.000250,0.063081
0.000750,0.145039
0.001250,0.116557
0.001750,-0.217788
0.002250,-0.178839
0.002750,-0.032897
0.003250,0.054305
0.003750,0.090697
0.004250,0.160740
0.004750,0.175765
0.005250,0.454637
0.005750,0.360562
0.006250,0.184167
0.006750,0.259974
0.007250,0.115615
0.007750,0.024812
0.008250,0.030464
0.008750,0.132622
0.009250,-0.130713
0.009750,-0.020843
0.010250,-0.089957
0.010750,-0.060119
0.011250,0.252213
0.011750,0.261574
0.012250,0.282744
0.012750,0.407430
0.013250,0.439211
0.013750,0.346017
0.014250,0.639427
0.014750,0.677854
0.015250,0.723966
0.015750,0.837578
0.016250,0.894371
0.016750,0.831358
0.017250,1.046487
0.017750,0.693798
0.018250,0.939872
0.018750,1.101863
0.019250,1.204833
0.019750,0.887817
0.020250,1.127017
0.020750,1.406784
0.021250,0.979668
0.021750,1.065425
0.022250,0.981574
0.022750,0.889362
0.023250,0.922317
0.023750,0.558942
0.024250,0.668515
0.024750,0.685176
0.025250,0.904318
0.025750,1.309968
0.026250,0.605315
0.026750,1.131156
0.027250,0.923057
0.027750,0.802352
0.028250,1.119854
0.028750,1.063553
0.029250,1.097241
0.029750,1.152127
0.030250,0.990160
0.030750,1.227423
0.031250,1.398945
0.031750,1.459861
0.032250,1.392283
0.032750,1.787826
0.033250,1.102480
0.033750,1.267295
0.034250,1.340114
0.034750,1.586359
0.035250,1.219934
0.035750,1.332361
0.036250,1.024248
0.036750,0.930289
0.037250,1.148238
0.037750,0.966454
0.038250,0.818383
0.038750,1.257608
0.039250,1.549619
0.039750,1.029883
0.040250,0.955802
0.040750,1.052210
0.041250,0.553569
0.041750,0.213862
0.042250,0.635165
0.042750,0.733576
0.043250,0.636371
0.043750,0.726676
0.044250,0.483336
0.044750,0.588611
0.045250,-0.084387
0.045750,1.107169
0.046250,0.533900
0.046750,0.452995
0.047250,0.985673
0.047750,0.790685
0.048250,0.875840
0.048750,0.980876
0.049250,0.894707
0.049750,0.504255
0.050250,0.379026
0.050750,0.831160
0.051250,0.345681
0.051750,0.116387
0.052250,0.593452
0.052750,0.768876
0.053250,0.524211
0.053750,0.962114
0.054250,0.308480
0.054750,1.019562
0.055250,0.858646
0.055750,1.551041
0.056250,1.282025
0.056750,1.734551
0.057250,1.647962
0.057750,1.625903
0.058250,1.685899
0.058750,1.834945
0.059250,1.891917
0.059750,1.495487
0.060250,1.331696
0.060750,1.990676
0.061250,1.276639
0.061750,1.445345
0.062250,1.286068
0.062750,1.736187
0.063250,1.516017
0.063750,1.229508
0.064250,1.636081
0.064750,2.203722
0.065250,1.636500
0.065750,1.555126
0.066250,1.877046
0.066750,1.151779
0.067250,1.481157
0.067750,1.319841
0.068250,0.802058
0.068750,1.481641
0.069250,0.831622
0.069750,0.662574
0.070250,0.901655
0.070750,1.321803
0.071250,0.691681
0.071750,0.701870
0.072250,0.344129
0.072750,1.047903
0.073250,0.725917
0.073750,0.168278
0.074250,1.884696
0.074750,1.060546
0.075250,1.159957
0.075750,0.656112
0.076250,0.887790
0.076750,1.283576
0.077250,1.283222
0.077750,1.428102
0.078250,1.110552
0.078750,0.796618
0.079250,0.721763
0.079750,0.844608
0.080250,0.550878
0.080750,1.153383
0.081250,1.115631
0.081750,1.336201
0.082250,1.156960
0.082750,1.062631
0.083250,0.837885
0.083750,2.045285
0.084250,1.736404
0.084750,1.179031
0.085250,1.702281
0.085750,1.571435
0.086250,1.688622
0.086750,1.650365
0.087250,1.184690
0.087750,1.883726
0.088250,1.291090
0.088750,0.758154
0.089250,0.881314
0.089750,1.509552
0.090250,0.859327
0.090750,1.236427
0.091250,0.909008
0.091750,0.333281
0.092250,1.237590
0.092750,0.589673
0.093250,0.488800
0.093750,0.869263
0.094250,0.716916
0.094750,0.816871
0.095250,1.417535
0.095750,1.169390
0.096250,1.208166
0.096750,0.143713
0.097250,1.068744
0.097750,0.948533
0.098250,0.486571
0.098750,0.697361
0.099250,0.662876
0.099750,0.135791
0.100250,0.717279
0.100750,-0.225668
0.101250,0.759994
0.101750,0.143128
0.102250,0.152398
0.102750,-0.373133
0.103250,-1.193354
0.103750,-0.642884
0.104250,-0.570381
0.104750,-0.325288
0.105250,0.594834
0.105750,-0.444627
0.106250,0.532737
0.106750,-0.059214
0.107250,0.343485
0.107750,0.623152
0.108250,0.475734
0.108750,0.217936
0.109250,0.749996
0.109750,0.752395
0.110250,-0.283050
0.110750,0.818824
0.111250,0.858571
0.111750,0.055524
0.112250,0.411982
0.112750,0.562200
0.113250,-0.085832
0.113750,0.619036
0.114250,0.323117
0.114750,0.512268
0.115250,-0.009603
0.115750,0.304760
0.116250,-0.155395
0.116750,0.240440
0.117250,0.150885
0.117750,-0.112320
0.118250,-0.090181
0.118750,0.624898
0.119250,0.394775
0.119750,0.281868
0.120250,1.551315
0.120750,1.606146
0.121250,0.694111
0.121750,0.991458
0.122250,1.106941
0.122750,0.774957
0.123250,1.926189
0.123750,2.146325
0.124250,0.945670
0.124750,1.573695
0.125250,1.350215
0.125750,0.435744
0.126250,0.442404
0.126750,0.717465
0.127250,0.237723
0.127750,0.424142
0.128250,0.697892
0.128750,0.001832
0.129250,1.068754
0.129750,1.367134
0.130250,0.335553
0.130750,0.774593
0.131250,0.520582
0.131750,1.551506
0.132250,1.133601
0.132750,0.845956
0.133250,0.734584
0.133750,0.648317
0.134250,1.801698
0.134750,0.764510
0.135250,1.031209
0.135750,0.324771
0.136250,-0.773732
0.136750,0.643582
0.137250,0.344986
0.137750,-0.622132
0.138250,0.694448
0.138750,-0.455661
0.139250,0.296097
0.139750,0.161052
0.140250,-0.680673
0.140750,-0.396035
0.141250,-1.160142
0.141750,-0.124370
0.142250,-0.834001
0.142750,-0.636960
0.143250,-0.007223
0.143750,-0.412970
0.144250,-0.390584
0.144750,-0.060572
0.145250,-1.130804
0.145750,-0.241168
0.146250,-0.133335
0.146750,-0.276314
0.147250,-0.215230
0.147750,0.271285
0.148250,-0.311993
0.148750,0.435259
0.149250,0.357455
0.149750,-0.548317
0.150250,-0.242495
0.150750,-0.029379
0.151250,-0.354291
0.151750,0.037810
0.152250,-0.040360
0.152750,-1.051849
0.153250,0.114328
0.153750,-0.816054
0.154250,0.279466
0.154750,-0.553318
0.155250,-0.575377
0.155750,-0.737112
0.156250,-0.427896
0.156750,0.301313
0.157250,0.450711
0.157750,0.101879
0.158250,0.468441
0.158750,0.220047
0.159250,0.696430
0.159750,0.604574
0.160250,-0.307633
0.160750,0.261179
0.161250,-0.160105
0.161750,0.348590
0.162250,0.481000
0.162750,-0.127608
0.163250,0.441128
0.163750,-0.002019
0.164250,1.091490
0.164750,0.725526
0.165250,1.295911
0.165750,-0.450419
0.166250,0.321538
0.166750,0.503029
0.167250,0.006500
0.167750,0.644487
0.168250,1.074704
0.168750,0.138500
0.169250,0.639608
0.169750,0.110614
0.170250,-0.284500
0.170750,-1.169132
0.171250,-0.072929
0.171750,-0.507137
0.172250,0.446049
0.172750,0.291179
0.173250,-0.048923
0.173750,0.062120
0.174250,-0.380402
0.174750,-0.611020
0.175250,-1.053094
0.175750,-0.305309
0.176250,-0.225271
0.176750,-0.618279
0.177250,-0.648174
0.177750,-0.576280
0.178250,-0.228108
0.178750,-0.641906
0.179250,-1.659150
0.179750,-0.038864
0.180250,-0.948205
0.180750,-0.073824
0.181250,-0.580201
0.181750,-0.322502
0.182250,-2.133206
0.182750,-0.595151
0.183250,-1.040907
0.183750,0.433738
0.184250,-1.044441
0.184750,-0.045561
0.185250,-1.374489
0.185750,-1.476421
0.186250,-1.453141
0.186750,-0.096323
0.187250,-0.903026
0.187750,-1.138725
0.188250,-0.858089
0.188750,-0.999537
0.189250,-1.887066
0.189750,-0.532906
0.190250,-0.501080
0.190750,-0.946554
0.191250,0.326949
0.191750,-0.769195
0.192250,-1.302017
0.192750,-1.144407
0.193250,-0.581989
0.193750,0.261189
0.194250,-0.210868
0.194750,-0.722399
0.195250,-1.457805
0.195750,-0.699570
0.196250,-0.581415
0.196750,-1.015405
0.197250,0.103879
0.197750,-0.211873
0.198250,-0.310272
0.198750,-0.699945
0.199250,-0.204112
0.199750,-0.811638
0.200250,0.373439
0.200750,-0.848035
0.201250,-0.130492
0.201750,-0.782680
0.202250,-1.171220
0.202750,-0.923744
0.203250,-1.509385
0.203750,-0.268620
0.204250,-0.708722
0.204750,-0.532069
0.205250,-0.001626
0.205750,-1.122576
0.206250,0.425599
0.206750,-0.548899
0.207250,-0.338297
0.207750,0.260940
0.208250,0.271582
0.208750,-0.141061
0.209250,-0.185684
0.209750,0.067523
0.210250,0.235850
0.210750,-0.142525
0.211250,1.169466
0.211750,0.469940
0.212250,0.454848
0.212750,0.471348
0.213250,0.230002
0.213750,0.292527
0.214250,-0.229038
0.214750,1.700338
0.215250,1.230085
0.215750,0.690922
0.216250,0.691989
0.216750,0.710766
0.217250,-0.435795
0.217750,0.220386
0.218250,0.107927
0.218750,1.490576
0.219250,1.390615
0.219750,1.144255
0.220250,0.550368
0.220750,-0.214650
0.221250,-0.042038
0.221750,0.488256
0.222250,0.642117
0.222750,0.907343
0.223250,1.708045
0.223750,1.219100
0.224250,1.820081
0.224750,1.142193
0.225250,1.765105
0.225750,0.911529
0.226250,0.639742
0.226750,0.696629
0.227250,1.498699
0.227750,1.294064
0.228250,0.157459
0.228750,-0.170321
0.229250,-0.418178
0.229750,0.726367
0.230250,1.006023
0.230750,0.425046
0.231250,0.791147
0.231750,0.427225
0.232250,-0.590886
0.232750,0.017995
0.233250,0.915008
0.233750,1.534228
0.234250,-0.100547
0.234750,-0.897662
0.235250,0.867881
0.235750,0.573249
0.236250,-0.555184
0.236750,0.530020
0.237250,-0.322737
0.237750,-0.106984
0.238250,0.402500
0.238750,-0.211480
0.239250,-0.940860
0.239750,-0.475316
0.240250,0.178944
0.240750,-0.748700
0.241250,0.512880
0.241750,-0.479990
0.242250,0.550290
0.242750,-0.078523
0.243250,0.704327
0.243750,0.445737
0.244250,-0.076148
0.244750,0.012030
0.245250,0.171656
0.245750,0.825470
0.246250,0.274772
0.246750,0.498419
0.247250,0.443393
0.247750,-0.874606
0.248250,1.207686
0.248750,1.204367
0.249250,1.071363
0.249750,0.196753
0.250250,1.371584
0.250750,-0.632850
0.251250,0.696740
0.251750,0.682226
0.252250,-0.160417
0.252750,1.317712
0.253250,-0.404103
0.253750,0.193108
0.254250,0.013909
0.254750,0.715794
0.255250,0.004906
0.255750,-0.864795
0.256250,0.530151
0.256750,0.207612
0.257250,0.029809
0.257750,0.528992
0.258250,1.114383
0.258750,0.916775
0.259250,0.269538
0.259750,1.397279
0.260250,1.210836
0.260750,1.235195
0.261250,0.890168
0.261750,-0.934451
0.262250,1.700602
0.262750,0.752649
0.263250,0.249275
0.263750,-0.316824
0.264250,1.663480
0.264750,0.974647
0.265250,1.159113
0.265750,1.899631
0.266250,1.116283
0.266750,1.578627
0.267250,0.679770
0.267750,2.071979
0.268250,0.675484
0.268750,-0.088488
0.269250,-0.045051
0.269750,0.481547
0.270250,1.109545
0.270750,0.657512
0.271250,0.294510
0.271750,1.868673
0.272250,0.758537
0.272750,0.982137
0.273250,1.095570
0.273750,1.136817
0.274250,1.416052
0.274750,0.820948
0.275250,0.186309
0.275750,-0.044003
0.276250,-0.005623
0.276750,0.209341
0.277250,0.889418
0.277750,-0.196898
0.278250,0.825902
0.278750,-0.327897
0.279250,-1.260154
0.279750,-0.011841
0.280250,-1.273983
0.280750,1.287392
0.281250,0.823503
0.281750,0.695833
0.282250,1.191830
0.282750,0.505143
0.283250,1.405770
0.283750,-0.881035
0.284250,0.362529
0.284750,-0.520943
0.285250,1.507059
0.285750,0.441156
0.286250,0.565357
0.286750,-0.233078
0.287250,-0.101900
0.287750,0.242648
0.288250,-1.472069
0.288750,-0.631131
0.289250,-0.125689
0.289750,-0.457651
0.290250,0.103248
0.290750,-1.765610
0.291250,-0.149564
0.291750,-1.423032
0.292250,0.018042
0.292750,-0.918267
0.293250,-0.106563
0.293750,0.298944
0.294250,1.079417
0.294750,-0.817354
0.295250,-0.220787
0.295750,-0.829166
0.296250,-0.390632
0.296750,-1.170033
0.297250,-0.864852
0.297750,-0.925148
0.298250,0.816516
0.298750,-0.464720
0.299250,0.195082
0.299750,-0.415145
0.300250,-0.465074
0.300750,0.372500
0.301250,0.560849
0.301750,0.442092
0.302250,0.253450
0.302750,-0.307560
0.303250,0.235963
0.303750,0.346082
0.304250,0.864205
0.304750,-0.462463
0.305250,-0.687696
0.305750,1.227522
0.306250,0.193204
0.306750,-0.202782
0.307250,-0.458591
0.307750,0.100705
0.308250,0.435535
0.308750,0.572650
0.309250,0.376328
0.309750,0.670317
0.310250,-0.565365
0.310750,1.487041
0.311250,-1.118077
0.311750,-0.364441
0.312250,-0.113314
0.312750,0.256509
0.313250,0.818456
0.313750,0.365301
0.314250,-1.033464
0.314750,0.574966
0.315250,-0.147510
0.315750,1.283197
0.316250,0.546693
0.316750,0.731752
0.317250,-0.040853
0.317750,0.579647
0.318250,0.194608
0.318750,0.205026
0.319250,0.899737
0.319750,0.245444
0.320250,-0.694218
0.320750,0.636536
0.321250,1.156304
0.321750,1.451812
0.322250,1.770126
0.322750,1.096985
0.323250,1.083706
0.323750,1.204593
0.324250,2.046244
0.324750,1.434325
0.325250,1.081280
0.325750,2.095770
0.326250,2.019182
0.326750,0.426569
0.327250,0.463867
0.327750,0.019664
0.328250,0.628972
0.328750,2.132783
0.329250,1.307391
0.329750,0.909460
0.330250,1.844623
0.330750,2.588473
0.331250,0.565822
0.331750,0.970879
0.332250,0.563554
0.332750,0.008263
0.333250,0.295681
0.333750,0.646078
0.334250,0.317688
0.334750,0.748766
0.335250,1.187085
0.335750,0.749175
0.336250,1.181939
0.336750,0.188047
0.337250,2.274783
0.337750,1.881010
0.338250,1.525662
0.338750,2.065745
0.339250,2.064171
0.339750,0.667306
0.340250,1.493720
0.340750,1.203451
0.341250,1.568457
0.341750,1.300339
0.342250,2.157423
0.342750,0.800920
0.343250,2.234454
0.343750,2.016585
0.344250,2.062478
0.344750,1.161544
0.345250,0.610555
0.345750,2.516534
0.346250,1.814773
0.346750,2.938215
0.347250,2.323182
0.347750,1.489898
0.348250,1.797710
0.348750,1.629488
0.349250,1.535447
0.349750,0.891532
0.350250,1.606664
0.350750,2.274135
0.351250,2.124282
0.351750,1.233562
0.352250,0.347394
0.352750,1.516690
0.353250,0.456854
0.353750,3.253188
0.354250,1.997510
0.354750,1.065945
0.355250,1.890538
0.355750,1.000177
0.356250,1.029592
0.356750,2.987998
0.357250,1.634196
0.357750,1.100118
0.358250,0.327408
0.358750,0.964677
0.359250,0.741190
0.359750,0.907428
0.360250,0.139826
0.360750,1.301775
0.361250,0.423414
0.361750,2.421288
0.362250,1.635399
0.362750,-0.107461
0.363250,1.478366
0.363750,1.563629
0.364250,0.852188
0.364750,0.765133
0.365250,1.817332
0.365750,2.481720
0.366250,1.483403
0.366750,0.659306
0.367250,-0.371378
0.367750,1.064583
0.368250,1.945576
0.368750,0.723856
0.369250,1.527372
0.369750,2.279394
0.370250,1.224557
0.370750,1.370322
0.371250,1.547871
0.371750,0.178834
0.372250,1.059179
0.372750,1.760020
0.373250,1.611187
0.373750,0.210570
0.374250,0.624353
0.374750,0.007733
0.375250,3.368779
0.375750,1.493543
0.376250,0.334544
0.376750,1.348295
0.377250,2.185729
0.377750,0.173001
0.378250,1.877878
0.378750,1.280564
0.379250,0.535479
0.379750,2.480955
0.380250,0.881764
0.380750,1.711713
0.381250,2.099531
0.381750,2.219414
0.382250,1.710808
0.382750,1.650899
0.383250,1.706843
0.383750,2.063049
0.384250,1.893579
0.384750,3.163607
0.385250,1.294116
0.385750,2.102850
0.386250,1.338822
0.386750,1.876094
0.387250,1.632364
0.387750,2.542974
0.388250,2.715572
0.388750,2.158646
0.389250,2.880709
0.389750,2.554810
0.390250,2.593667
0.390750,3.872653
0.391250,2.950452
0.391750,2.749264
0.392250,3.915392
0.392750,2.522543
0.393250,2.827473
0.393750,3.506775
0.394250,2.512019
0.394750,2.196962
0.395250,3.488993
0.395750,3.419125
0.396250,3.690696
0.396750,1.943989
0.397250,2.508197
0.397750,2.207513
0.398250,2.323119
0.398750,1.510178
0.399250,3.002561
0.399750,1.860518
0.400250,2.148350
0.400750,3.989672
0.401250,2.387977
0.401750,2.168726
0.402250,2.275444
0.402750,1.689489
0.403250,2.835855
0.403750,1.616967
0.404250,2.129216
0.404750,1.629148
0.405250,1.357674
0.405750,2.795069
0.406250,2.683328
0.406750,2.434695
0.407250,1.329245
0.407750,3.143267
0.408250,1.116433
0.408750,3.258243
0.409250,0.798955
0.409750,2.086413
0.410250,0.754728
0.410750,1.551388
0.411250,2.172477
0.411750,1.096408
0.412250,0.680381
0.412750,1.845113
0.413250,2.454743
0.413750,1.243531
0.414250,1.864472
0.414750,2.574979
0.415250,2.549915
0.415750,2.034140
0.416250,3.040560
0.416750,3.198371
0.417250,2.226773
0.417750,0.590215
0.418250,2.151516
0.418750,0.020639
0.419250,1.471450
0.419750,1.827728
0.420250,0.604889
0.420750,0.964172
0.421250,1.934385
0.421750,0.911137
0.422250,2.045068
0.422750,2.021153
0.423250,0.359914
0.423750,1.241393
0.424250,1.522104
0.424750,2.513198
0.425250,1.139287
0.425750,1.674453
0.426250,-0.559118
0.426750,-1.967144
0.427250,0.318623
0.427750,-1.055921
0.428250,0.544041
0.428750,0.758222
0.429250,0.867156
0.429750,0.200888
0.430250,-0.918424
0.430750,1.154394
0.431250,0.291519
0.431750,0.550558
0.432250,2.208898
0.432750,1.293242
0.433250,0.912166
0.433750,1.903806
0.434250,1.974581
0.434750,2.462368
0.435250,1.127373
0.435750,1.061231
0.436250,0.907448
0.436750,1.088663
0.437250,2.636649
0.437750,0.028066
0.438250,2.839703
0.438750,1.617173
0.439250,1.921723
0.439750,1.609693
0.440250,1.686376
0.440750,1.463797
0.441250,2.105865
0.441750,1.291652
0.442250,2.299137
0.442750,0.740665
0.443250,2.649587
0.443750,2.059274
0.444250,2.033096
0.444750,1.882882
0.445250,2.216767
0.445750,0.139235
0.446250,1.550789
0.446750,1.205995
0.447250,1.662159
0.447750,2.331798
0.448250,1.646825
0.448750,2.721192
0.449250,0.974901
0.449750,1.624049
0.450250,2.697940
0.450750,2.573146
0.451250,1.546799
0.451750,2.233699
0.452250,1.636678
0.452750,2.496640
0.453250,0.680480
0.453750,0.415176
0.454250,1.963686
0.454750,2.378246
0.455250,0.567730
0.455750,2.122437
0.456250,1.120053
0.456750,1.599999
0.457250,0.912927
0.457750,3.006832
0.458250,0.759512
0.458750,1.516498
0.459250,2.118671
0.459750,3.314120
0.460250,3.516579
0.460750,1.794720
0.461250,2.848776
0.461750,2.915577
0.462250,1.360120
0.462750,1.810416
0.463250,2.206813
0.463750,4.447406
0.464250,2.630534
0.464750,2.731262
0.465250,2.665421
0.465750,4.770711
0.466250,2.007702
0.466750,4.179530
0.467250,2.368022
0.467750,2.198025
0.468250,4.471654
0.468750,1.999552
0.469250,2.357857
0.469750,2.859803
0.470250,0.628948
0.470750,1.629516
0.471250,1.952938
0.471750,2.005879
0.472250,1.826926
0.472750,2.484712
0.473250,2.506594
0.473750,1.438080
0.474250,4.663093
0.474750,1.421024
0.475250,3.506977
0.475750,1.912065
0.476250,1.588138
0.476750,1.795761
0.477250,3.927322
0.477750,1.700463
0.478250,2.581208
0.478750,3.137331
0.479250,1.802924
0.479750,1.944296
0.480250,1.679667
0.480750,3.080063
0.481250,1.979621
0.481750,1.222057
0.482250,3.269836
0.482750,3.346008
0.483250,1.080574
0.483750,2.873080
0.484250,1.607524
0.484750,2.490212
0.485250,2.054651
0.485750,2.547855
0.486250,3.161641
0.486750,2.449529
0.487250,1.829800
0.487750,1.890661
0.488250,1.991486
0.488750,3.609207
0.489250,-0.075590
0.489750,3.000699
0.490250,0.980686
0.490750,2.866941
0.491250,0.913759
0.491750,0.958887
0.492250,2.317146
0.492750,1.890684
0.493250,3.397642
0.493750,1.434879
0.494250,2.176473
0.494750,1.983782
0.495250,1.818487
0.495750,0.716958
0.496250,3.326621
0.496750,1.838077
0.497250,1.314233
0.497750,1.657686
0.498250,1.721143
0.498750,1.119336
0.499250,1.196058
0.499750,1.217413
0.500250,-0.131062
0.500750,2.139340
0.501250,0.540418
0.501750,-0.486571
0.502250,0.407763
0.502750,1.399821
0.503250,1.557864
0.503750,0.364223
0.504250,2.489561
0.504750,-0.134287
0.505250,0.396081
0.505750,2.426041
0.506250,1.130726
0.506750,2.119166
0.507250,1.076734
0.507750,1.447972
0.508250,1.261566
0.508750,0.732455
0.509250,1.228316
0.509750,1.478778
0.510250,2.570534
0.510750,1.366669
0.511250,1.730997
0.511750,1.273040
0.512250,0.440851
0.512750,1.159392
0.513250,0.157410
0.513750,-0.519430
0.514250,0.092791
0.514750,2.709916
0.515250,2.106471
0.515750,1.248427
0.516250,3.792882
0.516750,-0.402913
0.517250,0.597604
0.517750,2.311773
0.518250,1.733854
0.518750,2.236004
0.519250,-0.494422
0.519750,2.734887
0.520250,2.214310
0.520750,1.978537
0.521250,2.561716
0.521750,1.828768
0.522250,1.029761
0.522750,1.030571
0.523250,2.745256
0.523750,0.889362
0.524250,0.771043
0.524750,1.879814
0.525250,1.342956
0.525750,2.352234
0.526250,1.356915
0.526750,2.118404
0.527250,2.034082
0.527750,1.125571
0.528250,1.006662
0.528750,1.211724
0.529250,-0.082200
0.529750,0.971448
0.530250,0.922374
0.530750,1.730531
0.531250,-0.052980
0.531750,1.489260
0.532250,0.837562
0.532750,0.309012
0.533250,1.652539
0.533750,0.547969
0.534250,2.021147
0.534750,-0.177100
0.535250,0.387044
0.535750,3.208034
0.536250,0.486500
0.536750,1.790104
0.537250,2.610153
0.537750,2.526546
0.538250,3.799927
0.538750,1.240784
0.539250,0.762226
0.539750,2.209160
0.540250,1.966049
0.540750,2.151020
0.541250,2.102937
0.541750,2.476297
0.542250,2.823973
0.542750,0.803456
0.543250,1.242606
0.543750,0.457453
0.544250,2.725894
0.544750,1.302715
0.545250,1.033866
0.545750,2.473098
0.546250,1.308734
0.546750,1.758642
0.547250,0.800656
0.547750,2.124845
0.548250,2.501510
0.548750,2.787047
0.549250,1.031036
0.549750,1.475636
0.550250,1.233689
0.550750,-0.097109
0.551250,1.661161
0.551750,3.680701
0.552250,1.855392
0.552750,0.923332
0.553250,-0.001094
0.553750,0.701731
0.554250,1.765581
0.554750,2.705504
0.555250,0.310914
0.555750,3.950570
0.556250,0.766269
0.556750,0.204247
0.557250,0.884630
0.557750,0.675419
0.558250,1.412993
0.558750,-0.165248
0.559250,1.243675
0.559750,0.692713
0.560250,1.317389
0.560750,1.930210
0.561250,0.141088
0.561750,0.993946
0.562250,-1.607216
0.562750,0.659352
0.563250,1.201560
0.563750,2.291478
0.564250,0.495283
0.564750,1.842272
0.565250,-0.166664
0.565750,0.129936
0.566250,0.889485
0.566750,1.021033
0.567250,1.386317
0.567750,1.470254
0.568250,1.030740
0.568750,0.794597
0.569250,-0.171080
0.569750,-0.140786
0.570250,2.140310
0.570750,1.289232
0.571250,1.040964
0.571750,2.114229
0.572250,0.770391
0.572750,0.641622
0.573250,-0.792786
0.573750,-0.726639
0.574250,1.013030
0.574750,1.030839
0.575250,-0.266229
0.575750,0.617765
0.576250,-0.956721
0.576750,0.609283
0.577250,0.030259
0.577750,1.367909
0.578250,-0.224168
0.578750,-0.882077
0.579250,-0.009868
0.579750,-2.140994
0.580250,0.780565
0.580750,0.584080
0.581250,0.862805
0.581750,1.273758
0.582250,-1.375531
0.582750,-0.741507
0.583250,0.154882
0.583750,-1.699107
0.584250,0.776773
0.584750,-0.310412
0.585250,-0.898253
0.585750,-0.496857
0.586250,-0.492967
0.586750,-0.970180
0.587250,1.224052
0.587750,-0.954726
0.588250,0.192343
0.588750,0.179798
0.589250,0.490002
0.589750,0.323550
0.590250,-2.157661
0.590750,-1.409671
0.591250,-1.853693
0.591750,-1.323308
0.592250,0.688049
0.592750,-0.017205
0.593250,-0.527714
0.593750,-1.477931
0.594250,-1.066290
0.594750,1.217904
0.595250,-0.736820
0.595750,0.959740
0.596250,-0.144126
0.596750,0.044193
0.597250,1.388871
0.597750,0.866828
0.598250,-0.467985
0.598750,0.381744
0.599250,-0.745999
0.599750,-0.300424
0.600250,-0.620613
0.600750,-1.341886
0.601250,0.779858
0.601750,-0.472035
0.602250,-0.320539
0.602750,0.501332
0.603250,-1.760521
0.603750,0.973277
0.604250,-0.217814
0.604750,1.142936
0.605250,0.492822
0.605750,-0.148365
0.606250,-1.410399
0.606750,0.115330
0.607250,0.400236
0.607750,-1.318103
0.608250,-0.876250
0.608750,-0.139894
0.609250,-1.491210
0.609750,1.386232
0.610250,1.450397
0.610750,0.170607
0.611250,-1.257014
0.611750,-0.867945
0.612250,-1.287133
0.612750,-0.434917
0.613250,-1.586599
0.613750,-0.629973
0.614250,-0.865789
0.614750,2.063938
0.615250,1.294410
0.615750,-0.794981
0.616250,-0.325435
0.616750,-0.854639
0.617250,0.385165
0.617750,-1.454119
0.618250,-0.568852
0.618750,-0.187333
0.619250,-1.462466
0.619750,0.547044
0.620250,-0.452430
0.620750,0.872190
0.621250,-0.626805
0.621750,0.160363
0.622250,1.572942
0.622750,-0.767971
0.623250,1.102325
0.623750,0.458051
0.624250,-0.627620
0.624750,-0.295369
0.625250,2.203074
0.625750,-0.054139
0.626250,-0.189642
0.626750,-0.534500
0.627250,0.348357
0.627750,1.177128
0.628250,1.229548
0.628750,1.573445
0.629250,-0.313522
0.629750,1.043889
0.630250,0.622783
0.630750,0.599289
0.631250,0.182700
0.631750,-0.225824
0.632250,0.362895
0.632750,-0.761790
0.633250,1.206568
0.633750,1.154676
0.634250,0.196873
0.634750,0.064303
0.635250,0.139860
0.635750,-0.160505
0.636250,1.163470
0.636750,2.100153
0.637250,1.845769
0.637750,-1.184562
0.638250,-0.641010
0.638750,0.517517
0.639250,1.356662
0.639750,1.984112
0.640250,0.131531
0.640750,4.033468
0.641250,0.684760
0.641750,1.807456
0.642250,1.226100
0.642750,3.022248
0.643250,1.958280
0.643750,0.840000
0.644250,-0.875058
0.644750,-0.671873
0.645250,-0.411118
0.645750,-1.335620
0.646250,0.138331
0.646750,2.277274
0.647250,1.273524
0.647750,0.559963
0.648250,2.166440
0.648750,-0.040397
0.649250,-0.528298
0.649750,3.183002
0.650250,1.750175
0.650750,0.933878
0.651250,1.374017
0.651750,0.638985
0.652250,1.185051
0.652750,1.184157
0.653250,1.027526
0.653750,-0.951704
0.654250,0.276263
0.654750,-0.028719
0.655250,0.283458
0.655750,1.042224
0.656250,1.111375
0.656750,2.134354
0.657250,-0.777165
0.657750,0.580478
0.658250,-0.203057
0.658750,0.929533
0.659250,-0.032860
0.659750,-1.936929
0.660250,0.462843
0.660750,-0.231043
0.661250,0.302734
0.661750,0.932492
0.662250,-0.801808
0.662750,0.145586
0.663250,0.513107
0.663750,0.976027
0.664250,-0.089439
0.664750,-0.259084
0.665250,0.007122
0.665750,-1.039908
0.666250,0.338852
0.666750,0.445440
0.667250,2.734863
0.667750,0.827582
0.668250,-0.587246
0.668750,-0.235684
0.669250,-0.358303
0.669750,1.333683
0.670250,-0.577679
0.670750,-0.046605
0.671250,1.169498
0.671750,-0.767322
0.672250,-0.421266
0.672750,-0.207550
0.673250,-1.680467
0.673750,-0.294894
0.674250,-0.389995
0.674750,-2.276744
0.675250,-2.880569
0.675750,-1.445080
0.676250,-1.076107
0.676750,0.860721
0.677250,-0.579761
0.677750,-1.289535
0.678250,1.997349
0.678750,-0.426696
0.679250,-0.236129
0.679750,-2.491291
0.680250,-1.951297
0.680750,-1.190651
0.681250,-1.708759
0.681750,-1.171721
0.682250,-0.805048
0.682750,-1.075407
0.683250,-2.126473
0.683750,-0.136302
0.684250,-0.031991
0.684750,-0.829527
0.685250,-0.622258
0.685750,-0.082343
0.686250,-1.521625
0.686750,0.729980
0.687250,-0.036872
0.687750,-1.940897
0.688250,-1.931857
0.688750,-0.251527
0.689250,-2.684997
0.689750,1.286192
0.690250,0.672287
0.690750,0.157245
0.691250,-0.099865
0.691750,-0.495393
0.692250,-1.256568
0.692750,0.652679
0.693250,-1.991434
0.693750,-1.329180
0.694250,-2.385312
0.694750,0.363729
0.695250,-1.703033
0.695750,0.154088
0.696250,0.106795
0.696750,0.041515
0.697250,-1.865890
0.697750,-1.894861
0.698250,-1.157617
0.698750,-1.354540
0.699250,-2.608186
0.699750,1.561434
0.700250,0.285770
0.700750,-2.336520
0.701250,-0.967453
0.701750,0.530717
0.702250,-1.619295
0.702750,-0.891841
0.703250,-0.547369
0.703750,-0.199780
0.704250,-1.241338
0.704750,-1.507507
0.705250,-0.520808
0.705750,-1.888439
0.706250,-1.420247
0.706750,-2.551407
0.707250,-1.881265
0.707750,-0.603835
0.708250,-2.443157
0.708750,-2.466214
0.709250,-2.023916
0.709750,-1.557199
0.710250,-0.998862
0.710750,1.202166
0.711250,-1.534034
0.711750,-0.294389
0.712250,-0.805553
0.712750,1.371096
0.713250,-0.961229
0.713750,-0.073490
0.714250,0.482600
0.714750,-1.087971
0.715250,0.963825
0.715750,-1.118173
0.716250,-2.873222
0.716750,-1.788020
0.717250,-0.545085
0.717750,1.465543
0.718250,0.504675
0.718750,-0.473452
0.719250,0.434888
0.719750,0.958513
0.720250,-0.816225
0.720750,-0.574546
0.721250,-0.419997
0.721750,-0.221195
0.722250,1.072625
0.722750,0.092008
0.723250,-0.672599
0.723750,-0.501739
0.724250,0.022787
0.724750,0.047442
0.725250,-0.469959
0.725750,0.739867
0.726250,-0.235977
0.726750,-0.145021
0.727250,0.508699
0.727750,-0.310682
0.728250,-1.167252
0.728750,1.384173
0.729250,-1.774555
0.729750,-1.492938
0.730250,-0.472132
0.730750,-1.770168
0.731250,-0.708421
0.731750,0.237454
0.732250,-1.389836
0.732750,-1.421337
0.733250,0.342189
0.733750,-0.405050
0.734250,-1.339229
0.734750,-3.061104
0.735250,-0.768851
0.735750,-1.358304
0.736250,-1.683887
0.736750,-0.915280
0.737250,-1.685175
0.737750,-1.227332
0.738250,-1.975649
0.738750,-0.214743
0.739250,-1.028680
0.739750,-0.099954
0.740250,-2.864314
0.740750,-1.959684
0.741250,-0.830447
0.741750,-1.876343
0.742250,-0.689626
0.742750,0.475549
0.743250,-0.534002
0.743750,-3.400388
0.744250,0.002369
0.744750,-1.743848
0.745250,-2.794549
0.745750,-1.650162
0.746250,-1.553769
0.746750,-1.161978
0.747250,-1.807893
0.747750,-1.315570
0.748250,-2.128644
0.748750,-1.920056
0.749250,-1.332571
0.749750,-0.919456
0.750250,0.887477
0.750750,-3.022023
0.751250,-1.504528
0.751750,-3.750977
0.752250,-1.571583
0.752750,-0.961581
0.753250,-2.281454
0.753750,0.059685
0.754250,-1.189974
0.754750,-1.450442
0.755250,-3.577089
0.755750,0.093703
0.756250,-0.158376
0.756750,-3.277570
0.757250,-1.207382
0.757750,-2.289997
0.758250,-3.723047
0.758750,-1.978273
0.759250,-2.495244
0.759750,-3.169093
0.760250,-1.472323
0.760750,-1.456985
0.761250,-3.507471
0.761750,-2.299821
0.762250,-4.572493
0.762750,-1.231879
0.763250,-2.095047
0.763750,-4.398919
0.764250,-2.300320
0.764750,-2.931007
0.765250,-3.842604
0.765750,-3.703621
0.766250,-1.943002
0.766750,-2.892444
0.767250,-0.522188
0.767750,-2.668263
0.768250,-3.819716
0.768750,-2.031365
0.769250,-2.860856
0.769750,-2.554885
0.770250,-1.977330
0.770750,-1.944811
0.771250,-1.751570
0.771750,-2.966668
0.772250,-2.257004
0.772750,-0.998237
0.773250,-3.917705
0.773750,-1.784375
0.774250,-3.604696
0.774750,-3.480240
0.775250,-1.656214
0.775750,-1.439506
0.776250,-1.412257
0.776750,-3.190241
0.777250,-1.602846
0.777750,-2.946079
0.778250,-4.261193
0.778750,-3.650367
0.779250,-4.541241
0.779750,-1.871036
0.780250,-2.783270
0.780750,-2.343536
0.781250,-3.327512
0.781750,-2.193176
0.782250,-3.083259
0.782750,-1.639740
0.783250,-2.513018
0.783750,-2.087890
0.784250,-2.628788
0.784750,-3.752121
0.785250,-0.071524
0.785750,-1.487001
0.786250,-1.097767
0.786750,-0.225226
0.787250,-3.959723
0.787750,-4.790158
0.788250,-1.165460
0.788750,-3.254158
0.789250,-4.235595
0.789750,-1.490948
0.790250,-2.792867
0.790750,-3.280830
0.791250,-1.053849
0.791750,-3.669594
0.792250,-4.667697
0.792750,-0.374631
0.793250,-3.095456
0.793750,-2.673031
0.794250,-3.756385
0.794750,-3.265764
0.795250,-2.119746
0.795750,-3.851186
0.796250,-2.235745
0.796750,-1.878616
0.797250,-0.321434
0.797750,-1.289026
0.798250,-3.133529
0.798750,-3.452080
0.799250,-4.495575
0.799750,-3.820547
0.800250,-3.867256
0.800750,-2.301392
0.801250,-2.247260
0.801750,-0.062454
0.802250,-0.652283
0.802750,-1.837725
0.803250,-4.653703
0.803750,-3.337295
0.804250,-1.977149
0.804750,-1.830757
0.805250,-3.887650
0.805750,-1.727929
0.806250,-2.158639
0.806750,-1.890842
0.807250,-2.170477
0.807750,0.002783
0.808250,-3.436688
0.808750,-1.161595
0.809250,-2.352837
0.809750,-1.970228
0.810250,-0.322870
0.810750,-2.287635
0.811250,-0.757097
0.811750,-3.902704
0.812250,-3.851767
0.812750,0.420699
0.813250,0.146032
0.813750,-3.246976
0.814250,-0.018613
0.814750,-2.613846
0.815250,-0.723527
0.815750,-1.562016
0.816250,-1.511126
0.816750,-0.332050
0.817250,1.250273
0.817750,-1.204228
0.818250,-1.580220
0.818750,0.150194
0.819250,-0.541454
0.819750,-0.530001
0.820250,-2.152350
0.820750,-1.911486
0.821250,0.687581
0.821750,-0.383115
0.822250,-0.324368
0.822750,-0.043730
0.823250,0.702283
0.823750,-1.415462
0.824250,-1.878130
0.824750,-1.953179
0.825250,1.386224
0.825750,-2.481140
0.826250,-0.305532
0.826750,1.330784
0.827250,-3.118042
0.827750,0.349821
0.828250,-0.442644
0.828750,-0.643863
0.829250,0.145164
0.829750,-1.136315
0.830250,-1.775390
0.830750,-0.656827
0.831250,-0.798607
0.831750,-3.230558
0.832250,-2.536399
0.832750,0.423620
0.833250,-0.154978
0.833750,-0.629024
0.834250,-0.653264
0.834750,-0.983783
0.835250,-1.318835
0.835750,-1.697273
0.836250,-1.396300
0.836750,-0.641972
0.837250,-0.611348
0.837750,-0.550657
0.838250,-2.814913
0.838750,0.244881
0.839250,-1.208453
0.839750,-0.544079
0.840250,-2.942027
0.840750,-1.266692
0.841250,-0.790547
0.841750,0.681112
0.842250,-1.154026
0.842750,-1.850033
0.843250,-1.213319
0.843750,-2.597585
0.844250,-4.744349
0.844750,-3.408198
0.845250,-2.227064
0.845750,-1.866464
0.846250,-0.571704
0.846750,-0.217317
0.847250,-1.276515
0.847750,-1.108965
0.848250,-0.849845
0.848750,-0.420242
0.849250,-2.803276
0.849750,0.333208
0.850250,-1.755116
0.850750,0.490535
0.851250,0.340011
0.851750,-1.215509
0.852250,-1.799432
0.852750,-0.421669
0.853250,1.274436
0.853750,0.013600
0.854250,-0.718605
0.854750,-0.691117
0.855250,-2.347302
0.855750,0.960043
0.856250,1.200176
0.856750,0.311629
0.857250,0.702248
0.857750,0.109884
0.858250,-0.787921
0.858750,-2.399546
0.859250,-2.233626
0.859750,-1.855907
0.860250,-0.678303
0.860750,-2.044111
0.861250,-1.765938
0.861750,-0.304062
0.862250,-0.937725
0.862750,-0.435008
0.863250,-0.101687
0.863750,0.590253
0.864250,-2.196839
0.864750,1.800192
0.865250,-1.695250
0.865750,-1.420713
0.866250,-2.245661
0.866750,-2.120555
0.867250,-4.343148
0.867750,-3.179563
0.868250,0.102236
0.868750,-1.907584
0.869250,-2.404997
0.869750,-2.277171
0.870250,-2.419595
0.870750,-2.066643
0.871250,-2.151499
0.871750,-1.812669
0.872250,-0.914994
0.872750,-1.798335
0.873250,-0.557374
0.873750,-2.584712
0.874250,-1.274006
0.874750,-5.096500
0.875250,-2.333895
0.875750,-0.554914
0.876250,-0.481023
0.876750,-1.330219
0.877250,-2.680186
0.877750,-0.749793
0.878250,-0.408196
0.878750,-2.370657
0.879250,-0.755302
0.879750,0.107338
0.880250,-1.664729
0.880750,-1.154618
0.881250,-1.089052
0.881750,-3.384603
0.882250,-3.026220
0.882750,-1.623677
0.883250,-2.969801
0.883750,-0.822970
0.884250,-1.698370
0.884750,0.442566
0.885250,-3.040073
0.885750,-2.653618
0.886250,-0.400100
0.886750,-1.062417
0.887250,-1.698479
0.887750,-2.296716
0.888250,-2.317141
0.888750,-1.611736
0.889250,-2.541045
0.889750,-2.058032
0.890250,-0.784736
0.890750,-1.816269
0.891250,-0.356057
0.891750,-1.200807
0.892250,-2.602650
0.892750,-1.975158
0.893250,-3.253168
0.893750,-1.797390
0.894250,-1.958550
0.894750,-0.274524
0.895250,0.267338
0.895750,-1.716835
0.896250,-1.668913
0.896750,-0.752284
0.897250,-2.206796
0.897750,-2.639610
0.898250,-3.931266
0.898750,-0.060185
0.899250,-0.831444
0.899750,0.825094
0.900250,-3.097067
0.900750,-0.440803
0.901250,-5.776150
0.901750,-4.166325
0.902250,-2.309292
0.902750,-1.660854
0.903250,-0.980896
0.903750,-1.518602
0.904250,-2.892671
0.904750,-2.385860
0.905250,-1.892219
0.905750,-0.905428
0.906250,-1.422204
0.906750,-0.292222
0.907250,-0.340132
0.907750,-2.045510
0.908250,-1.271086
0.908750,0.885223
0.909250,1.780610
0.909750,-1.370894
0.910250,-1.498885
0.910750,-0.603968
0.911250,-1.276219
0.911750,-0.593084
0.912250,-1.579620
0.912750,0.046670
0.913250,-0.233574
0.913750,1.403534
0.914250,-1.366383
0.914750,1.527036
0.915250,-0.456292
0.915750,-0.353948
0.916250,0.701796
0.916750,0.178880
0.917250,-0.310522
0.917750,0.253653
0.918250,3.735794
0.918750,0.371512
0.919250,0.306922
0.919750,-1.008808
0.920250,1.169842
0.920750,0.113102
0.921250,-1.030494
0.921750,0.211022
0.922250,0.878781
0.922750,0.556251
0.923250,0.719066
0.923750,0.548366
0.924250,-1.639566
0.924750,-0.107878
0.925250,-1.434862
0.925750,0.293709
0.926250,-2.132559
0.926750,2.012817
0.927250,-0.564451
0.927750,0.795269
0.928250,1.460463
0.928750,0.271588
0.929250,1.215762
0.929750,-1.165448
0.930250,1.293816
0.930750,0.999584
0.931250,0.988489
0.931750,-1.415580
0.932250,0.160038
0.932750,0.163839
0.933250,-0.315647
0.933750,-1.637677
0.934250,-0.440764
0.934750,-1.764338
0.935250,-1.567382
0.935750,-1.276308
0.936250,-0.057607
0.936750,-0.094393
0.937250,-0.347279
0.937750,1.530162
0.938250,-1.980358
0.938750,-0.360041
0.939250,-1.688920
0.939750,-1.497061
0.940250,-0.546118
0.940750,-2.047418
0.941250,-1.028612
0.941750,-1.679651
0.942250,-0.416155
0.942750,-1.258395
0.943250,0.025361
0.943750,-0.650290
0.944250,-1.132425
0.944750,-2.773343
0.945250,-1.299887
0.945750,-1.295529
0.946250,0.026111
0.946750,-1.628874
0.947250,-0.410436
0.947750,-0.142757
0.948250,0.066200
0.948750,-0.382224
0.949250,0.551239
0.949750,-0.032122
0.950250,-0.069885
0.950750,-0.150654
0.951250,0.614914
0.951750,-0.197469
0.952250,-1.114364
0.952750,-0.777647
0.953250,-0.677782
0.953750,-1.792131
0.954250,-0.102076
0.954750,-0.669467
0.955250,-0.377751
0.955750,0.234836
0.956250,-1.199687
0.956750,-2.015991
0.957250,-0.714191
0.957750,-0.353902
0.958250,-3.010098
0.958750,0.627419
0.959250,0.001861
0.959750,-2.741756
0.960250,-2.051404
0.960750,-0.256359
0.961250,-1.541070
0.961750,-2.096766
0.962250,-1.022926
0.962750,0.822464
0.963250,-1.939507
0.963750,-1.676319
0.964250,-0.735274
0.964750,-2.445150
0.965250,0.126718
0.965750,-2.940111
0.966250,-1.366432
0.966750,-2.504593
0.967250,-2.015347
0.967750,-3.030584
0.968250,-1.612721
0.968750,-3.109145
0.969250,0.064126
0.969750,-0.943852
0.970250,-4.603452
0.970750,-0.947228
0.971250,-2.009270
0.971750,-2.089155
0.972250,-3.879165
0.972750,-0.928024
0.973250,-1.840827
0.973750,-1.604276
0.974250,-3.551028
0.974750,-1.946181
0.975250,-1.919341
0.975750,-2.738081
0.976250,-1.770473
0.976750,-3.253537
0.977250,-2.719372
0.977750,-2.738664
0.978250,-3.893653
0.978750,-2.954589
0.979250,-3.526096
0.979750,-3.265048
0.980250,-2.413129
0.980750,-1.562271
0.981250,-1.324751
0.981750,-0.125768
0.982250,-0.368164
0.982750,-2.713287
0.983250,-1.940538
0.983750,-2.580605
0.984250,-1.023914
0.984750,-1.232481
0.985250,-0.556370
0.985750,-0.703556
0.986250,-1.009366
0.986750,-0.274719
0.987250,-4.110630
0.987750,-0.650882
0.988250,-1.393493
0.988750,-3.538062
0.989250,-2.791330
0.989750,-0.271168
0.990250,-0.282507
0.990750,2.088984
0.991250,0.187129
0.991750,-0.448378
0.992250,-1.209531
0.992750,0.706395
0.993250,-2.652682
0.993750,-0.407292
0.994250,-1.899583
0.994750,-2.141282
0.995250,-1.199044
0.995750,1.377362
0.996250,-2.430988
0.996750,-1.574036
0.997250,-3.161340
0.997750,0.121856
0.998250,-1.636097
0.998750,-0.398341
0.999250,-2.135380
0.999750,-1.426789
