0.000250,0.121688
0.000750,0.225868
0.001250,0.000000
0.001750,0.000000
0.002250,0.012689
0.002750,-0.085640
0.003250,0.016690
0.003750,-0.112033
0.004250,-0.039235
0.004750,0.242688
0.005250,0.326163
0.005750,0.135816
0.006250,-0.518903
0.006750,-0.297905
0.007250,-0.117403
0.007750,0.422211
0.008250,-0.158450
0.008750,0.301988
0.009250,-0.997892
0.009750,-0.243057
0.010250,-0.251471
0.010750,-0.745198
0.011250,-0.088582
0.011750,0.463550
0.012250,1.043903
0.012750,-0.037274
0.013250,0.079646
0.013750,1.220322
0.014250,-0.544095
0.014750,-0.196001
0.015250,0.959135
0.015750,1.883565
0.016250,-1.109999
0.016750,1.998723
0.017250,1.773984
0.017750,1.202972
0.018250,1.450184
0.018750,2.273809
0.019250,2.511523
0.019750,1.077648
0.020250,2.021165
0.020750,0.449748
0.021250,-0.544557
0.021750,0.040687
0.022250,1.441332
0.022750,0.788385
0.023250,1.883533
0.023750,-0.710113
0.024250,0.368617
0.024750,2.332406
0.025250,2.869730
0.025750,1.790329
0.026250,-0.944271
0.026750,3.876709
0.027250,0.710242
0.027750,2.181806
0.028250,1.424647
0.028750,0.699877
0.029250,1.903679
0.029750,1.773522
0.030250,2.507020
0.030750,1.899358
0.031250,1.519700
0.031750,2.414530
0.032250,0.023957
0.032750,0.700356
0.033250,0.206763
0.033750,2.243259
0.034250,0.687279
0.034750,4.187923
0.035250,1.165461
0.035750,4.594277
0.036250,0.389641
0.036750,3.436474
0.037250,-1.017659
0.037750,1.733107
0.038250,-0.444085
0.038750,2.134943
0.039250,0.597718
0.039750,-0.126918
0.040250,-0.847547
0.040750,1.396303
0.041250,0.427192
0.041750,0.769955
0.042250,3.106610
0.042750,2.123351
0.043250,0.842018
0.043750,0.454348
0.044250,0.987492
0.044750,1.255309
0.045250,-1.306633
0.045750,3.485457
0.046250,0.008432
0.046750,-0.980011
0.047250,1.326042
0.047750,0.833113
0.048250,2.558189
0.048750,0.132750
0.049250,-0.208197
0.049750,3.107687
0.050250,-0.722851
0.050750,2.931669
0.051250,-2.776706
0.051750,-0.137244
0.052250,-0.678544
0.052750,1.723967
0.053250,2.914885
0.053750,-1.002052
0.054250,2.226135
0.054750,2.236391
0.055250,1.654291
0.055750,-0.131165
0.056250,0.661971
0.056750,3.321045
0.057250,1.944643
0.057750,3.436677
0.058250,-0.755114
0.058750,4.781956
0.059250,2.555300
0.059750,2.387755
0.060250,2.913441
0.060750,0.829195
0.061250,2.821967
0.061750,-1.010388
0.062250,1.398180
0.062750,2.776929
0.063250,1.422924
0.063750,0.620484
0.064250,0.066230
0.064750,3.971281
0.065250,3.337226
0.065750,-1.891335
0.066250,0.898562
0.066750,2.100961
0.067250,2.006082
0.067750,2.182925
0.068250,2.813795
0.068750,0.526633
0.069250,0.698272
0.069750,3.178341
0.070250,-3.610012
0.070750,3.573143
0.071250,-1.719848
0.071750,2.209094
0.072250,-2.236550
0.072750,4.505594
0.073250,-1.832013
0.073750,0.541583
0.074250,0.155356
0.074750,-1.112368
0.075250,2.387369
0.075750,4.219294
0.076250,4.186703
0.076750,0.641538
0.077250,2.898520
0.077750,4.156145
0.078250,0.806546
0.078750,2.437509
0.079250,-0.412832
0.079750,2.262088
0.080250,3.715153
0.080750,0.662996
0.081250,-0.987266
0.081750,-0.500638
0.082250,-1.877735
0.082750,-1.115364
0.083250,1.042399
0.083750,1.722258
0.084250,6.036083
0.084750,0.701487
0.085250,1.016240
0.085750,4.423536
0.086250,0.853741
0.086750,0.846478
0.087250,-0.480621
0.087750,1.090990
0.088250,0.327578
0.088750,0.197787
0.089250,2.846657
0.089750,6.045992
0.090250,-0.363584
0.090750,1.127247
0.091250,-0.688410
0.091750,3.581170
0.092250,3.493676
0.092750,1.016804
0.093250,0.413965
0.093750,-0.541145
0.094250,4.660644
0.094750,-0.051342
0.095250,1.440430
0.095750,0.723626
0.096250,0.824793
0.096750,-1.566620
0.097250,-1.544054
0.097750,4.229452
0.098250,1.508407
0.098750,0.644987
0.099250,0.054788
0.099750,-0.113466
0.100250,-5.174660
0.100750,-3.076014
0.101250,0.498563
0.101750,-3.749064
0.102250,0.091252
0.102750,1.297363
0.103250,0.356479
0.103750,-2.138289
0.104250,-2.351223
0.104750,3.513245
0.105250,-1.328657
0.105750,1.913421
0.106250,2.958275
0.106750,-0.421197
0.107250,1.998324
0.107750,-0.086993
0.108250,2.127394
0.108750,0.335260
0.109250,-0.224365
0.109750,2.911253
0.110250,0.036199
0.110750,0.534394
0.111250,1.961284
0.111750,0.861021
0.112250,-0.513443
0.112750,-0.886992
0.113250,-2.470113
0.113750,-1.623947
0.114250,-2.406039
0.114750,-0.441497
0.115250,3.474777
0.115750,-1.679256
0.116250,2.883873
0.116750,-2.819920
0.117250,2.360669
0.117750,-2.526635
0.118250,0.355901
0.118750,-3.591673
0.119250,2.161526
0.119750,3.231837
0.120250,0.664007
0.120750,-1.153837
0.121250,3.421698
0.121750,3.621709
0.122250,-1.357576
0.122750,2.526901
0.123250,-3.160948
0.123750,-0.730496
0.124250,4.963442
0.124750,3.009454
0.125250,-1.910834
0.125750,1.103671
0.126250,-2.452813
0.126750,0.753873
0.127250,1.737809
0.127750,-2.425343
0.128250,0.326000
0.128750,-5.703147
0.129250,-1.335534
0.129750,4.802803
0.130250,2.032375
0.130750,-3.997581
0.131250,-6.061918
0.131750,-1.839102
0.132250,0.479786
0.132750,3.194831
0.133250,6.156903
0.133750,-3.390672
0.134250,3.740058
0.134750,0.517270
0.135250,-0.567789
0.135750,-1.914790
0.136250,-0.370304
0.136750,-1.054474
0.137250,-1.520992
0.137750,-1.288968
0.138250,3.424974
0.138750,-3.605777
0.139250,-4.252854
0.139750,0.518808
0.140250,-3.862708
0.140750,-4.062192
0.141250,-2.686224
0.141750,-2.125418
0.142250,0.428362
0.142750,-2.237742
0.143250,1.669152
0.143750,-0.343399
0.144250,1.465630
0.144750,-2.739312
0.145250,-0.315617
0.145750,-6.001692
0.146250,2.486406
0.146750,1.027887
0.147250,1.349564
0.147750,-3.340684
0.148250,-4.074639
0.148750,2.567485
0.149250,-3.054868
0.149750,-1.337716
0.150250,1.908721
0.150750,4.085309
0.151250,1.062580
0.151750,-0.078555
0.152250,-1.236897
0.152750,0.920947
0.153250,-2.272414
0.153750,-2.382860
0.154250,-1.617055
0.154750,-7.850116
0.155250,0.980134
0.155750,-3.468082
0.156250,-1.840863
0.156750,-5.333030
0.157250,1.202470
0.157750,0.544434
0.158250,-1.089423
0.158750,-0.197548
0.159250,-0.936457
0.159750,-1.806205
0.160250,-4.862184
0.160750,-3.338578
0.161250,-1.783735
0.161750,-2.416159
0.162250,0.123932
0.162750,1.488478
0.163250,-1.100098
0.163750,-2.131111
0.164250,-0.017196
0.164750,0.431009
0.165250,-1.747329
0.165750,0.488815
0.166250,-2.164459
0.166750,-0.842670
0.167250,-0.572718
0.167750,0.859047
0.168250,-1.461933
0.168750,-2.199399
0.169250,-0.004985
0.169750,-0.575580
0.170250,-7.744449
0.170750,-2.772383
0.171250,0.106576
0.171750,4.008896
0.172250,0.505537
0.172750,-2.875282
0.173250,3.271030
0.173750,-0.860980
0.174250,-2.017565
0.174750,-0.176306
0.175250,-1.664761
0.175750,-3.351686
0.176250,-3.190717
0.176750,4.797424
0.177250,0.883893
0.177750,0.018403
0.178250,-0.595731
0.178750,-2.629715
0.179250,-0.067741
0.179750,-6.792912
0.180250,-3.696200
0.180750,-3.188608
0.181250,2.136671
0.181750,-1.850479
0.182250,1.032797
0.182750,-3.369327
0.183250,-0.388062
0.183750,1.691348
0.184250,-2.014543
0.184750,3.127456
0.185250,2.678099
0.185750,-3.081805
0.186250,-4.083702
0.186750,-2.444604
0.187250,-1.162280
0.187750,-0.630853
0.188250,-1.117683
0.188750,-3.885617
0.189250,-1.178640
0.189750,-4.668186
0.190250,-2.937661
0.190750,-0.906389
0.191250,3.663862
0.191750,0.013985
0.192250,-0.443117
0.192750,-6.243695
0.193250,0.469881
0.193750,-4.204320
0.194250,2.356446
0.194750,-4.001787
0.195250,-8.241187
0.195750,5.037925
0.196250,-0.295201
0.196750,-1.646244
0.197250,3.368920
0.197750,-1.272706
0.198250,-5.059990
0.198750,-0.477799
0.199250,-1.215421
0.199750,-1.499753
0.200250,1.469591
0.200750,-2.437595
0.201250,-3.980607
0.201750,-0.015875
0.202250,-1.267209
0.202750,-3.767600
0.203250,-4.263492
0.203750,0.633888
0.204250,1.124888
0.204750,-3.148173
0.205250,4.346286
0.205750,-0.764830
0.206250,3.115745
0.206750,-4.515700
0.207250,1.859544
0.207750,-3.857397
0.208250,0.629888
0.208750,0.845586
0.209250,-0.698250
0.209750,-0.546667
0.210250,-1.533331
0.210750,-1.830198
0.211250,-4.887273
0.211750,5.300817
0.212250,2.951945
0.212750,-0.092914
0.213250,3.159701
0.213750,-1.218626
0.214250,-2.978726
0.214750,-4.937073
0.215250,1.988180
0.215750,1.228588
0.216250,3.342626
0.216750,1.616777
0.217250,-7.682770
0.217750,2.212430
0.218250,0.477116
0.218750,3.944198
0.219250,0.043011
0.219750,-6.799262
0.220250,2.972364
0.220750,-2.662110
0.221250,-3.236971
0.221750,-1.583653
0.222250,0.737447
0.222750,1.349896
0.223250,-0.026318
0.223750,-2.009521
0.224250,0.916308
0.224750,0.127303
0.225250,3.097898
0.225750,-4.880078
0.226250,-0.836481
0.226750,1.915777
0.227250,2.218958
0.227750,2.568161
0.228250,-3.693905
0.228750,1.627737
0.229250,2.135481
0.229750,5.707063
0.230250,-0.267381
0.230750,7.433725
0.231250,7.501943
0.231750,2.468384
0.232250,7.677388
0.232750,-1.018839
0.233250,3.093102
0.233750,1.120983
0.234250,2.273871
0.234750,-1.357623
0.235250,-0.804455
0.235750,-7.014936
0.236250,-5.518192
0.236750,-0.510292
0.237250,2.992906
0.237750,-6.904498
0.238250,-0.935533
0.238750,2.900108
0.239250,-3.241081
0.239750,1.014092
0.240250,0.092929
0.240750,-1.484653
0.241250,1.305516
0.241750,2.457478
0.242250,-2.581167
0.242750,-3.739130
0.243250,0.969233
0.243750,-1.026426
0.244250,-8.829376
0.244750,-1.740642
0.245250,-1.272903
0.245750,0.282691
0.246250,-0.223678
0.246750,0.217879
0.247250,5.980908
0.247750,-6.368847
0.248250,-2.754696
0.248750,-3.198505
0.249250,0.156792
0.249750,3.184327
0.250250,7.772498
0.250750,-4.129707
0.251250,-0.649814
0.251750,8.599587
0.252250,0.398813
0.252750,2.698199
0.253250,-2.320499
0.253750,0.268000
0.254250,-1.735622
0.254750,-4.568900
0.255250,3.146990
0.255750,-3.491920
0.256250,-2.356872
0.256750,2.843343
0.257250,-2.792956
0.257750,-3.663290
0.258250,3.362128
0.258750,-1.861919
0.259250,-2.951336
0.259750,6.294986
0.260250,0.084698
0.260750,-1.626677
0.261250,-2.788384
0.261750,1.345240
0.262250,1.136735
0.262750,5.491817
0.263250,-0.001435
0.263750,4.927607
0.264250,-0.460163
0.264750,1.721423
0.265250,-2.554919
0.265750,-0.293350
0.266250,4.311938
0.266750,-9.230899
0.267250,2.527791
0.267750,-0.517141
0.268250,3.686331
0.268750,3.653146
0.269250,1.879056
0.269750,-0.669366
0.270250,1.794177
0.270750,-1.944316
0.271250,0.403271
0.271750,2.926608
0.272250,2.629109
0.272750,-6.542355
0.273250,-4.443806
0.273750,7.228536
0.274250,8.193523
0.274750,-1.868793
0.275250,-0.088207
0.275750,2.640523
0.276250,0.504605
0.276750,0.792457
0.277250,-6.075861
0.277750,-1.919872
0.278250,1.256740
0.278750,3.592226
0.279250,-0.435966
0.279750,-0.678454
0.280250,-4.593211
0.280750,1.197524
0.281250,-2.264846
0.281750,3.870714
0.282250,8.435514
0.282750,4.408913
0.283250,0.724295
0.283750,2.227316
0.284250,7.732359
0.284750,3.532950
0.285250,4.349579
0.285750,-5.950830
0.286250,-3.264099
0.286750,-7.453056
0.287250,2.257699
0.287750,-7.464840
0.288250,-2.506325
0.288750,-1.574341
0.289250,3.201522
0.289750,3.760150
0.290250,-1.597829
0.290750,-1.425701
0.291250,7.522239
0.291750,4.490663
0.292250,-2.755191
0.292750,-5.625430
0.293250,6.532999
0.293750,-7.575230
0.294250,7.177366
0.294750,1.025595
0.295250,-0.606539
0.295750,-8.714821
0.296250,-4.077682
0.296750,0.659226
0.297250,-4.312898
0.297750,-4.408032
0.298250,-4.414467
0.298750,4.373051
0.299250,0.723887
0.299750,-4.740273
0.300250,-0.628727
0.300750,4.303006
0.301250,-4.420459
0.301750,4.628235
0.302250,3.357365
0.302750,-3.424138
0.303250,1.875617
0.303750,1.879064
0.304250,3.038400
0.304750,8.363766
0.305250,-4.161548
0.305750,-2.144851
0.306250,-6.807501
0.306750,-1.576707
0.307250,-5.269453
0.307750,0.019730
0.308250,-2.794785
0.308750,-4.105669
0.309250,-9.938550
0.309750,-1.997340
0.310250,-2.805059
0.310750,-2.551016
0.311250,-0.696465
0.311750,0.774672
0.312250,6.098005
0.312750,0.335412
0.313250,-3.349018
0.313750,-4.982203
0.314250,0.906298
0.314750,3.889041
0.315250,5.872503
0.315750,-4.780495
0.316250,1.511297
0.316750,3.466121
0.317250,-1.307233
0.317750,1.409353
0.318250,-13.649132
0.318750,-0.195780
0.319250,2.114869
0.319750,-7.994224
0.320250,0.787355
0.320750,-2.495821
0.321250,1.805189
0.321750,-1.107499
0.322250,-1.483855
0.322750,0.909602
0.323250,-4.336338
0.323750,4.349338
0.324250,5.805387
0.324750,-0.455980
0.325250,-4.698529
0.325750,3.001196
0.326250,3.077251
0.326750,4.790928
0.327250,5.772248
0.327750,-1.873739
0.328250,-3.933276
0.328750,-0.581880
0.329250,4.057518
0.329750,-6.252281
0.330250,0.918967
0.330750,-4.322826
0.331250,-0.281911
0.331750,0.299578
0.332250,-0.513768
0.332750,-7.404928
0.333250,-3.442287
0.333750,7.795555
0.334250,-12.017516
0.334750,-3.236870
0.335250,-0.726714
0.335750,-6.729671
0.336250,-5.144311
0.336750,-2.897200
0.337250,-2.503245
0.337750,2.022476
0.338250,-1.326697
0.338750,-1.016871
0.339250,-0.664042
0.339750,-0.250312
0.340250,0.411433
0.340750,2.690421
0.341250,0.366628
0.341750,-6.460589
0.342250,1.032408
0.342750,2.932806
0.343250,4.156298
0.343750,6.654258
0.344250,-1.434068
0.344750,6.341741
0.345250,-0.962172
0.345750,-3.023953
0.346250,-3.220810
0.346750,-2.149990
0.347250,0.473307
0.347750,-7.487798
0.348250,1.786590
0.348750,-0.201648
0.349250,4.616551
0.349750,-6.021470
0.350250,7.358373
0.350750,-3.148014
0.351250,-5.727638
0.351750,4.347470
0.352250,-5.178478
0.352750,-0.975670
0.353250,1.568190
0.353750,1.836444
0.354250,-1.648430
0.354750,14.396956
0.355250,-4.187552
0.355750,4.833069
0.356250,2.937616
0.356750,1.659684
0.357250,0.925133
0.357750,2.805447
0.358250,8.907525
0.358750,6.530435
0.359250,12.201749
0.359750,2.613552
0.360250,-4.404428
0.360750,-2.437718
0.361250,-0.225503
0.361750,3.573359
0.362250,0.110993
0.362750,3.116808
0.363250,5.428751
0.363750,3.072934
0.364250,-4.918306
0.364750,0.881088
0.365250,8.612213
0.365750,7.444441
0.366250,2.857761
0.366750,-0.592314
0.367250,-7.716274
0.367750,6.432733
0.368250,0.374530
0.368750,-2.368415
0.369250,-3.286683
0.369750,-4.598441
0.370250,1.018003
0.370750,-0.131824
0.371250,6.105955
0.371750,-1.616883
0.372250,-3.096089
0.372750,-2.436088
0.373250,4.548251
0.373750,-0.823925
0.374250,-12.097691
0.374750,2.426987
0.375250,-0.299081
0.375750,-4.773065
0.376250,-0.593070
0.376750,7.100449
0.377250,5.444333
0.377750,-4.083158
0.378250,1.580796
0.378750,4.548869
0.379250,-4.337338
0.379750,3.038742
0.380250,-6.420672
0.380750,1.082928
0.381250,6.691633
0.381750,-4.553391
0.382250,2.027787
0.382750,0.835991
0.383250,-3.129141
0.383750,-1.113788
0.384250,4.331685
0.384750,2.888964
0.385250,1.256580
0.385750,3.390959
0.386250,0.212446
0.386750,0.560281
0.387250,-4.263316
0.387750,-0.418061
0.388250,0.683797
0.388750,1.443349
0.389250,7.181827
0.389750,2.682439
0.390250,9.296348
0.390750,5.250914
0.391250,1.359333
0.391750,0.655761
0.392250,4.002635
0.392750,1.913379
0.393250,-0.476355
0.393750,4.207949
0.394250,5.635284
0.394750,3.339122
0.395250,8.262203
0.395750,0.178723
0.396250,3.601687
0.396750,-7.570147
0.397250,8.022938
0.397750,1.575409
0.398250,7.640628
0.398750,1.087581
0.399250,5.421328
0.399750,2.439262
0.400250,9.298463
0.400750,14.569619
0.401250,0.058709
0.401750,3.651872
0.402250,5.947582
0.402750,-9.657993
0.403250,1.482531
0.403750,2.691054
0.404250,-1.045257
0.404750,6.582566
0.405250,0.367379
0.405750,-3.331060
0.406250,4.366650
0.406750,3.349408
0.407250,0.899314
0.407750,4.238828
0.408250,-0.508248
0.408750,5.242810
0.409250,0.589058
0.409750,-2.666480
0.410250,-1.617514
0.410750,3.308341
0.411250,1.409350
0.411750,3.627340
0.412250,-6.438728
0.412750,-0.325283
0.413250,-4.221220
0.413750,-1.591768
0.414250,-1.381992
0.414750,4.638270
0.415250,5.231910
0.415750,1.604386
0.416250,6.765404
0.416750,10.604834
0.417250,-3.269353
0.417750,1.414874
0.418250,5.267842
0.418750,-4.616186
0.419250,8.433664
0.419750,-1.057162
0.420250,4.574527
0.420750,-2.326414
0.421250,4.133670
0.421750,-1.000905
0.422250,3.571907
0.422750,-7.968740
0.423250,1.915227
0.423750,5.393596
0.424250,4.616122
0.424750,0.989732
0.425250,-7.724096
0.425750,-4.698584
0.426250,4.931415
0.426750,1.503540
0.427250,-1.521730
0.427750,-1.586694
0.428250,-4.792239
0.428750,0.450300
0.429250,3.416180
0.429750,0.861642
0.430250,10.352729
0.430750,2.014731
0.431250,-7.045644
0.431750,1.415015
0.432250,3.184190
0.432750,-1.958959
0.433250,2.024337
0.433750,-1.865344
0.434250,0.819582
0.434750,5.450236
0.435250,4.745081
0.435750,-1.650050
0.436250,-6.093729
0.436750,5.489802
0.437250,2.122871
0.437750,-11.787003
0.438250,0.886527
0.438750,-0.067285
0.439250,1.928325
0.439750,-2.530115
0.440250,0.518144
0.440750,-4.867501
0.441250,1.278184
0.441750,-1.838249
0.442250,-9.535814
0.442750,7.093724
0.443250,-2.471848
0.443750,-4.688988
0.444250,-2.508119
0.444750,3.319938
0.445250,1.420671
0.445750,2.624096
0.446250,-3.674473
0.446750,-4.526796
0.447250,11.551999
0.447750,4.605584
0.448250,3.874837
0.448750,8.184654
0.449250,0.670139
0.449750,4.080709
0.450250,7.124698
0.450750,14.288825
0.451250,0.403981
0.451750,-4.907867
0.452250,8.064835
0.452750,5.168349
0.453250,3.041137
0.453750,-3.214491
0.454250,-7.265849
0.454750,1.424381
0.455250,10.704184
0.455750,13.480563
0.456250,-0.373260
0.456750,-2.498955
0.457250,1.203142
0.457750,10.428644
0.458250,-0.712385
0.458750,-1.452443
0.459250,-2.250363
0.459750,-0.205580
0.460250,4.724210
0.460750,-1.186818
0.461250,3.148225
0.461750,-1.646634
0.462250,0.692114
0.462750,9.389750
0.463250,10.618564
0.463750,5.105064
0.464250,-1.670610
0.464750,-1.619875
0.465250,6.557742
0.465750,6.006997
0.466250,8.973207
0.466750,0.596241
0.467250,5.277168
0.467750,-7.277049
0.468250,11.736955
0.468750,0.910217
0.469250,3.118828
0.469750,12.641350
0.470250,3.597424
0.470750,-7.446427
0.471250,7.903724
0.471750,4.211783
0.472250,0.166906
0.472750,2.060219
0.473250,10.277977
0.473750,13.588939
0.474250,8.084615
0.474750,-2.922209
0.475250,3.272889
0.475750,4.445292
0.476250,-1.624485
0.476750,-0.018044
0.477250,4.959241
0.477750,-1.026258
0.478250,0.874364
0.478750,4.870330
0.479250,-0.828742
0.479750,-2.603277
0.480250,-6.617640
0.480750,5.252461
0.481250,9.112866
0.481750,0.234028
0.482250,10.704317
0.482750,9.480117
0.483250,-0.343512
0.483750,-3.051832
0.484250,1.074612
0.484750,5.647880
0.485250,2.785524
0.485750,0.200553
0.486250,0.954734
0.486750,4.086694
0.487250,-3.910106
0.487750,12.750683
0.488250,-2.354910
0.488750,3.683698
0.489250,-6.897082
0.489750,2.705238
0.490250,1.501704
0.490750,6.232376
0.491250,8.457560
0.491750,5.122065
0.492250,2.296247
0.492750,12.956791
0.493250,4.586278
0.493750,3.918670
0.494250,5.018737
0.494750,5.020740
0.495250,2.958136
0.495750,2.920199
0.496250,14.627775
0.496750,1.112800
0.497250,-3.150689
0.497750,3.576447
0.498250,8.185063
0.498750,5.539426
0.499250,3.249368
0.499750,8.590753
0.500250,-5.817990
0.500750,3.025256
0.501250,3.350139
0.501750,14.196922
0.502250,3.922388
0.502750,0.646771
0.503250,2.080916
0.503750,-0.530273
0.504250,7.199851
0.504750,-1.512828
0.505250,4.272606
0.505750,1.478483
0.506250,2.215391
0.506750,6.251598
0.507250,-0.890336
0.507750,-2.433854
0.508250,-1.885505
0.508750,5.724020
0.509250,0.293923
0.509750,3.927970
0.510250,1.363668
0.510750,-1.411696
0.511250,-0.455686
0.511750,2.252641
0.512250,5.098254
0.512750,-2.199245
0.513250,7.762086
0.513750,-5.292415
0.514250,2.830596
0.514750,6.379391
0.515250,0.557007
0.515750,-0.376591
0.516250,8.366932
0.516750,-5.057350
0.517250,-2.264057
0.517750,4.012501
0.518250,-5.862621
0.518750,-8.293593
0.519250,0.023080
0.519750,4.781438
0.520250,0.644267
0.520750,8.768137
0.521250,4.949705
0.521750,5.722016
0.522250,9.507694
0.522750,-7.881520
0.523250,0.779473
0.523750,9.380170
0.524250,-0.665059
0.524750,-1.128492
0.525250,-1.180105
0.525750,5.765421
0.526250,0.825630
0.526750,-6.382250
0.527250,12.071567
0.527750,2.201696
0.528250,0.247524
0.528750,0.141218
0.529250,2.528011
0.529750,0.916706
0.530250,7.063289
0.530750,0.945635
0.531250,1.428749
0.531750,-3.487788
0.532250,-8.983147
0.532750,4.731688
0.533250,6.196303
0.533750,3.203149
0.534250,-0.827756
0.534750,1.353612
0.535250,6.123843
0.535750,5.937955
0.536250,-4.918080
0.536750,-5.913642
0.537250,1.891941
0.537750,6.030985
0.538250,10.081635
0.538750,-3.965300
0.539250,0.024417
0.539750,-1.316865
0.540250,-0.139017
0.540750,-4.880017
0.541250,-11.163703
0.541750,7.639975
0.542250,2.428081
0.542750,-6.176087
0.543250,-0.560249
0.543750,-0.233479
0.544250,-3.228477
0.544750,-1.771358
0.545250,1.424758
0.545750,3.908411
0.546250,-1.071542
0.546750,4.490864
0.547250,-2.378773
0.547750,4.848168
0.548250,2.609201
0.548750,6.792684
0.549250,-2.322001
0.549750,12.912406
0.550250,-4.048907
0.550750,-7.404825
0.551250,3.699100
0.551750,-4.508022
0.552250,3.070447
0.552750,1.924704
0.553250,8.605233
0.553750,-6.245117
0.554250,-2.058826
0.554750,12.968201
0.555250,-1.022852
0.555750,5.210322
0.556250,-5.567869
0.556750,-7.760631
0.557250,-1.235855
0.557750,2.569107
0.558250,0.610900
0.558750,-11.602670
0.559250,5.284112
0.559750,0.450568
0.560250,-0.596089
0.560750,2.676648
0.561250,-6.763726
0.561750,-0.301591
0.562250,-10.969964
0.562750,-5.270844
0.563250,-1.049493
0.563750,-0.129370
0.564250,2.891494
0.564750,4.571560
0.565250,8.749146
0.565750,-0.808500
0.566250,8.147843
0.566750,5.359529
0.567250,-1.887208
0.567750,14.133073
0.568250,-5.354937
0.568750,2.930520
0.569250,7.103887
0.569750,-2.138789
0.570250,2.184739
0.570750,-4.481113
0.571250,6.210315
0.571750,4.513631
0.572250,1.823781
0.572750,0.206567
0.573250,-10.034832
0.573750,-1.704944
0.574250,2.954012
0.574750,1.746387
0.575250,-0.009285
0.575750,4.628119
0.576250,5.055508
0.576750,-2.471693
0.577250,2.951368
0.577750,3.551141
0.578250,3.708896
0.578750,-0.124214
0.579250,-1.166123
0.579750,-4.906589
0.580250,-5.161415
0.580750,0.600540
0.581250,0.086151
0.581750,1.659038
0.582250,0.099261
0.582750,-0.080728
0.583250,-7.519078
0.583750,1.822762
0.584250,0.124958
0.584750,5.068423
0.585250,-3.604170
0.585750,-9.438151
0.586250,-1.813431
0.586750,-1.707608
0.587250,-0.823980
0.587750,-7.326195
0.588250,-15.181573
0.588750,-8.336497
0.589250,-7.714099
0.589750,-2.981044
0.590250,4.666309
0.590750,1.107276
0.591250,-2.068329
0.591750,-1.230505
0.592250,1.737012
0.592750,-0.204235
0.593250,1.504253
0.593750,-3.954435
0.594250,-4.839293
0.594750,3.040172
0.595250,-6.961947
0.595750,3.172747
0.596250,5.398575
0.596750,13.885536
0.597250,-3.685762
0.597750,4.261092
0.598250,3.414840
0.598750,6.255130
0.599250,-0.113683
0.599750,-10.007925
0.600250,10.981162
0.600750,-5.251629
0.601250,12.304193
0.601750,-7.578177
0.602250,1.823577
0.602750,-7.785272
0.603250,-5.039558
0.603750,4.209868
0.604250,1.144061
0.604750,2.157016
0.605250,-5.811045
0.605750,-1.876651
0.606250,1.249274
0.606750,4.748561
0.607250,-2.246701
0.607750,-9.135995
0.608250,-1.232938
0.608750,3.761958
0.609250,4.143829
0.609750,-0.776266
0.610250,-4.122867
0.610750,1.274458
0.611250,-0.574755
0.611750,0.361310
0.612250,-3.308493
0.612750,-4.174170
0.613250,-8.429140
0.613750,10.537285
0.614250,-9.985088
0.614750,-4.244016
0.615250,-12.286225
0.615750,-9.406805
0.616250,-3.429278
0.616750,0.072660
0.617250,-12.697648
0.617750,-2.436847
0.618250,-4.055972
0.618750,-0.372058
0.619250,0.976464
0.619750,-0.197761
0.620250,-8.026023
0.620750,-5.311287
0.621250,-5.003617
0.621750,8.568411
0.622250,-2.744335
0.622750,-6.576876
0.623250,2.197035
0.623750,4.844115
0.624250,2.463840
0.624750,-1.385367
0.625250,-2.512040
0.625750,7.411109
0.626250,4.168113
0.626750,2.084223
0.627250,0.118072
0.627750,4.398488
0.628250,-0.622312
0.628750,3.988444
0.629250,1.715272
0.629750,7.592390
0.630250,1.208345
0.630750,-2.940072
0.631250,0.271747
0.631750,-5.504264
0.632250,-3.146544
0.632750,-3.941477
0.633250,6.981455
0.633750,-2.545494
0.634250,1.960572
0.634750,6.004578
0.635250,4.742946
0.635750,4.604243
0.636250,5.876967
0.636750,0.114831
0.637250,1.295924
0.637750,-8.776553
0.638250,-3.344761
0.638750,-9.877818
0.639250,7.399222
0.639750,8.807431
0.640250,5.704013
0.640750,-1.148000
0.641250,6.369256
0.641750,-2.680704
0.642250,3.997196
0.642750,-3.782376
0.643250,3.022011
0.643750,2.125869
0.644250,-3.493963
0.644750,-4.345913
0.645250,-6.745979
0.645750,1.499944
0.646250,-3.813870
0.646750,-1.646172
0.647250,10.490199
0.647750,-3.538317
0.648250,-6.323342
0.648750,7.667560
0.649250,-8.981921
0.649750,2.855732
0.650250,-0.553525
0.650750,1.580726
0.651250,-8.234059
0.651750,2.035291
0.652250,3.999503
0.652750,-7.376171
0.653250,4.567734
0.653750,-0.833863
0.654250,-3.831234
0.654750,0.884078
0.655250,-5.373122
0.655750,16.028725
0.656250,-0.760845
0.656750,7.097136
0.657250,0.185937
0.657750,1.578117
0.658250,-13.859592
0.658750,-3.520373
0.659250,-0.694762
0.659750,-6.662426
0.660250,-12.101818
0.660750,-3.779284
0.661250,4.496972
0.661750,-11.637256
0.662250,2.600756
0.662750,-2.514446
0.663250,-6.001374
0.663750,4.062071
0.664250,-3.696318
0.664750,-9.916751
0.665250,-0.459683
0.665750,-1.490993
0.666250,-0.429981
0.666750,7.033891
0.667250,8.656014
0.667750,4.859803
0.668250,-10.745268
0.668750,-12.580022
0.669250,0.368719
0.669750,5.072513
0.670250,-13.813210
0.670750,3.224391
0.671250,5.963867
0.671750,3.935067
0.672250,-10.044986
0.672750,-8.582429
0.673250,4.084255
0.673750,-3.872190
0.674250,-8.971587
0.674750,-6.453520
0.675250,-13.453417
0.675750,5.235809
0.676250,-10.648391
0.676750,13.300887
0.677250,-0.824855
0.677750,-3.902226
0.678250,-5.348438
0.678750,6.000252
0.679250,-7.979996
0.679750,-10.219784
0.680250,-4.058181
0.680750,-1.256818
0.681250,3.646222
0.681750,-3.935832
0.682250,2.058352
0.682750,-6.133277
0.683250,-1.441745
0.683750,1.414803
0.684250,1.339989
0.684750,-8.594050
0.685250,-4.483678
0.685750,5.287497
0.686250,-1.941874
0.686750,7.474094
0.687250,0.392424
0.687750,-7.510334
0.688250,-1.536730
0.688750,-11.680743
0.689250,-6.891357
0.689750,1.251266
0.690250,3.397505
0.690750,1.940120
0.691250,-6.572179
0.691750,-1.916211
0.692250,-11.270515
0.692750,-5.292126
0.693250,-2.045488
0.693750,1.238422
0.694250,-6.692882
0.694750,0.381623
0.695250,-11.709951
0.695750,-5.216703
0.696250,-4.853198
0.696750,-2.581047
0.697250,-6.537480
0.697750,1.601937
0.698250,4.328251
0.698750,-4.343016
0.699250,-2.090921
0.699750,3.866531
0.700250,9.046245
0.700750,2.316788
0.701250,2.908917
0.701750,-3.078915
0.702250,-6.228468
0.702750,-6.678961
0.703250,-2.208958
0.703750,7.626622
0.704250,-0.197772
0.704750,-3.304094
0.705250,-13.985351
0.705750,-3.926123
0.706250,-5.616110
0.706750,-3.286512
0.707250,2.833144
0.707750,-5.607080
0.708250,-5.634299
0.708750,-8.355605
0.709250,0.218816
0.709750,-7.729154
0.710250,-4.851557
0.710750,12.733583
0.711250,-10.785064
0.711750,-6.208630
0.712250,-3.841223
0.712750,-12.811744
0.713250,1.234277
0.713750,-3.762888
0.714250,-1.558875
0.714750,-11.374988
0.715250,-0.436671
0.715750,-3.447836
0.716250,-12.904172
0.716750,3.338490
0.717250,2.238888
0.717750,-2.317099
0.718250,-13.407111
0.718750,5.047402
0.719250,7.010344
0.719750,-0.195089
0.720250,3.023113
0.720750,14.687144
0.721250,-10.641217
0.721750,-6.174460
0.722250,6.380802
0.722750,-5.517563
0.723250,-3.186201
0.723750,0.030484
0.724250,-1.250876
0.724750,0.101925
0.725250,0.902778
0.725750,14.428523
0.726250,-7.743461
0.726750,3.114109
0.727250,-1.544973
0.727750,-8.043551
0.728250,5.800312
0.728750,-7.636460
0.729250,-6.268529
0.729750,-7.387067
0.730250,-8.553481
0.730750,4.361564
0.731250,0.988349
0.731750,5.926839
0.732250,2.601703
0.732750,0.190339
0.733250,6.508389
0.733750,-9.209104
0.734250,-4.297291
0.734750,-3.698222
0.735250,-9.593925
0.735750,-7.363040
0.736250,-7.095837
0.736750,-2.902561
0.737250,0.284727
0.737750,2.547009
0.738250,4.236234
0.738750,4.498003
0.739250,-1.001046
0.739750,-2.252430
0.740250,-11.392899
0.740750,-1.193209
0.741250,6.322879
0.741750,4.646147
0.742250,2.852944
0.742750,10.927770
0.743250,4.502223
0.743750,-1.327497
0.744250,-7.303631
0.744750,-0.360926
0.745250,-12.146764
0.745750,2.037044
0.746250,-5.429385
0.746750,-4.503923
0.747250,-5.346512
0.747750,-1.399149
0.748250,-5.468767
0.748750,-1.348176
0.749250,-1.417351
0.749750,3.671974
0.750250,6.212059
0.750750,-8.782893
0.751250,-11.076690
0.751750,-13.782047
0.752250,-10.152247
0.752750,-5.044694
0.753250,-5.546236
0.753750,0.948278
0.754250,-1.427400
0.754750,-6.777378
0.755250,2.821395
0.755750,-7.036670
0.756250,7.094486
0.756750,-14.566807
0.757250,-16.928415
0.757750,0.396299
0.758250,-1.490177
0.758750,-11.922736
0.759250,-6.783191
0.759750,-3.175828
0.760250,-2.867158
0.760750,-4.730964
0.761250,-5.667100
0.761750,-2.126177
0.762250,-3.056414
0.762750,-2.269713
0.763250,-9.423441
0.763750,-5.272832
0.764250,-5.610601
0.764750,-9.258684
0.765250,-6.397623
0.765750,-16.458008
0.766250,-9.146312
0.766750,0.353822
0.767250,-7.760321
0.767750,-8.606190
0.768250,0.120593
0.768750,1.035524
0.769250,-1.214553
0.769750,0.613279
0.770250,-1.888350
0.770750,1.770946
0.771250,-7.269695
0.771750,-6.873821
0.772250,-6.006379
0.772750,-10.088740
0.773250,-8.035445
0.773750,-3.093518
0.774250,-9.029982
0.774750,-5.866862
0.775250,-8.293280
0.775750,-2.974844
0.776250,-2.342477
0.776750,2.369519
0.777250,3.571868
0.777750,-13.753713
0.778250,1.913122
0.778750,-8.523291
0.779250,-16.419904
0.779750,-11.225907
0.780250,-2.985789
0.780750,-7.494385
0.781250,-15.406279
0.781750,-10.604996
0.782250,-14.578471
0.782750,4.642479
0.783250,-2.844491
0.783750,-1.173764
0.784250,-3.404958
0.784750,-5.469502
0.785250,-2.936582
0.785750,-10.249868
0.786250,1.573610
0.786750,-2.511494
0.787250,-4.582113
0.787750,2.081390
0.788250,5.080019
0.788750,4.615290
0.789250,-0.472376
0.789750,-3.191968
0.790250,3.423449
0.790750,-8.999253
0.791250,-16.673247
0.791750,2.795392
0.792250,0.306952
0.792750,4.097120
0.793250,-6.802388
0.793750,1.888166
0.794250,-9.790809
0.794750,0.612140
0.795250,-1.734821
0.795750,3.011141
0.796250,-4.302083
0.796750,-7.862789
0.797250,-6.725246
0.797750,-8.958120
0.798250,12.123649
0.798750,-6.936151
0.799250,-7.625100
0.799750,0.073524
0.800250,-14.846091
0.800750,-6.840607
0.801250,-8.549352
0.801750,-2.897276
0.802250,-6.631804
0.802750,-7.957453
0.803250,-11.191791
0.803750,-2.830279
0.804250,-11.009777
0.804750,-0.902626
0.805250,-0.235863
0.805750,-5.439244
0.806250,-1.874449
0.806750,-10.434546
0.807250,-11.380924
0.807750,-6.825854
0.808250,-7.589344
0.808750,-0.863364
0.809250,1.880718
0.809750,3.126850
0.810250,-1.459933
0.810750,-12.310408
0.811250,-10.272463
0.811750,-2.217872
0.812250,3.232189
0.812750,-5.166911
0.813250,-0.584554
0.813750,0.135397
0.814250,-5.841912
0.814750,-7.163007
0.815250,4.404732
0.815750,1.068846
0.816250,-1.808596
0.816750,12.355200
0.817250,0.300324
0.817750,-2.703367
0.818250,0.597411
0.818750,-10.596658
0.819250,-6.061054
0.819750,-9.542892
0.820250,-3.061083
0.820750,-3.702790
0.821250,-4.521384
0.821750,-9.983458
0.822250,7.899518
0.822750,-10.355035
0.823250,-4.539871
0.823750,-4.531573
0.824250,-21.049537
0.824750,0.421855
0.825250,-2.008906
0.825750,-0.953337
0.826250,2.558499
0.826750,-1.603222
0.827250,-6.335639
0.827750,8.052192
0.828250,-1.174991
0.828750,5.458654
0.829250,-2.394377
0.829750,-5.440845
0.830250,-2.110679
0.830750,-0.970901
0.831250,-0.531682
0.831750,-8.337036
0.832250,4.243693
0.832750,-9.743796
0.833250,5.000436
0.833750,-0.881647
0.834250,7.599481
0.834750,-3.705105
0.835250,-9.179607
0.835750,-2.262505
0.836250,5.465432
0.836750,-14.940032
0.837250,-5.065623
0.837750,-6.059032
0.838250,-8.527964
0.838750,7.684451
0.839250,0.291097
0.839750,3.703360
0.840250,-13.091878
0.840750,-3.047298
0.841250,-3.158417
0.841750,-1.094112
0.842250,-4.659139
0.842750,-11.878297
0.843250,-5.090380
0.843750,6.159424
0.844250,-11.416293
0.844750,-4.170539
0.845250,-19.306838
0.845750,-10.438840
0.846250,-2.419377
0.846750,5.271220
0.847250,5.829458
0.847750,-2.615328
0.848250,1.042736
0.848750,2.620582
0.849250,-8.102893
0.849750,-5.395377
0.850250,-4.987042
0.850750,5.068368
0.851250,2.828516
0.851750,-6.396953
0.852250,-6.546244
0.852750,1.854293
0.853250,3.343691
0.853750,0.378974
0.854250,9.548426
0.854750,-3.656676
0.855250,-14.715092
0.855750,5.875673
0.856250,0.571008
0.856750,12.062113
0.857250,-2.179376
0.857750,7.808985
0.858250,4.142284
0.858750,-1.216064
0.859250,-1.468047
0.859750,-20.460130
0.860250,-2.365393
0.860750,-11.272795
0.861250,-1.176128
0.861750,5.051383
0.862250,3.836381
0.862750,6.183704
0.863250,4.335699
0.863750,0.572218
0.864250,-3.775818
0.864750,0.560531
0.865250,-2.538179
0.865750,2.740744
0.866250,7.572929
0.866750,0.008287
0.867250,-1.280148
0.867750,-11.523618
0.868250,3.056721
0.868750,1.559876
0.869250,1.110756
0.869750,-4.618327
0.870250,-10.124299
0.870750,-3.590809
0.871250,5.202013
0.871750,2.157928
0.872250,-11.126211
0.872750,-3.934105
0.873250,-1.918173
0.873750,-1.826318
0.874250,-10.779019
0.874750,-6.008184
0.875250,-8.240883
0.875750,-11.552209
0.876250,0.526784
0.876750,-16.239699
0.877250,-4.281676
0.877750,1.213773
0.878250,0.595409
0.878750,-9.238048
0.879250,0.299915
0.879750,6.144571
0.880250,-5.144880
0.880750,5.147464
0.881250,-7.724627
0.881750,-5.851391
0.882250,-9.442910
0.882750,-10.621716
0.883250,1.632740
0.883750,6.776914
0.884250,0.841819
0.884750,-6.702489
0.885250,-0.549312
0.885750,-7.287174
0.886250,-2.646091
0.886750,-8.486580
0.887250,2.075553
0.887750,-3.588244
0.888250,-8.636938
0.888750,-1.043085
0.889250,-4.390028
0.889750,-8.731001
0.890250,-6.543175
0.890750,-11.061082
0.891250,1.049659
0.891750,-2.571420
0.892250,1.958388
0.892750,-1.808732
0.893250,-18.703280
0.893750,6.069841
0.894250,-10.389575
0.894750,-3.079040
0.895250,10.588649
0.895750,1.551436
0.896250,0.540001
0.896750,4.559348
0.897250,0.874252
0.897750,4.869883
0.898250,-4.740200
0.898750,-9.272316
0.899250,-8.063274
0.899750,5.140593
0.900250,-10.236016
0.900750,0.136173
0.901250,-19.769773
0.901750,-10.085027
0.902250,-3.281205
0.902750,5.283975
0.903250,0.779604
0.903750,1.107420
0.904250,-13.970792
0.904750,-10.542005
0.905250,1.997999
0.905750,-6.421376
0.906250,6.522906
0.906750,-2.342509
0.907250,0.091888
0.907750,-0.750495
0.908250,-2.980503
0.908750,-0.082275
0.909250,3.325017
0.909750,14.132693
0.910250,-2.577115
0.910750,-12.200943
0.911250,0.778783
0.911750,-2.027794
0.912250,-1.542267
0.912750,-2.851217
0.913250,4.896119
0.913750,0.321270
0.914250,1.695551
0.914750,-3.578608
0.915250,-2.420944
0.915750,2.865230
0.916250,4.239224
0.916750,2.344234
0.917250,-1.127332
0.917750,6.369653
0.918250,6.701518
0.918750,4.772406
0.919250,-4.839870
0.919750,-2.304868
0.920250,-2.580314
0.920750,6.259225
0.921250,-14.332808
0.921750,-9.639014
0.922250,0.477396
0.922750,6.410135
0.923250,10.461601
0.923750,-3.029192
0.924250,-2.236949
0.924750,2.997360
0.925250,-3.741698
0.925750,2.822855
0.926250,6.179103
0.926750,4.028892
0.927250,3.361729
0.927750,9.318285
0.928250,8.228587
0.928750,4.384549
0.929250,3.648107
0.929750,7.187147
0.930250,5.738415
0.930750,-1.342370
0.931250,-0.771267
0.931750,-0.198845
0.932250,-2.418235
0.932750,-0.986678
0.933250,10.890826
0.933750,-4.417908
0.934250,-5.494475
0.934750,5.246201
0.935250,-17.637770
0.935750,-3.542326
0.936250,-1.543481
0.936750,-9.197781
0.937250,0.761820
0.937750,5.841432
0.938250,3.936488
0.938750,4.932442
0.939250,-7.538533
0.939750,5.479834
0.940250,-8.245876
0.940750,-4.620036
0.941250,4.783904
0.941750,-2.524286
0.942250,-3.675679
0.942750,-6.198910
0.943250,9.049821
0.943750,-2.505134
0.944250,0.656404
0.944750,-14.471950
0.945250,13.324570
0.945750,3.021365
0.946250,-0.763448
0.946750,-15.078549
0.947250,-7.868445
0.947750,-9.199811
0.948250,5.903723
0.948750,-1.034091
0.949250,-1.970398
0.949750,-2.092355
0.950250,12.182196
0.950750,-4.874556
0.951250,-11.486249
0.951750,0.904000
0.952250,11.091370
0.952750,-3.633632
0.953250,1.019261
0.953750,-0.712284
0.954250,-6.534175
0.954750,-1.195736
0.955250,-2.187245
0.955750,-5.319087
0.956250,-16.129579
0.956750,-0.730565
0.957250,3.975305
0.957750,0.605118
0.958250,-3.082421
0.958750,-0.944479
0.959250,5.631742
0.959750,2.856967
0.960250,-3.818677
0.960750,1.689456
0.961250,-11.721497
0.961750,-0.572940
0.962250,-3.394918
0.962750,6.205838
0.963250,-12.559777
0.963750,-7.643242
0.964250,-3.775697
0.964750,-14.458726
0.965250,6.232104
0.965750,-4.794517
0.966250,-1.096590
0.966750,-0.215991
0.967250,-2.585962
0.967750,3.163409
0.968250,-1.069704
0.968750,-17.105471
0.969250,-0.051003
0.969750,-0.764667
0.970250,0.669566
0.970750,-1.117750
0.971250,-10.076266
0.971750,8.938877
0.972250,-12.353683
0.972750,-15.105437
0.973250,8.917940
0.973750,-3.650048
0.974250,1.171067
0.974750,-17.914695
0.975250,-2.422442
0.975750,0.006498
0.976250,-0.352301
0.976750,-9.681130
0.977250,-8.951755
0.977750,9.301041
0.978250,5.419360
0.978750,-14.221320
0.979250,-2.196263
0.979750,-7.342022
0.980250,-4.342898
0.980750,-8.102756
0.981250,0.220336
0.981750,-9.649908
0.982250,6.864949
0.982750,-4.162366
0.983250,-1.423996
0.983750,-3.800250
0.984250,5.065507
0.984750,-4.819494
0.985250,-3.357509
0.985750,-0.120572
0.986250,-5.177943
0.986750,0.612340
0.987250,-5.473152
0.987750,-9.561101
0.988250,-8.172334
0.988750,-11.242314
0.989250,8.630768
0.989750,2.594861
0.990250,-2.354404
0.990750,6.342907
0.991250,0.069031
0.991750,-9.921381
0.992250,7.380417
0.992750,-5.449746
0.993250,9.194620
0.993750,9.652320
0.994250,-6.413199
0.994750,-4.080192
0.995250,8.530234
0.995750,-0.352453
0.996250,-3.724994
0.996750,-3.365815
0.997250,-4.411272
0.997750,1.858189
0.998250,-2.102162
0.998750,-4.277972
0.999250,2.936815
0.999750,3.371692
