0.000250,0.081861
0.000750,0.135781
0.001250,0.098539
0.001750,-0.145057
0.002250,-0.154230
0.002750,-0.009254
0.003250,0.071125
0.003750,-0.035948
0.004250,0.131055
0.004750,0.279319
0.005250,0.347619
0.005750,0.315989
0.006250,0.165766
0.006750,0.177963
0.007250,0.168134
0.007750,0.123550
0.008250,0.126552
0.008750,0.035832
0.009250,0.051166
0.009750,-0.068022
0.010250,0.053332
0.010750,0.155840
0.011250,0.181445
0.011750,0.389135
0.012250,0.275368
0.012750,0.506837
0.013250,0.406797
0.013750,0.370406
0.014250,0.576147
0.014750,0.632093
0.015250,0.654100
0.015750,0.977055
0.016250,1.062756
0.016750,1.028925
0.017250,1.175136
0.017750,1.053285
0.018250,1.073068
0.018750,1.027595
0.019250,1.010531
0.019750,1.245227
0.020250,1.246890
0.020750,1.317033
0.021250,1.077022
0.021750,1.119568
0.022250,1.108726
0.022750,1.040198
0.023250,0.980404
0.023750,0.716470
0.024250,0.772927
0.024750,0.609057
0.025250,0.766273
0.025750,1.009439
0.026250,0.990116
0.026750,1.014862
0.027250,0.914739
0.027750,1.028635
0.028250,1.026955
0.028750,0.855763
0.029250,1.116288
0.029750,0.981237
0.030250,0.968145
0.030750,1.279440
0.031250,1.251213
0.031750,1.418944
0.032250,1.500970
0.032750,1.569549
0.033250,1.533726
0.033750,1.707149
0.034250,1.348321
0.034750,1.467371
0.035250,1.430529
0.035750,1.249003
0.036250,1.272141
0.036750,1.218987
0.037250,1.210147
0.037750,1.087676
0.038250,1.050257
0.038750,1.148627
0.039250,1.174282
0.039750,1.093413
0.040250,0.706605
0.040750,0.948821
0.041250,0.792623
0.041750,0.743546
0.042250,0.837252
0.042750,0.692862
0.043250,0.748475
0.043750,0.638991
0.044250,0.574539
0.044750,0.633161
0.045250,0.594241
0.045750,0.659517
0.046250,0.687414
0.046750,0.500504
0.047250,0.907780
0.047750,0.819645
0.048250,0.967471
0.048750,0.953065
0.049250,1.134045
0.049750,0.903282
0.050250,0.944643
0.050750,0.787882
0.051250,0.753796
0.051750,0.454456
0.052250,0.601170
0.052750,1.009335
0.053250,0.844696
0.053750,0.940417
0.054250,0.771441
0.054750,1.239344
0.055250,1.251555
0.055750,1.265090
0.056250,1.587832
0.056750,1.584393
0.057250,1.383501
0.057750,1.398401
0.058250,1.752758
0.058750,1.826281
0.059250,1.548243
0.059750,1.500706
0.060250,1.450037
0.060750,1.577478
0.061250,1.433519
0.061750,1.473207
0.062250,1.639408
0.062750,1.581974
0.063250,1.413218
0.063750,1.498868
0.064250,1.607576
0.064750,1.804232
0.065250,1.622948
0.065750,1.520313
0.066250,1.584922
0.066750,1.471520
0.067250,1.544644
0.067750,1.242298
0.068250,1.128229
0.068750,1.288801
0.069250,1.002739
0.069750,0.780421
0.070250,1.079641
0.070750,1.074175
0.071250,0.853883
0.071750,0.872666
0.072250,1.030894
0.072750,0.970245
0.073250,0.849690
0.073750,1.049435
0.074250,1.020921
0.074750,1.133683
0.075250,1.060571
0.075750,1.350193
0.076250,1.168306
0.076750,1.028519
0.077250,0.890945
0.077750,0.840965
0.078250,0.898527
0.078750,1.070473
0.079250,1.026368
0.079750,0.940588
0.080250,0.919055
0.080750,1.043659
0.081250,1.148767
0.081750,1.291591
0.082250,1.036863
0.082750,1.331849
0.083250,1.405556
0.083750,1.266941
0.084250,1.268870
0.084750,1.312361
0.085250,1.683038
0.085750,1.527778
0.086250,1.451169
0.086750,1.402910
0.087250,1.374092
0.087750,1.533982
0.088250,1.366459
0.088750,1.551969
0.089250,1.203285
0.089750,1.452809
0.090250,1.293774
0.090750,1.099808
0.091250,1.005391
0.091750,0.928436
0.092250,1.215477
0.092750,1.169460
0.093250,0.724442
0.093750,0.896969
0.094250,0.736245
0.094750,0.918898
0.095250,0.935306
0.095750,0.619325
0.096250,0.595506
0.096750,0.545383
0.097250,0.771320
0.097750,0.797197
0.098250,0.629170
0.098750,0.382162
0.099250,0.621999
0.099750,0.504490
0.100250,0.530928
0.100750,0.017136
0.101250,0.254100
0.101750,0.076193
0.102250,0.000854
0.102750,-0.346659
0.103250,-0.275126
0.103750,-0.455853
0.104250,0.101169
0.104750,-0.067959
0.105250,0.011537
0.105750,-0.033790
0.106250,-0.088007
0.106750,0.095840
0.107250,0.035100
0.107750,0.623667
0.108250,0.549775
0.108750,-0.101894
0.109250,0.518809
0.109750,0.803912
0.110250,0.412149
0.110750,0.200845
0.111250,0.372673
0.111750,0.337034
0.112250,0.564023
0.112750,0.584683
0.113250,0.399809
0.113750,0.591421
0.114250,0.241599
0.114750,0.538376
0.115250,0.465342
0.115750,0.229006
0.116250,0.133951
0.116750,0.388094
0.117250,0.217512
0.117750,0.328094
0.118250,0.468482
0.118750,0.507446
0.119250,0.320096
0.119750,0.755328
0.120250,1.085821
0.120750,1.091304
0.121250,1.049016
0.121750,0.817070
0.122250,0.841461
0.122750,1.093210
0.123250,1.054503
0.123750,1.170018
0.124250,1.000090
0.124750,1.107641
0.125250,1.254783
0.125750,1.082940
0.126250,0.635098
0.126750,0.683820
0.127250,0.549105
0.127750,0.583858
0.128250,0.903968
0.128750,0.709508
0.129250,0.868549
0.129750,0.819107
0.130250,0.655951
0.130750,0.904628
0.131250,0.948949
0.131750,0.725134
0.132250,1.053474
0.132750,0.791839
0.133250,0.854234
0.133750,1.249096
0.134250,1.388648
0.134750,0.982711
0.135250,0.973717
0.135750,0.518133
0.136250,0.321604
0.136750,0.760902
0.137250,0.362544
0.137750,0.410722
0.138250,0.442237
0.138750,-0.228323
0.139250,-0.141778
0.139750,0.320048
0.140250,-0.072510
0.140750,-0.057387
0.141250,-0.185390
0.141750,-0.087585
0.142250,-0.433231
0.142750,-0.053904
0.143250,-0.276631
0.143750,-0.338827
0.144250,-0.486322
0.144750,-0.550027
0.145250,-0.571978
0.145750,-0.067872
0.146250,-0.225564
0.146750,-0.280742
0.147250,-0.229509
0.147750,-0.024996
0.148250,-0.021660
0.148750,0.063114
0.149250,0.055291
0.149750,-0.165700
0.150250,-0.104562
0.150750,-0.228818
0.151250,-0.232160
0.151750,-0.211161
0.152250,0.043807
0.152750,-0.133018
0.153250,-0.054094
0.153750,-0.760700
0.154250,-0.226109
0.154750,-0.398713
0.155250,-0.257504
0.155750,-0.435365
0.156250,-0.362683
0.156750,-0.206727
0.157250,-0.145361
0.157750,0.022108
0.158250,-0.251783
0.158750,0.061462
0.159250,0.038713
0.159750,-0.174139
0.160250,0.308290
0.160750,0.287807
0.161250,0.335301
0.161750,0.359833
0.162250,0.431846
0.162750,0.551128
0.163250,0.098419
0.163750,0.305714
0.164250,0.611225
0.164750,0.128562
0.165250,0.517841
0.165750,0.585083
0.166250,0.201606
0.166750,-0.038224
0.167250,0.380095
0.167750,0.320237
0.168250,0.188722
0.168750,0.229215
0.169250,0.056736
0.169750,-0.148958
0.170250,-0.078753
0.170750,0.032102
0.171250,-0.339414
0.171750,-0.386165
0.172250,-0.345595
0.172750,-0.310935
0.173250,-0.302078
0.173750,-0.610423
0.174250,-0.384254
0.174750,-0.599979
0.175250,-0.393871
0.175750,-0.538361
0.176250,-0.450467
0.176750,-1.043258
0.177250,-0.582343
0.177750,-0.424745
0.178250,-0.667736
0.178750,-0.651795
0.179250,-0.455888
0.179750,-0.410050
0.180250,-0.777164
0.180750,-0.784236
0.181250,-0.592786
0.181750,-0.546219
0.182250,-0.792599
0.182750,-0.533622
0.183250,-0.672802
0.183750,-0.523637
0.184250,-0.878272
0.184750,-0.865119
0.185250,-0.950690
0.185750,-1.229547
0.186250,-1.238662
0.186750,-0.830546
0.187250,-1.180553
0.187750,-0.924446
0.188250,-1.072165
0.188750,-1.107662
0.189250,-1.337226
0.189750,-1.120780
0.190250,-0.702112
0.190750,-0.740458
0.191250,-0.829715
0.191750,-0.837322
0.192250,-0.626187
0.192750,-0.924094
0.193250,-0.661832
0.193750,0.181148
0.194250,0.246464
0.194750,0.151624
0.195250,-0.128151
0.195750,-0.116121
0.196250,-0.494020
0.196750,-0.466918
0.197250,-0.171986
0.197750,-0.081585
0.198250,-0.535494
0.198750,-0.388081
0.199250,0.227366
0.199750,-0.633897
0.200250,-0.410155
0.200750,-0.160468
0.201250,-0.372239
0.201750,-0.760236
0.202250,-0.689513
0.202750,-0.873653
0.203250,-0.927100
0.203750,-0.382116
0.204250,-0.341438
0.204750,-0.107576
0.205250,0.018873
0.205750,-0.332139
0.206250,-0.049468
0.206750,0.032179
0.207250,-0.171221
0.207750,0.366065
0.208250,0.584971
0.208750,0.200555
0.209250,0.456575
0.209750,0.553896
0.210250,0.406764
0.210750,0.831571
0.211250,0.977312
0.211750,0.939112
0.212250,0.457640
0.212750,0.654975
0.213250,0.524224
0.213750,0.882851
0.214250,0.943213
0.214750,1.134977
0.215250,0.949456
0.215750,0.814505
0.216250,0.718472
0.216750,0.702251
0.217250,0.134684
0.217750,0.372139
0.218250,0.589475
0.218750,0.798879
0.219250,0.918911
0.219750,0.863960
0.220250,0.739694
0.220750,0.363906
0.221250,0.561158
0.221750,1.043442
0.222250,0.514086
0.222750,0.898196
0.223250,0.736134
0.223750,0.986557
0.224250,1.196358
0.224750,0.630426
0.225250,0.678736
0.225750,0.887120
0.226250,1.094394
0.226750,1.095809
0.227250,0.880167
0.227750,0.696485
0.228250,0.501499
0.228750,0.644628
0.229250,0.548386
0.229750,0.790193
0.230250,0.657671
0.230750,0.433302
0.231250,0.814396
0.231750,0.762444
0.232250,0.148977
0.232750,0.359222
0.233250,0.885888
0.233750,0.469578
0.234250,0.112272
0.234750,0.237021
0.235250,0.456470
0.235750,0.087505
0.236250,0.059226
0.236750,-0.300217
0.237250,0.403126
0.237750,0.116174
0.238250,-0.127329
0.238750,-0.065995
0.239250,0.094206
0.239750,0.094733
0.240250,-0.102416
0.240750,-0.075821
0.241250,-0.009729
0.241750,-0.269183
0.242250,0.173705
0.242750,0.103483
0.243250,0.073124
0.243750,0.075239
0.244250,0.292026
0.244750,0.120047
0.245250,0.226766
0.245750,0.374174
0.246250,0.605978
0.246750,0.017218
0.247250,0.003575
0.247750,0.240065
0.248250,-0.008407
0.248750,0.392058
0.249250,0.550513
0.249750,0.214341
0.250250,0.390704
0.250750,0.185747
0.251250,0.148076
0.251750,0.276170
0.252250,0.371758
0.252750,0.670065
0.253250,0.034499
0.253750,0.204470
0.254250,0.231156
0.254750,-0.032307
0.255250,0.004550
0.255750,0.064161
0.256250,0.463453
0.256750,0.572331
0.257250,0.376203
0.257750,0.132059
0.258250,0.106864
0.258750,-0.124121
0.259250,0.125523
0.259750,0.914151
0.260250,0.896042
0.260750,0.471684
0.261250,0.427769
0.261750,0.532356
0.262250,0.867471
0.262750,0.695185
0.263250,0.664484
0.263750,0.847790
0.264250,1.072291
0.264750,1.352839
0.265250,1.114048
0.265750,0.730581
0.266250,1.004034
0.266750,0.940235
0.267250,0.465212
0.267750,1.035967
0.268250,0.974226
0.268750,1.225893
0.269250,1.038033
0.269750,0.721357
0.270250,1.079679
0.270750,0.996752
0.271250,0.851884
0.271750,1.041320
0.272250,0.902188
0.272750,1.112546
0.273250,1.079836
0.273750,0.598098
0.274250,0.739906
0.274750,0.533820
0.275250,0.405147
0.275750,0.277985
0.276250,0.382854
0.276750,1.009010
0.277250,0.627032
0.277750,0.373777
0.278250,0.176948
0.278750,0.190487
0.279250,0.205700
0.279750,-0.230153
0.280250,0.043421
0.280750,0.293187
0.281250,0.169700
0.281750,0.722690
0.282250,0.361681
0.282750,0.101620
0.283250,-0.376520
0.283750,-0.286708
0.284250,0.142407
0.284750,0.162929
0.285250,0.757307
0.285750,0.603225
0.286250,0.449266
0.286750,0.353093
0.287250,-0.146415
0.287750,0.104833
0.288250,-0.384728
0.288750,-0.252196
0.289250,-0.146938
0.289750,-0.305350
0.290250,0.078302
0.290750,-0.539713
0.291250,-0.377817
0.291750,-0.386067
0.292250,-0.220926
0.292750,-0.327633
0.293250,-0.759984
0.293750,-0.419425
0.294250,-0.405563
0.294750,-0.454122
0.295250,-0.561710
0.295750,-1.136368
0.296250,-0.990004
0.296750,-1.038615
0.297250,-1.157285
0.297750,-0.832335
0.298250,0.044652
0.298750,-0.318802
0.299250,-0.180502
0.299750,-0.177907
0.300250,-0.347208
0.300750,-0.125365
0.301250,-0.310992
0.301750,0.642150
0.302250,-0.219323
0.302750,-0.167134
0.303250,0.078071
0.303750,0.642823
0.304250,0.237271
0.304750,0.087042
0.305250,-0.389766
0.305750,0.557204
0.306250,0.376122
0.306750,0.139597
0.307250,0.082250
0.307750,0.235708
0.308250,0.406398
0.308750,0.290954
0.309250,0.020072
0.309750,0.222976
0.310250,0.216350
0.310750,0.680135
0.311250,0.251608
0.311750,-0.280479
0.312250,0.257696
0.312750,0.381771
0.313250,0.284046
0.313750,-0.363133
0.314250,-0.592680
0.314750,0.262423
0.315250,0.134616
0.315750,0.617847
0.316250,0.327137
0.316750,0.536384
0.317250,0.309249
0.317750,0.323286
0.318250,0.187252
0.318750,0.253093
0.319250,0.715536
0.319750,0.886527
0.320250,0.632916
0.320750,0.444260
0.321250,0.561854
0.321750,1.138343
0.322250,1.033209
0.322750,0.749099
0.323250,0.687925
0.323750,1.172579
0.324250,1.219003
0.324750,1.358701
0.325250,1.540231
0.325750,1.248209
0.326250,1.525246
0.326750,1.240337
0.327250,1.565854
0.327750,1.260082
0.328250,1.650113
0.328750,1.410117
0.329250,1.962643
0.329750,1.366147
0.330250,1.178283
0.330750,1.522284
0.331250,1.551228
0.331750,1.513010
0.332250,1.520320
0.332750,1.530500
0.333250,1.174442
0.333750,1.084145
0.334250,0.922568
0.334750,1.353215
0.335250,1.267549
0.335750,1.397184
0.336250,1.046971
0.336750,1.326368
0.337250,1.517810
0.337750,1.380418
0.338250,1.574389
0.338750,1.356380
0.339250,1.268328
0.339750,1.914596
0.340250,1.331818
0.340750,1.565696
0.341250,1.560172
0.341750,1.903810
0.342250,1.557297
0.342750,1.879438
0.343250,1.883886
0.343750,2.137856
0.344250,1.610748
0.344750,1.747037
0.345250,1.618879
0.345750,1.929875
0.346250,1.955277
0.346750,2.194910
0.347250,2.382636
0.347750,1.538175
0.348250,1.959719
0.348750,1.457979
0.349250,1.693244
0.349750,1.373126
0.350250,1.230251
0.350750,1.700078
0.351250,1.956476
0.351750,1.652995
0.352250,1.045535
0.352750,1.514310
0.353250,1.665246
0.353750,1.622768
0.354250,1.220239
0.354750,1.304901
0.355250,1.534042
0.355750,1.868093
0.356250,1.688762
0.356750,1.407345
0.357250,1.314707
0.357750,1.368365
0.358250,0.868591
0.358750,0.848041
0.359250,0.917349
0.359750,0.869595
0.360250,1.281504
0.360750,1.107982
0.361250,1.020284
0.361750,0.517542
0.362250,1.056351
0.362750,1.030596
0.363250,0.541864
0.363750,0.646044
0.364250,0.521956
0.364750,1.002861
0.365250,1.619990
0.365750,1.044229
0.366250,1.341876
0.366750,0.980646
0.367250,1.079529
0.367750,1.256128
0.368250,1.501781
0.368750,1.296117
0.369250,1.272171
0.369750,1.553000
0.370250,1.873180
0.370750,0.842985
0.371250,1.183640
0.371750,1.159569
0.372250,1.323453
0.372750,1.554332
0.373250,1.555932
0.373750,0.975297
0.374250,1.129308
0.374750,2.038417
0.375250,1.465455
0.375750,1.857438
0.376250,1.726403
0.376750,1.317782
0.377250,1.512949
0.377750,1.374767
0.378250,2.001925
0.378750,1.372415
0.379250,1.300487
0.379750,1.773916
0.380250,2.284792
0.380750,2.097235
0.381250,2.109405
0.381750,1.688112
0.382250,1.537618
0.382750,1.764124
0.383250,1.784009
0.383750,2.019860
0.384250,2.551772
0.384750,2.888149
0.385250,2.222454
0.385750,2.630767
0.386250,2.527681
0.386750,1.683849
0.387250,1.548589
0.387750,2.080369
0.388250,2.300247
0.388750,2.219314
0.389250,2.551729
0.389750,2.466892
0.390250,2.923441
0.390750,2.697728
0.391250,2.938220
0.391750,2.517235
0.392250,2.522029
0.392750,2.167345
0.393250,2.606074
0.393750,3.188147
0.394250,2.888621
0.394750,2.914103
0.395250,2.781445
0.395750,3.080736
0.396250,3.226766
0.396750,2.843474
0.397250,2.764280
0.397750,2.351034
0.398250,2.546149
0.398750,3.214045
0.399250,3.211139
0.399750,2.543156
0.400250,2.610554
0.400750,2.872800
0.401250,2.825377
0.401750,2.654782
0.402250,2.404774
0.402750,2.380152
0.403250,2.361776
0.403750,2.129064
0.404250,2.564514
0.404750,1.735613
0.405250,1.855693
0.405750,2.152328
0.406250,2.096418
0.406750,2.135203
0.407250,1.726697
0.407750,1.762490
0.408250,1.441104
0.408750,2.164092
0.409250,2.177889
0.409750,2.235937
0.410250,0.936330
0.410750,1.430119
0.411250,2.039020
0.411750,2.071402
0.412250,1.380974
0.412750,1.182122
0.413250,1.798847
0.413750,2.088271
0.414250,1.900382
0.414750,2.088078
0.415250,2.426447
0.415750,1.834155
0.416250,2.418821
0.416750,2.251299
0.417250,1.648832
0.417750,1.399044
0.418250,1.624630
0.418750,1.825775
0.419250,1.539687
0.419750,1.648639
0.420250,1.345080
0.420750,1.306956
0.421250,1.234479
0.421750,0.969830
0.422250,1.538745
0.422750,0.981471
0.423250,1.387323
0.423750,1.318574
0.424250,1.490187
0.424750,1.319419
0.425250,1.225238
0.425750,1.094161
0.426250,0.758116
0.426750,0.701760
0.427250,0.965883
0.427750,0.817413
0.428250,0.689088
0.428750,0.693536
0.429250,1.118329
0.429750,1.037585
0.430250,1.291921
0.430750,1.669456
0.431250,0.852678
0.431750,0.967723
0.432250,1.198818
0.432750,1.470499
0.433250,1.296607
0.433750,1.587727
0.434250,1.699031
0.434750,1.381523
0.435250,1.474322
0.435750,1.359362
0.436250,1.641483
0.436750,1.435809
0.437250,1.058042
0.437750,0.967197
0.438250,1.312551
0.438750,1.702761
0.439250,1.771175
0.439750,1.792387
0.440250,1.730764
0.440750,1.378071
0.441250,1.842490
0.441750,1.987437
0.442250,1.840564
0.442750,1.480174
0.443250,1.360018
0.443750,1.848223
0.444250,1.513616
0.444750,1.671734
0.445250,1.899215
0.445750,1.158045
0.446250,1.603343
0.446750,1.994535
0.447250,2.089874
0.447750,1.254095
0.448250,1.473349
0.448750,1.359804
0.449250,1.617338
0.449750,1.497144
0.450250,1.753439
0.450750,1.345731
0.451250,1.032177
0.451750,1.427732
0.452250,1.382430
0.452750,1.661209
0.453250,0.820016
0.453750,1.133953
0.454250,1.526660
0.454750,2.086439
0.455250,1.833835
0.455750,1.925024
0.456250,1.600439
0.456750,1.690117
0.457250,1.806648
0.457750,1.858280
0.458250,1.524931
0.458750,1.586917
0.459250,1.408980
0.459750,1.759279
0.460250,2.443653
0.460750,3.032015
0.461250,2.193516
0.461750,2.332780
0.462250,2.144084
0.462750,2.374924
0.463250,2.745667
0.463750,2.931161
0.464250,2.074241
0.464750,2.193711
0.465250,2.598978
0.465750,3.098420
0.466250,3.053672
0.466750,2.588577
0.467250,2.996868
0.467750,2.716189
0.468250,3.156746
0.468750,2.097297
0.469250,2.050360
0.469750,2.265326
0.470250,2.156321
0.470750,2.331959
0.471250,2.810309
0.471750,3.341870
0.472250,2.553037
0.472750,2.739328
0.473250,2.453464
0.473750,2.696131
0.474250,2.406241
0.474750,2.411320
0.475250,2.374565
0.475750,2.228686
0.476250,2.777430
0.476750,2.694858
0.477250,2.950387
0.477750,2.540988
0.478250,2.867531
0.478750,2.734182
0.479250,2.348100
0.479750,2.123355
0.480250,2.300251
0.480750,2.499985
0.481250,1.996722
0.481750,2.657799
0.482250,2.162282
0.482750,2.133626
0.483250,2.175555
0.483750,2.286315
0.484250,2.689780
0.484750,2.172051
0.485250,2.050416
0.485750,2.581852
0.486250,2.161890
0.486750,2.682420
0.487250,2.808538
0.487750,2.627956
0.488250,2.262401
0.488750,3.067191
0.489250,2.642603
0.489750,2.696766
0.490250,2.708817
0.490750,2.112748
0.491250,2.163566
0.491750,2.170693
0.492250,2.001675
0.492750,2.066052
0.493250,1.861851
0.493750,2.168309
0.494250,2.672937
0.494750,2.438482
0.495250,2.272894
0.495750,1.809230
0.496250,1.864229
0.496750,1.911297
0.497250,2.110488
0.497750,1.908051
0.498250,2.009589
0.498750,1.446093
0.499250,2.023939
0.499750,1.355168
0.500250,1.807924
0.500750,1.501016
0.501250,1.431595
0.501750,0.828343
0.502250,0.812495
0.502750,0.845208
0.503250,1.009425
0.503750,0.942239
0.504250,1.572033
0.504750,1.205526
0.505250,1.387367
0.505750,1.451410
0.506250,1.789375
0.506750,1.286783
0.507250,1.530907
0.507750,0.910940
0.508250,0.883547
0.508750,0.467971
0.509250,1.102455
0.509750,1.090498
0.510250,1.719623
0.510750,1.308927
0.511250,1.208012
0.511750,1.680959
0.512250,1.145270
0.512750,0.894675
0.513250,0.574495
0.513750,0.900877
0.514250,1.259646
0.514750,1.711652
0.515250,1.580474
0.515750,1.565360
0.516250,1.580780
0.516750,1.408211
0.517250,1.552662
0.517750,1.648001
0.518250,1.571867
0.518750,0.913625
0.519250,1.498297
0.519750,1.379500
0.520250,1.513839
0.520750,1.876441
0.521250,1.613649
0.521750,1.560999
0.522250,1.585666
0.522750,0.852538
0.523250,1.433439
0.523750,1.724784
0.524250,1.017729
0.524750,1.585511
0.525250,1.488235
0.525750,1.107327
0.526250,1.778304
0.526750,1.280830
0.527250,1.113152
0.527750,0.940805
0.528250,1.317283
0.528750,0.740248
0.529250,0.828598
0.529750,0.819241
0.530250,0.931966
0.530750,1.531739
0.531250,0.885811
0.531750,0.809479
0.532250,1.158457
0.532750,0.787584
0.533250,1.200486
0.533750,0.502087
0.534250,1.062806
0.534750,0.965653
0.535250,0.698553
0.535750,1.522228
0.536250,1.463930
0.536750,1.103648
0.537250,1.669293
0.537750,1.573615
0.538250,1.665456
0.538750,1.274190
0.539250,1.484767
0.539750,1.005402
0.540250,1.531830
0.540750,1.431352
0.541250,1.887856
0.541750,1.742679
0.542250,2.286797
0.542750,2.192512
0.543250,2.203138
0.543750,2.055888
0.544250,2.096522
0.544750,1.894965
0.545250,2.340668
0.545750,2.332341
0.546250,1.644861
0.546750,1.480236
0.547250,1.375095
0.547750,1.752513
0.548250,2.341819
0.548750,2.320111
0.549250,1.701565
0.549750,1.569537
0.550250,1.664203
0.550750,1.462363
0.551250,1.772281
0.551750,2.286388
0.552250,1.686234
0.552750,1.402127
0.553250,1.489790
0.553750,1.265061
0.554250,1.137494
0.554750,1.516836
0.555250,1.630488
0.555750,0.983665
0.556250,1.213613
0.556750,0.708866
0.557250,1.385683
0.557750,0.964956
0.558250,0.667138
0.558750,0.806412
0.559250,0.544191
0.559750,0.698769
0.560250,0.797621
0.560750,1.208699
0.561250,1.075357
0.561750,0.848385
0.562250,0.248475
0.562750,0.392791
0.563250,1.109659
0.563750,1.176341
0.564250,0.735996
0.564750,0.107980
0.565250,0.416573
0.565750,0.448720
0.566250,1.056534
0.566750,1.317011
0.567250,1.159096
0.567750,0.909587
0.568250,0.473810
0.568750,0.195617
0.569250,0.346546
0.569750,0.845849
0.570250,0.678690
0.570750,0.595294
0.571250,0.416489
0.571750,0.234596
0.572250,1.251561
0.572750,0.766040
0.573250,0.911974
0.573750,0.145059
0.574250,0.080144
0.574750,0.127935
0.575250,0.410006
0.575750,0.353248
0.576250,0.037307
0.576750,0.350331
0.577250,0.129380
0.577750,0.350924
0.578250,-0.057941
0.578750,0.512561
0.579250,-0.118315
0.579750,-0.459096
0.580250,-0.035389
0.580750,-0.918516
0.581250,-0.129042
0.581750,-0.347693
0.582250,-0.249448
0.582750,-1.367436
0.583250,-0.776083
0.583750,-0.893704
0.584250,-0.702322
0.584750,-0.041835
0.585250,-0.311752
0.585750,-0.716555
0.586250,-0.516073
0.586750,-0.838712
0.587250,-0.418828
0.587750,-0.659895
0.588250,-1.005134
0.588750,-1.166943
0.589250,-0.020902
0.589750,-0.741268
0.590250,-0.544773
0.590750,-0.575372
0.591250,-0.577177
0.591750,-0.278106
0.592250,0.239813
0.592750,-0.665273
0.593250,0.297253
0.593750,-0.609816
0.594250,-0.417753
0.594750,0.047030
0.595250,-0.015228
0.595750,0.101895
0.596250,0.054075
0.596750,0.252046
0.597250,0.335429
0.597750,-0.017677
0.598250,-0.377885
0.598750,0.880961
0.599250,0.656554
0.599750,0.196221
0.600250,-0.167200
0.600750,0.003641
0.601250,0.301019
0.601750,0.342743
0.602250,0.555958
0.602750,-0.097193
0.603250,0.274966
0.603750,0.138214
0.604250,0.349846
0.604750,-0.170681
0.605250,0.028211
0.605750,0.291742
0.606250,-1.066775
0.606750,-0.374846
0.607250,-0.581668
0.607750,-0.608008
0.608250,0.000259
0.608750,-0.007894
0.609250,-0.053351
0.609750,0.269420
0.610250,0.316004
0.610750,0.130759
0.611250,-0.581041
0.611750,0.211905
0.612250,0.501755
0.612750,-0.835525
0.613250,-0.811901
0.613750,-0.550856
0.614250,-0.283325
0.614750,0.590790
0.615250,0.056750
0.615750,-0.141924
0.616250,-0.362636
0.616750,0.248966
0.617250,0.352143
0.617750,0.500459
0.618250,0.280406
0.618750,-0.350131
0.619250,-0.773387
0.619750,-0.105174
0.620250,0.337676
0.620750,0.506759
0.621250,-0.360477
0.621750,-0.584218
0.622250,0.474413
0.622750,0.127274
0.623250,0.687211
0.623750,-0.166006
0.624250,-0.170354
0.624750,0.167751
0.625250,0.091905
0.625750,-0.299627
0.626250,0.183778
0.626750,0.512526
0.627250,1.263350
0.627750,0.704178
0.628250,1.142182
0.628750,0.720771
0.629250,0.838381
0.629750,0.925489
0.630250,0.910951
0.630750,0.446553
0.631250,0.912987
0.631750,0.447740
0.632250,0.238896
0.632750,0.572087
0.633250,0.778115
0.633750,0.726836
0.634250,0.453549
0.634750,0.328486
0.635250,0.299882
0.635750,0.890241
0.636250,1.279124
0.636750,1.323140
0.637250,0.653611
0.637750,0.700979
0.638250,0.350512
0.638750,1.039155
0.639250,1.382875
0.639750,0.976073
0.640250,1.090433
0.640750,0.938102
0.641250,0.841025
0.641750,0.924586
0.642250,0.583135
0.642750,0.919068
0.643250,0.747852
0.643750,0.298980
0.644250,0.715344
0.644750,0.900252
0.645250,0.332323
0.645750,0.734638
0.646250,0.616209
0.646750,1.138183
0.647250,0.952742
0.647750,1.138282
0.648250,1.147709
0.648750,1.142595
0.649250,0.958872
0.649750,0.881663
0.650250,0.827934
0.650750,1.154199
0.651250,0.968834
0.651750,0.940769
0.652250,0.727582
0.652750,0.979447
0.653250,0.874719
0.653750,0.507356
0.654250,0.306438
0.654750,0.460338
0.655250,0.106330
0.655750,0.480833
0.656250,0.407747
0.656750,-0.007677
0.657250,0.578443
0.657750,0.572707
0.658250,1.433489
0.658750,0.862507
0.659250,0.478963
0.659750,0.409118
0.660250,0.820046
0.660750,0.163682
0.661250,0.533627
0.661750,-0.007021
0.662250,0.208789
0.662750,-0.306526
0.663250,-0.113722
0.663750,0.024405
0.664250,0.446721
0.664750,0.071648
0.665250,0.023707
0.665750,-0.106125
0.666250,0.044033
0.666750,0.403227
0.667250,-0.018926
0.667750,0.313555
0.668250,-0.683948
0.668750,-0.656989
0.669250,-0.435122
0.669750,0.121054
0.670250,-1.005254
0.670750,-0.177691
0.671250,0.083584
0.671750,-0.998636
0.672250,-0.803053
0.672750,-1.161706
0.673250,-0.789611
0.673750,-1.126505
0.674250,-1.620850
0.674750,-1.510762
0.675250,-1.220420
0.675750,-1.370278
0.676250,-0.958804
0.676750,-1.373023
0.677250,-0.450251
0.677750,-0.926486
0.678250,-1.329436
0.678750,-1.081941
0.679250,-1.203765
0.679750,-1.719889
0.680250,-1.287272
0.680750,-1.092749
0.681250,-1.455026
0.681750,-1.794410
0.682250,-2.159717
0.682750,-1.817783
0.683250,-1.305335
0.683750,-0.788793
0.684250,-1.112311
0.684750,-1.123657
0.685250,-1.247999
0.685750,-0.683563
0.686250,-1.303057
0.686750,-0.427218
0.687250,-1.237467
0.687750,-0.625450
0.688250,-1.199842
0.688750,-1.013569
0.689250,-1.159593
0.689750,-1.105775
0.690250,-0.589140
0.690750,0.293324
0.691250,-0.722070
0.691750,-0.385916
0.692250,-0.905619
0.692750,-0.701509
0.693250,-0.769603
0.693750,-0.122316
0.694250,-1.069176
0.694750,-0.332331
0.695250,-1.649215
0.695750,-1.071964
0.696250,-0.825913
0.696750,-0.899769
0.697250,-0.471336
0.697750,-1.068337
0.698250,-0.636368
0.698750,-0.940382
0.699250,-0.715174
0.699750,-0.952661
0.700250,-1.139459
0.700750,-0.989646
0.701250,-1.201500
0.701750,-1.545154
0.702250,-1.025993
0.702750,-0.971286
0.703250,-0.792614
0.703750,-0.880617
0.704250,-1.306638
0.704750,-0.702222
0.705250,-0.841974
0.705750,-1.592805
0.706250,-0.929167
0.706750,-0.816806
0.707250,-1.117878
0.707750,-1.050747
0.708250,-1.084912
0.708750,-1.172728
0.709250,-1.200737
0.709750,-0.880330
0.710250,-0.646349
0.710750,-0.412172
0.711250,-0.300112
0.711750,-0.869279
0.712250,-0.396822
0.712750,-0.692127
0.713250,-0.723131
0.713750,-0.398971
0.714250,-0.385323
0.714750,-0.544599
0.715250,-0.566432
0.715750,-0.483639
0.716250,-0.601436
0.716750,-0.495598
0.717250,-0.228031
0.717750,0.142142
0.718250,0.500053
0.718750,0.060197
0.719250,0.071924
0.719750,-0.116532
0.720250,-0.961882
0.720750,-0.727617
0.721250,-0.681136
0.721750,-0.328378
0.722250,-0.661111
0.722750,-0.198528
0.723250,-0.154684
0.723750,-0.061581
0.724250,-0.232530
0.724750,-0.298987
0.725250,-0.199517
0.725750,-0.184350
0.726250,-0.585356
0.726750,-0.256283
0.727250,-0.538923
0.727750,-0.994322
0.728250,-0.822793
0.728750,-0.513998
0.729250,-0.944771
0.729750,-0.469314
0.730250,-0.651283
0.730750,-0.461388
0.731250,-0.804073
0.731750,-0.736639
0.732250,-0.590733
0.732750,-0.765602
0.733250,-0.115118
0.733750,-1.141031
0.734250,-1.677075
0.734750,-1.272368
0.735250,-1.513716
0.735750,-1.842476
0.736250,-0.928007
0.736750,-1.820723
0.737250,-1.202590
0.737750,-0.857133
0.738250,-1.715460
0.738750,-1.155881
0.739250,-1.185909
0.739750,-1.483142
0.740250,-1.793090
0.740750,-1.401748
0.741250,-1.500550
0.741750,-1.445858
0.742250,-1.397576
0.742750,-0.609069
0.743250,-1.001833
0.743750,-1.410525
0.744250,-2.072901
0.744750,-1.779252
0.745250,-1.364590
0.745750,-1.549045
0.746250,-1.265553
0.746750,-1.431461
0.747250,-0.992992
0.747750,-1.841812
0.748250,-1.654383
0.748750,-1.636165
0.749250,-1.452385
0.749750,-1.324697
0.750250,-1.052437
0.750750,-1.530747
0.751250,-1.612505
0.751750,-1.695631
0.752250,-1.386685
0.752750,-1.517142
0.753250,-2.251364
0.753750,-1.608202
0.754250,-1.040065
0.754750,-2.119232
0.755250,-2.287569
0.755750,-2.020488
0.756250,-1.876743
0.756750,-1.297456
0.757250,-2.137771
0.757750,-1.992300
0.758250,-2.277464
0.758750,-2.023436
0.759250,-2.702852
0.759750,-2.237656
0.760250,-2.767601
0.760750,-2.337105
0.761250,-2.483384
0.761750,-2.429343
0.762250,-3.158726
0.762750,-2.263356
0.763250,-3.251490
0.763750,-2.838153
0.764250,-2.540425
0.764750,-1.823856
0.765250,-2.848688
0.765750,-2.511003
0.766250,-2.961770
0.766750,-2.767285
0.767250,-2.838789
0.767750,-2.966635
0.768250,-3.006017
0.768750,-3.014710
0.769250,-2.466389
0.769750,-2.646575
0.770250,-2.330287
0.770750,-2.370852
0.771250,-2.048847
0.771750,-2.293796
0.772250,-2.442263
0.772750,-2.294736
0.773250,-2.977650
0.773750,-2.586382
0.774250,-2.513881
0.774750,-2.445668
0.775250,-2.873433
0.775750,-2.751604
0.776250,-2.940972
0.776750,-2.941255
0.777250,-1.993837
0.777750,-2.875942
0.778250,-2.591059
0.778750,-2.622225
0.779250,-2.896984
0.779750,-2.420539
0.780250,-2.392258
0.780750,-2.717703
0.781250,-2.505647
0.781750,-2.661299
0.782250,-2.951995
0.782750,-2.270528
0.783250,-2.037633
0.783750,-2.585423
0.784250,-2.188335
0.784750,-2.054845
0.785250,-2.414421
0.785750,-1.669000
0.786250,-2.701218
0.786750,-2.609106
0.787250,-1.934311
0.787750,-2.617286
0.788250,-1.921657
0.788750,-2.524714
0.789250,-2.548578
0.789750,-2.236455
0.790250,-2.479394
0.790750,-1.891590
0.791250,-1.642910
0.791750,-2.300791
0.792250,-2.778086
0.792750,-2.030068
0.793250,-2.592731
0.793750,-2.511959
0.794250,-1.830997
0.794750,-2.580486
0.795250,-2.683242
0.795750,-2.971367
0.796250,-2.578757
0.796750,-2.391459
0.797250,-2.190650
0.797750,-1.558641
0.798250,-2.281403
0.798750,-1.959912
0.799250,-3.331303
0.799750,-2.975593
0.800250,-2.294279
0.800750,-1.959419
0.801250,-2.748678
0.801750,-1.724352
0.802250,-3.109446
0.802750,-2.754674
0.803250,-2.392203
0.803750,-2.780294
0.804250,-2.090540
0.804750,-1.973663
0.805250,-2.419464
0.805750,-2.008734
0.806250,-2.458831
0.806750,-2.452070
0.807250,-2.391979
0.807750,-1.538615
0.808250,-2.401567
0.808750,-1.983585
0.809250,-1.957348
0.809750,-2.581376
0.810250,-1.673448
0.810750,-1.612281
0.811250,-2.146909
0.811750,-1.505042
0.812250,-1.340520
0.812750,-1.422602
0.813250,-0.606395
0.813750,-1.520122
0.814250,-1.117561
0.814750,-1.307465
0.815250,-0.528743
0.815750,-1.371607
0.816250,-1.109662
0.816750,-1.162092
0.817250,-1.148027
0.817750,-0.839789
0.818250,-0.734342
0.818750,-0.901134
0.819250,-0.386434
0.819750,-1.056937
0.820250,-1.206236
0.820750,-1.047303
0.821250,-0.789167
0.821750,-1.412035
0.822250,-0.764356
0.822750,-0.539729
0.823250,-0.797768
0.823750,-1.043676
0.824250,-1.160685
0.824750,-1.686542
0.825250,-1.054632
0.825750,-0.832383
0.826250,-0.285932
0.826750,-0.337813
0.827250,-0.453844
0.827750,-0.869217
0.828250,-0.567460
0.828750,-0.510957
0.829250,-1.575112
0.829750,-0.807757
0.830250,-0.753826
0.830750,-1.561225
0.831250,-0.864909
0.831750,-1.423950
0.832250,-1.086312
0.832750,-1.497233
0.833250,-0.761958
0.833750,-1.557013
0.834250,-0.627039
0.834750,-0.441898
0.835250,-1.276741
0.835750,-1.785926
0.836250,-1.122604
0.836750,-1.438529
0.837250,-0.737216
0.837750,-1.270250
0.838250,-1.234665
0.838750,-1.128749
0.839250,-0.982710
0.839750,-1.270908
0.840250,-0.374617
0.840750,-0.959331
0.841250,-0.059904
0.841750,-0.979326
0.842250,-0.776498
0.842750,-1.312781
0.843250,-1.833010
0.843750,-0.960671
0.844250,-1.376635
0.844750,-1.795793
0.845250,-1.371011
0.845750,-0.900847
0.846250,-1.636942
0.846750,-1.094637
0.847250,-0.781380
0.847750,-0.631454
0.848250,-0.753426
0.848750,-0.846709
0.849250,-1.077789
0.849750,-1.361192
0.850250,-0.075390
0.850750,-1.523456
0.851250,-0.664626
0.851750,-1.124496
0.852250,-0.752917
0.852750,-1.457427
0.853250,-0.643160
0.853750,-0.548477
0.854250,-1.095292
0.854750,-1.493697
0.855250,-0.952735
0.855750,-0.493581
0.856250,-1.219455
0.856750,-0.802895
0.857250,-1.202324
0.857750,-0.528652
0.858250,-1.490669
0.858750,-1.746538
0.859250,-2.315762
0.859750,-0.820061
0.860250,-1.595951
0.860750,-1.398191
0.861250,-1.912665
0.861750,-1.264486
0.862250,-1.289927
0.862750,-1.543613
0.863250,-0.933992
0.863750,-0.976559
0.864250,-1.130236
0.864750,-0.822157
0.865250,-1.286281
0.865750,-1.676678
0.866250,-1.509919
0.866750,-1.599701
0.867250,-2.187080
0.867750,-1.817647
0.868250,-2.265213
0.868750,-2.223890
0.869250,-1.369453
0.869750,-2.201093
0.870250,-2.081518
0.870750,-1.595960
0.871250,-2.279534
0.871750,-2.030846
0.872250,-1.476278
0.872750,-2.460638
0.873250,-2.127940
0.873750,-2.760545
0.874250,-2.582706
0.874750,-3.153308
0.875250,-2.774904
0.875750,-2.069129
0.876250,-1.400450
0.876750,-1.543230
0.877250,-1.729166
0.877750,-1.898708
0.878250,-1.461545
0.878750,-2.189620
0.879250,-1.870459
0.879750,-1.210652
0.880250,-1.662378
0.880750,-1.897354
0.881250,-1.215194
0.881750,-2.260185
0.882250,-1.696104
0.882750,-1.991409
0.883250,-1.000810
0.883750,-0.806898
0.884250,-0.436525
0.884750,-1.306232
0.885250,-2.112767
0.885750,-1.123615
0.886250,-1.587369
0.886750,-1.294380
0.887250,-1.267468
0.887750,-1.432777
0.888250,-1.845927
0.888750,-1.895878
0.889250,-1.813902
0.889750,-1.065476
0.890250,-2.155951
0.890750,-1.290383
0.891250,-1.276996
0.891750,-0.748208
0.892250,-1.319369
0.892750,-1.682442
0.893250,-2.024444
0.893750,-1.878041
0.894250,-1.446350
0.894750,-1.137617
0.895250,-1.355698
0.895750,-1.148646
0.896250,-1.707539
0.896750,-1.346815
0.897250,-1.817599
0.897750,-1.650165
0.898250,-1.508229
0.898750,-1.331641
0.899250,-0.950540
0.899750,-1.304969
0.900250,-1.625954
0.900750,-0.669154
0.901250,-1.303261
0.901750,-1.428786
0.902250,-1.417236
0.902750,-1.222808
0.903250,-1.231319
0.903750,-1.583261
0.904250,-1.521836
0.904750,-2.016219
0.905250,-1.842815
0.905750,-1.033132
0.906250,-0.924851
0.906750,-0.706033
0.907250,-0.441032
0.907750,-1.108940
0.908250,-1.452164
0.908750,-0.688403
0.909250,-0.816229
0.909750,-1.311526
0.910250,-1.083174
0.910750,-0.965880
0.911250,-1.480758
0.911750,-0.675728
0.912250,-1.119788
0.912750,-0.805506
0.913250,-0.317406
0.913750,-0.253146
0.914250,-0.655914
0.914750,-0.265174
0.915250,-0.636735
0.915750,-0.273725
0.916250,-0.508217
0.916750,0.404372
0.917250,-0.307865
0.917750,0.516212
0.918250,0.318665
0.918750,-0.207682
0.919250,-0.668637
0.919750,-0.458584
0.920250,-0.231380
0.920750,-0.224556
0.921250,-0.668980
0.921750,0.340160
0.922250,0.347927
0.922750,0.431827
0.923250,-0.318360
0.923750,-0.265602
0.924250,-0.632129
0.924750,-0.404943
0.925250,-0.540994
0.925750,0.153993
0.926250,-0.328352
0.926750,-0.089571
0.927250,-0.273207
0.927750,-0.515564
0.928250,-0.437279
0.928750,0.038594
0.929250,-0.291680
0.929750,0.203977
0.930250,0.216578
0.930750,0.025644
0.931250,-0.111527
0.931750,-0.071461
0.932250,-0.107039
0.932750,-0.039452
0.933250,-0.036067
0.933750,-0.499300
0.934250,-0.786757
0.934750,-0.950198
0.935250,-0.662877
0.935750,-0.595367
0.936250,-0.666760
0.936750,-0.279630
0.937250,-0.129016
0.937750,-0.892141
0.938250,-1.274890
0.938750,-0.040443
0.939250,-0.317592
0.939750,-0.974544
0.940250,-1.202302
0.940750,-0.833172
0.941250,-0.916602
0.941750,-1.565861
0.942250,-0.574278
0.942750,-0.713428
0.943250,-0.481412
0.943750,-0.602190
0.944250,-0.231061
0.944750,-0.965256
0.945250,-0.854673
0.945750,-0.876454
0.946250,-1.242783
0.946750,-0.590231
0.947250,-0.832346
0.947750,-1.612554
0.948250,-1.680824
0.948750,-0.829173
0.949250,-0.568743
0.949750,-1.724620
0.950250,-1.165851
0.950750,-1.120217
0.951250,-1.100784
0.951750,-0.648894
0.952250,-1.234399
0.952750,-1.369879
0.953250,-1.039665
0.953750,-1.064172
0.954250,-1.435800
0.954750,-1.487315
0.955250,-1.242711
0.955750,-1.703247
0.956250,-1.436397
0.956750,-1.376590
0.957250,-1.816244
0.957750,-1.750247
0.958250,-0.879030
0.958750,-0.780195
0.959250,-0.445582
0.959750,-1.094153
0.960250,-1.958731
0.960750,-1.936113
0.961250,-1.391090
0.961750,-1.757243
0.962250,-1.141364
0.962750,-0.857287
0.963250,-2.017811
0.963750,-1.167510
0.964250,-1.619050
0.964750,-1.268817
0.965250,-1.681154
0.965750,-1.644747
0.966250,-1.570830
0.966750,-1.430142
0.967250,-1.905375
0.967750,-1.350516
0.968250,-2.478599
0.968750,-1.483955
0.969250,-2.020100
0.969750,-2.120247
0.970250,-2.001755
0.970750,-2.358504
0.971250,-2.662213
0.971750,-2.447697
0.972250,-2.112328
0.972750,-2.681195
0.973250,-2.047698
0.973750,-1.754876
0.974250,-2.261918
0.974750,-1.958852
0.975250,-2.634713
0.975750,-2.285829
0.976250,-2.350419
0.976750,-2.508509
0.977250,-1.580255
0.977750,-1.472270
0.978250,-1.616160
0.978750,-1.788452
0.979250,-2.472384
0.979750,-1.988375
0.980250,-2.237289
0.980750,-1.964725
0.981250,-2.491749
0.981750,-0.999494
0.982250,-1.296822
0.982750,-1.891931
0.983250,-0.896782
0.983750,-1.695426
0.984250,-1.181119
0.984750,-1.499075
0.985250,-1.686342
0.985750,-1.808795
0.986250,-1.180392
0.986750,-0.883383
0.987250,-1.819549
0.987750,-1.109942
0.988250,-1.414293
0.988750,-1.527453
0.989250,-1.031191
0.989750,-0.618487
0.990250,-0.515880
0.990750,-0.368346
0.991250,-1.563415
0.991750,-1.029010
0.992250,-0.160959
0.992750,-1.524624
0.993250,-1.408443
0.993750,-1.474010
0.994250,-1.850098
0.994750,-1.393703
0.995250,-1.422824
0.995750,-1.088148
0.996250,-1.457094
0.996750,-2.054868
0.997250,-0.517188
0.997750,-1.352284
0.998250,-0.863115
0.998750,-0.645262
0.999250,-1.578014
0.999750,-0.772929
