0.000250,0.087533
0.000750,0.114582
0.001250,0.091372
0.001750,-0.185866
0.002250,-0.140397
0.002750,-0.027765
0.003250,0.035120
0.003750,-0.008095
0.004250,0.108000
0.004750,0.230459
0.005250,0.372098
0.005750,0.332319
0.006250,0.231423
0.006750,0.207357
0.007250,0.205352
0.007750,0.110419
0.008250,0.107289
0.008750,0.072383
0.009250,0.024264
0.009750,-0.096663
0.010250,0.036097
0.010750,0.136543
0.011250,0.116961
0.011750,0.294640
0.012250,0.286320
0.012750,0.414560
0.013250,0.415207
0.013750,0.322505
0.014250,0.611966
0.014750,0.678409
0.015250,0.644777
0.015750,1.033759
0.016250,0.982815
0.016750,1.060922
0.017250,1.216760
0.017750,0.925160
0.018250,1.060082
0.018750,1.033636
0.019250,1.118739
0.019750,1.255997
0.020250,1.198591
0.020750,1.290006
0.021250,0.983210
0.021750,1.082515
0.022250,1.016464
0.022750,1.018863
0.023250,0.966875
0.023750,0.673046
0.024250,0.732440
0.024750,0.635249
0.025250,0.844538
0.025750,0.969366
0.026250,1.034428
0.026750,1.031383
0.027250,0.963857
0.027750,0.985573
0.028250,1.169664
0.028750,0.791278
0.029250,1.007562
0.029750,1.158294
0.030250,1.018489
0.030750,1.268065
0.031250,1.251568
0.031750,1.451906
0.032250,1.528553
0.032750,1.543563
0.033250,1.496766
0.033750,1.525133
0.034250,1.419155
0.034750,1.482710
0.035250,1.313551
0.035750,1.153363
0.036250,1.324380
0.036750,1.130277
0.037250,1.224781
0.037750,1.281676
0.038250,1.215000
0.038750,1.241845
0.039250,1.333617
0.039750,1.177847
0.040250,0.844071
0.040750,0.931800
0.041250,0.569966
0.041750,0.708837
0.042250,0.831503
0.042750,0.540169
0.043250,0.747639
0.043750,0.549909
0.044250,0.526178
0.044750,0.750979
0.045250,0.405643
0.045750,0.864010
0.046250,0.690620
0.046750,0.474320
0.047250,0.726664
0.047750,0.920225
0.048250,0.964232
0.048750,1.141353
0.049250,1.190995
0.049750,0.827491
0.050250,0.732398
0.050750,0.595196
0.051250,0.868476
0.051750,0.306970
0.052250,0.627120
0.052750,0.942880
0.053250,0.812099
0.053750,0.754074
0.054250,0.605899
0.054750,1.362369
0.055250,1.149925
0.055750,1.265652
0.056250,1.573110
0.056750,1.564354
0.057250,1.442132
0.057750,1.423376
0.058250,1.682292
0.058750,1.702808
0.059250,1.659769
0.059750,1.643069
0.060250,1.421403
0.060750,1.630828
0.061250,1.291553
0.061750,1.671762
0.062250,1.553828
0.062750,1.689119
0.063250,1.650812
0.063750,1.493006
0.064250,1.666616
0.064750,1.881848
0.065250,1.492024
0.065750,1.622350
0.066250,1.593935
0.066750,1.339130
0.067250,1.415953
0.067750,1.485583
0.068250,1.167554
0.068750,1.190501
0.069250,1.132656
0.069750,0.788334
0.070250,1.045056
0.070750,1.366183
0.071250,0.888041
0.071750,1.040026
0.072250,0.900974
0.072750,0.999652
0.073250,0.715008
0.073750,0.932712
0.074250,1.225808
0.074750,0.973098
0.075250,0.895611
0.075750,1.210327
0.076250,0.968988
0.076750,1.213086
0.077250,0.883516
0.077750,0.793580
0.078250,1.115867
0.078750,1.155185
0.079250,0.811301
0.079750,0.887790
0.080250,0.824425
0.080750,0.987881
0.081250,1.326400
0.081750,1.199033
0.082250,0.912533
0.082750,1.316024
0.083250,1.101248
0.083750,1.377677
0.084250,1.343806
0.084750,1.148508
0.085250,1.805428
0.085750,1.461305
0.086250,1.538309
0.086750,1.413756
0.087250,1.344087
0.087750,1.653633
0.088250,1.428858
0.088750,1.368149
0.089250,1.253964
0.089750,1.354166
0.090250,1.433301
0.090750,0.906890
0.091250,0.803728
0.091750,1.079810
0.092250,1.143997
0.092750,1.130835
0.093250,0.729857
0.093750,0.878031
0.094250,0.586262
0.094750,0.933338
0.095250,1.152916
0.095750,0.793104
0.096250,0.489417
0.096750,0.572553
0.097250,0.916902
0.097750,0.811241
0.098250,0.363088
0.098750,0.519484
0.099250,0.555840
0.099750,0.296378
0.100250,0.553017
0.100750,0.262060
0.101250,0.207391
0.101750,0.070034
0.102250,-0.160672
0.102750,-0.242463
0.103250,-0.702590
0.103750,-0.535628
0.104250,-0.167705
0.104750,0.000438
0.105250,0.054788
0.105750,-0.200508
0.106250,-0.061877
0.106750,0.257511
0.107250,0.246480
0.107750,0.632671
0.108250,0.704121
0.108750,-0.327454
0.109250,0.468732
0.109750,0.697290
0.110250,0.087226
0.110750,0.252815
0.111250,0.315227
0.111750,-0.021311
0.112250,0.413930
0.112750,0.615413
0.113250,0.332958
0.113750,0.756886
0.114250,0.460847
0.114750,0.370983
0.115250,0.551459
0.115750,0.076264
0.116250,-0.177775
0.116750,0.159858
0.117250,-0.082303
0.117750,0.185678
0.118250,0.076168
0.118750,0.516769
0.119250,0.103506
0.119750,0.518386
0.120250,1.277173
0.120750,1.137758
0.121250,1.015305
0.121750,0.942454
0.122250,0.958193
0.122750,1.124847
0.123250,1.231502
0.123750,1.189572
0.124250,1.106885
0.124750,1.152860
0.125250,1.078735
0.125750,1.037007
0.126250,0.250354
0.126750,0.604550
0.127250,0.470647
0.127750,0.555123
0.128250,1.081693
0.128750,0.409034
0.129250,1.051379
0.129750,0.798742
0.130250,0.829352
0.130750,0.955078
0.131250,0.833163
0.131750,0.575382
0.132250,0.995145
0.132750,0.739391
0.133250,1.111538
0.133750,1.134719
0.134250,1.489785
0.134750,0.837303
0.135250,1.095640
0.135750,0.397539
0.136250,0.428509
0.136750,0.582436
0.137250,0.331875
0.137750,0.294157
0.138250,0.470397
0.138750,-0.046022
0.139250,-0.403191
0.139750,0.175317
0.140250,0.005956
0.140750,0.026650
0.141250,-0.277248
0.141750,-0.003807
0.142250,-0.668100
0.142750,-0.093425
0.143250,-0.187208
0.143750,-0.589829
0.144250,-0.543222
0.144750,-0.336057
0.145250,-0.668902
0.145750,-0.130826
0.146250,-0.301009
0.146750,-0.418439
0.147250,-0.367292
0.147750,0.041998
0.148250,-0.198691
0.148750,-0.085660
0.149250,0.345243
0.149750,-0.268758
0.150250,-0.133466
0.150750,-0.167181
0.151250,-0.127420
0.151750,0.088576
0.152250,-0.111146
0.152750,-0.136981
0.153250,-0.023080
0.153750,-1.027046
0.154250,-0.139999
0.154750,-0.481010
0.155250,-0.508684
0.155750,-0.351724
0.156250,-0.193280
0.156750,-0.186248
0.157250,-0.171124
0.157750,0.114548
0.158250,-0.393474
0.158750,0.225795
0.159250,0.049140
0.159750,-0.135704
0.160250,0.100517
0.160750,0.175729
0.161250,0.047916
0.161750,0.271453
0.162250,0.578116
0.162750,0.046390
0.163250,0.208180
0.163750,0.440031
0.164250,0.741359
0.164750,0.536124
0.165250,0.827412
0.165750,0.431368
0.166250,0.210683
0.166750,0.053569
0.167250,0.509151
0.167750,0.411934
0.168250,0.170718
0.168750,0.355656
0.169250,0.178672
0.169750,0.033172
0.170250,-0.227287
0.170750,-0.099211
0.171250,-0.695427
0.171750,-0.310738
0.172250,0.014197
0.172750,0.062038
0.173250,-0.069007
0.173750,-0.358921
0.174250,-0.468184
0.174750,-0.722613
0.175250,-0.674444
0.175750,-0.512783
0.176250,-0.580094
0.176750,-0.842363
0.177250,-0.554649
0.177750,-0.511281
0.178250,-0.604492
0.178750,-0.535414
0.179250,-0.428099
0.179750,-0.422396
0.180250,-0.895838
0.180750,-0.759641
0.181250,-0.775654
0.181750,-0.503981
0.182250,-1.030291
0.182750,-0.914896
0.183250,-0.511642
0.183750,-0.341049
0.184250,-0.632783
0.184750,-0.971717
0.185250,-1.119139
0.185750,-1.380588
0.186250,-1.151680
0.186750,-0.575080
0.187250,-1.066299
0.187750,-1.184957
0.188250,-0.922839
0.188750,-1.028668
0.189250,-1.411158
0.189750,-0.586660
0.190250,-0.737828
0.190750,-0.488228
0.191250,-0.725810
0.191750,-0.954952
0.192250,-0.706540
0.192750,-0.924539
0.193250,-0.350492
0.193750,0.325154
0.194250,0.227876
0.194750,-0.178368
0.195250,-0.409666
0.195750,-0.131112
0.196250,-0.639964
0.196750,-0.712103
0.197250,0.204512
0.197750,-0.046860
0.198250,-0.497247
0.198750,-0.338279
0.199250,-0.132834
0.199750,-0.359080
0.200250,0.103111
0.200750,-0.476760
0.201250,-0.073089
0.201750,-0.685256
0.202250,-0.666331
0.202750,-1.003714
0.203250,-1.036534
0.203750,-0.979864
0.204250,-0.074339
0.204750,-0.316392
0.205250,0.065831
0.205750,-0.222953
0.206250,-0.155104
0.206750,-0.461063
0.207250,-0.449525
0.207750,0.503848
0.208250,0.600754
0.208750,-0.014246
0.209250,-0.153766
0.209750,0.591409
0.210250,0.259566
0.210750,0.505235
0.211250,1.132639
0.211750,1.140452
0.212250,0.360460
0.212750,0.720313
0.213250,0.749117
0.213750,1.052602
0.214250,0.968960
0.214750,1.520758
0.215250,1.251744
0.215750,0.875283
0.216250,0.740754
0.216750,1.096913
0.217250,0.193346
0.217750,0.502869
0.218250,0.446522
0.218750,1.382195
0.219250,0.869023
0.219750,1.044585
0.220250,0.775828
0.220750,0.138703
0.221250,0.479788
0.221750,1.073850
0.222250,0.526962
0.222750,0.786569
0.223250,1.199727
0.223750,0.974688
0.224250,0.864694
0.224750,0.497787
0.225250,0.379294
0.225750,0.808621
0.226250,0.519108
0.226750,1.091947
0.227250,1.399975
0.227750,0.919873
0.228250,0.832721
0.228750,0.378150
0.229250,0.411478
0.229750,0.880504
0.230250,0.818511
0.230750,0.556705
0.231250,0.656551
0.231750,0.477040
0.232250,0.412895
0.232750,0.527546
0.233250,1.098113
0.233750,0.972842
0.234250,0.346837
0.234750,0.127583
0.235250,0.362127
0.235750,0.306990
0.236250,-0.011306
0.236750,-0.083871
0.237250,0.044571
0.237750,-0.068611
0.238250,0.077883
0.238750,-0.372211
0.239250,-0.166779
0.239750,-0.246778
0.240250,-0.164808
0.240750,-0.542795
0.241250,0.046579
0.241750,-0.061489
0.242250,0.079668
0.242750,-0.532317
0.243250,0.022158
0.243750,0.110313
0.244250,0.267183
0.244750,0.257459
0.245250,0.494003
0.245750,0.343456
0.246250,0.626623
0.246750,-0.032849
0.247250,0.077472
0.247750,-0.143931
0.248250,0.253929
0.248750,0.760019
0.249250,0.718251
0.249750,0.307970
0.250250,0.790280
0.250750,0.024956
0.251250,0.386668
0.251750,0.151766
0.252250,0.232508
0.252750,0.566673
0.253250,-0.322691
0.253750,0.126003
0.254250,-0.012354
0.254750,-0.048522
0.255250,-0.172290
0.255750,-0.289444
0.256250,0.571021
0.256750,0.724300
0.257250,-0.016948
0.257750,0.121257
0.258250,0.295500
0.258750,0.060422
0.259250,0.205305
0.259750,0.871760
0.260250,0.648619
0.260750,0.316941
0.261250,0.839685
0.261750,0.455791
0.262250,1.308100
0.262750,0.809500
0.263250,0.661817
0.263750,1.240041
0.264250,1.326255
0.264750,1.116884
0.265250,0.962253
0.265750,1.089313
0.266250,0.584088
0.266750,1.062820
0.267250,0.766150
0.267750,1.425106
0.268250,0.852787
0.268750,0.821694
0.269250,0.647364
0.269750,0.677983
0.270250,1.265831
0.270750,1.126160
0.271250,0.378230
0.271750,0.940129
0.272250,0.821038
0.272750,1.219321
0.273250,0.970055
0.273750,1.271032
0.274250,0.812933
0.274750,0.975809
0.275250,0.575122
0.275750,0.174433
0.276250,0.435718
0.276750,0.605709
0.277250,0.919332
0.277750,0.057481
0.278250,0.508264
0.278750,0.046697
0.279250,-0.052964
0.279750,0.154145
0.280250,-0.283389
0.280750,0.950070
0.281250,0.423526
0.281750,0.862610
0.282250,0.607422
0.282750,0.351368
0.283250,0.075061
0.283750,-0.086937
0.284250,0.518265
0.284750,0.287648
0.285250,0.318204
0.285750,0.739745
0.286250,0.303892
0.286750,-0.043632
0.287250,-0.096750
0.287750,0.042482
0.288250,-0.519170
0.288750,-0.504895
0.289250,-0.467345
0.289750,-0.289812
0.290250,0.077576
0.290750,-0.521440
0.291250,-0.487789
0.291750,-0.826856
0.292250,-0.146801
0.292750,-1.021153
0.293250,-0.493507
0.293750,-0.421290
0.294250,-0.014570
0.294750,-0.238589
0.295250,-0.326476
0.295750,-1.034680
0.296250,-1.158353
0.296750,-0.934939
0.297250,-1.030019
0.297750,-1.080053
0.298250,0.042587
0.298750,-0.105886
0.299250,0.022372
0.299750,0.057045
0.300250,-0.361408
0.300750,-0.163862
0.301250,-0.119026
0.301750,0.444534
0.302250,-0.121407
0.302750,-0.207569
0.303250,0.059887
0.303750,0.556717
0.304250,0.190398
0.304750,0.257452
0.305250,-0.213834
0.305750,0.410014
0.306250,0.515455
0.306750,0.181863
0.307250,0.322955
0.307750,0.510676
0.308250,0.182320
0.308750,0.040396
0.309250,-0.052996
0.309750,0.544673
0.310250,-0.350823
0.310750,0.574647
0.311250,-0.011119
0.311750,0.126377
0.312250,-0.074650
0.312750,0.043552
0.313250,-0.111552
0.313750,-0.517520
0.314250,-1.119809
0.314750,0.472611
0.315250,0.503392
0.315750,0.691375
0.316250,0.301832
0.316750,0.578442
0.317250,0.083522
0.317750,-0.141990
0.318250,0.300274
0.318750,0.268671
0.319250,0.496546
0.319750,0.603848
0.320250,0.641464
0.320750,0.108684
0.321250,0.747950
0.321750,1.396583
0.322250,0.839589
0.322750,0.921292
0.323250,0.604848
0.323750,1.006863
0.324250,1.178916
0.324750,1.485951
0.325250,1.734435
0.325750,1.587481
0.326250,1.581488
0.326750,1.294805
0.327250,1.652494
0.327750,1.460808
0.328250,1.176206
0.328750,0.826057
0.329250,1.529377
0.329750,1.084316
0.330250,1.499335
0.330750,1.416598
0.331250,1.106871
0.331750,1.392590
0.332250,1.418686
0.332750,1.476819
0.333250,1.119659
0.333750,1.349029
0.334250,1.190862
0.334750,1.266822
0.335250,0.968412
0.335750,1.440796
0.336250,0.996430
0.336750,0.951052
0.337250,1.732294
0.337750,1.109412
0.338250,1.697040
0.338750,1.534191
0.339250,1.403717
0.339750,1.394883
0.340250,1.147861
0.340750,1.651830
0.341250,1.684913
0.341750,1.817216
0.342250,1.380890
0.342750,1.363979
0.343250,1.531365
0.343750,1.296471
0.344250,1.934730
0.344750,1.459274
0.345250,1.837165
0.345750,2.120442
0.346250,1.929941
0.346750,2.131323
0.347250,2.413126
0.347750,1.496865
0.348250,1.829602
0.348750,1.403431
0.349250,2.035778
0.349750,1.078056
0.350250,0.989281
0.350750,1.429125
0.351250,1.714743
0.351750,1.925100
0.352250,1.032319
0.352750,1.891393
0.353250,1.118690
0.353750,2.172195
0.354250,0.844428
0.354750,1.576198
0.355250,1.659633
0.355750,1.720665
0.356250,1.442274
0.356750,1.914510
0.357250,1.233731
0.357750,1.131395
0.358250,0.858449
0.358750,0.879770
0.359250,0.751459
0.359750,0.971300
0.360250,0.575792
0.360750,1.362161
0.361250,1.291958
0.361750,0.639380
0.362250,0.982697
0.362750,0.623527
0.363250,0.541788
0.363750,0.453469
0.364250,0.864364
0.364750,1.242985
0.365250,1.624954
0.365750,1.045193
0.366250,1.469035
0.366750,0.875085
0.367250,1.214285
0.367750,1.213293
0.368250,1.498899
0.368750,1.152410
0.369250,1.556601
0.369750,1.625366
0.370250,1.952859
0.370750,0.972067
0.371250,1.142567
0.371750,0.934945
0.372250,1.651652
0.372750,1.702422
0.373250,1.483709
0.373750,1.000316
0.374250,1.172126
0.374750,1.450937
0.375250,1.628698
0.375750,1.741028
0.376250,1.452374
0.376750,2.059337
0.377250,1.037725
0.377750,1.098295
0.378250,2.026294
0.378750,1.020011
0.379250,0.926021
0.379750,1.889943
0.380250,1.593413
0.380750,2.050715
0.381250,2.000928
0.381750,1.946569
0.382250,1.388324
0.382750,1.551547
0.383250,1.791817
0.383750,2.139434
0.384250,2.286031
0.384750,3.421314
0.385250,1.954060
0.385750,2.465003
0.386250,2.191768
0.386750,2.169618
0.387250,1.810254
0.387750,2.311709
0.388250,2.371719
0.388750,2.471109
0.389250,2.980982
0.389750,2.704998
0.390250,2.976951
0.390750,2.739524
0.391250,3.303065
0.391750,2.525584
0.392250,2.657086
0.392750,2.712780
0.393250,2.830923
0.393750,3.436530
0.394250,2.843348
0.394750,2.864969
0.395250,2.896973
0.395750,3.295169
0.396250,3.278216
0.396750,2.752365
0.397250,2.851964
0.397750,2.617759
0.398250,2.886405
0.398750,2.939152
0.399250,3.234164
0.399750,2.377737
0.400250,2.623683
0.400750,3.058890
0.401250,2.577269
0.401750,2.281585
0.402250,2.415803
0.402750,2.683156
0.403250,2.532440
0.403750,1.799689
0.404250,2.400061
0.404750,1.969800
0.405250,1.920705
0.405750,1.903211
0.406250,2.685246
0.406750,2.129470
0.407250,1.704132
0.407750,1.780100
0.408250,1.628927
0.408750,2.537992
0.409250,2.071143
0.409750,1.901294
0.410250,1.428701
0.410750,1.519096
0.411250,2.154630
0.411750,1.771619
0.412250,0.955475
0.412750,1.379416
0.413250,2.284658
0.413750,1.544426
0.414250,1.590085
0.414750,1.778050
0.415250,2.539032
0.415750,1.644551
0.416250,2.885031
0.416750,2.573082
0.417250,1.812781
0.417750,1.466069
0.418250,1.489265
0.418750,1.870436
0.419250,1.497298
0.419750,1.735760
0.420250,1.142246
0.420750,1.155265
0.421250,1.103710
0.421750,0.716303
0.422250,1.959150
0.422750,1.291453
0.423250,0.908997
0.423750,1.057611
0.424250,1.625952
0.424750,1.326083
0.425250,0.869034
0.425750,1.593334
0.426250,0.557297
0.426750,0.195375
0.427250,0.529872
0.427750,0.767553
0.428250,0.406526
0.428750,0.881642
0.429250,0.977141
0.429750,0.674146
0.430250,0.849593
0.430750,1.184881
0.431250,1.143857
0.431750,1.558814
0.432250,1.379067
0.432750,0.772366
0.433250,1.640038
0.433750,0.791734
0.434250,2.087975
0.434750,1.561743
0.435250,1.720303
0.435750,1.815383
0.436250,1.502090
0.436750,1.409715
0.437250,1.367341
0.437750,1.052818
0.438250,1.961279
0.438750,1.595791
0.439250,1.321353
0.439750,1.311689
0.440250,1.773080
0.440750,1.206942
0.441250,1.853238
0.441750,2.068060
0.442250,1.838875
0.442750,0.941012
0.443250,1.783663
0.443750,1.910566
0.444250,0.910285
0.444750,1.707770
0.445250,2.131121
0.445750,1.335021
0.446250,1.355497
0.446750,1.627387
0.447250,2.216096
0.447750,1.645571
0.448250,1.651267
0.448750,1.446497
0.449250,1.382878
0.449750,1.751179
0.450250,2.305176
0.450750,1.858906
0.451250,1.381567
0.451750,1.098006
0.452250,1.920855
0.452750,1.342146
0.453250,0.999041
0.453750,1.320581
0.454250,1.472190
0.454750,2.068894
0.455250,1.842047
0.455750,2.076365
0.456250,1.404159
0.456750,1.679475
0.457250,1.356932
0.457750,2.380979
0.458250,1.725304
0.458750,1.625433
0.459250,1.472011
0.459750,2.447265
0.460250,2.966888
0.460750,2.617935
0.461250,2.232730
0.461750,2.552839
0.462250,2.909287
0.462750,2.454980
0.463250,2.490802
0.463750,2.780537
0.464250,2.564058
0.464750,2.130663
0.465250,2.867791
0.465750,3.667291
0.466250,2.509116
0.466750,3.083766
0.467250,2.434442
0.467750,2.641148
0.468250,3.866122
0.468750,2.293106
0.469250,2.408447
0.469750,2.295894
0.470250,1.755478
0.470750,2.468764
0.471250,2.884930
0.471750,2.811745
0.472250,2.727565
0.472750,2.552016
0.473250,2.725008
0.473750,2.438961
0.474250,2.963039
0.474750,2.071539
0.475250,2.967973
0.475750,1.796379
0.476250,2.337857
0.476750,3.105260
0.477250,2.879460
0.477750,2.621426
0.478250,2.609095
0.478750,2.991978
0.479250,2.108054
0.479750,2.281512
0.480250,2.199692
0.480750,2.554309
0.481250,2.131336
0.481750,3.082962
0.482250,2.326239
0.482750,2.911570
0.483250,1.996498
0.483750,3.223432
0.484250,2.075496
0.484750,2.302985
0.485250,2.263973
0.485750,2.610054
0.486250,1.921139
0.486750,2.564240
0.487250,2.612911
0.487750,2.747251
0.488250,2.308878
0.488750,3.601338
0.489250,2.192547
0.489750,3.114522
0.490250,2.420652
0.490750,1.862532
0.491250,2.344512
0.491750,1.912756
0.492250,1.885606
0.492750,2.357040
0.493250,2.486066
0.493750,1.927415
0.494250,2.441620
0.494750,1.872007
0.495250,1.603985
0.495750,1.407073
0.496250,1.859508
0.496750,2.099342
0.497250,2.679586
0.497750,1.891088
0.498250,1.895885
0.498750,2.502462
0.499250,1.630435
0.499750,1.699744
0.500250,2.065317
0.500750,1.801801
0.501250,1.322424
0.501750,0.689441
0.502250,1.172346
0.502750,1.169168
0.503250,1.277392
0.503750,0.741677
0.504250,1.458416
0.504750,0.373114
0.505250,1.163538
0.505750,2.011511
0.506250,1.086075
0.506750,1.551007
0.507250,1.475740
0.507750,1.187010
0.508250,1.136799
0.508750,0.756855
0.509250,1.111026
0.509750,1.314591
0.510250,2.180386
0.510750,1.399975
0.511250,1.639621
0.511750,2.098478
0.512250,1.406615
0.512750,1.124706
0.513250,0.737950
0.513750,0.858053
0.514250,1.617013
0.514750,2.234209
0.515250,1.514399
0.515750,1.075891
0.516250,2.245044
0.516750,1.049022
0.517250,1.523313
0.517750,2.154827
0.518250,1.517969
0.518750,1.376024
0.519250,1.207426
0.519750,1.393487
0.520250,1.526411
0.520750,2.039712
0.521250,1.700291
0.521750,1.441051
0.522250,1.692010
0.522750,1.206508
0.523250,1.328839
0.523750,1.263646
0.524250,1.304484
0.524750,2.024543
0.525250,1.793138
0.525750,1.265941
0.526250,1.501566
0.526750,1.000580
0.527250,1.693383
0.527750,0.672102
0.528250,0.901818
0.528750,0.576349
0.529250,0.759357
0.529750,0.927764
0.530250,1.225170
0.530750,1.696199
0.531250,0.857118
0.531750,0.748934
0.532250,1.230981
0.532750,1.160949
0.533250,1.147980
0.533750,0.621109
0.534250,1.234904
0.534750,0.667119
0.535250,1.186630
0.535750,1.432505
0.536250,1.152092
0.536750,1.031823
0.537250,2.083184
0.537750,1.980057
0.538250,2.380483
0.538750,1.459140
0.539250,0.920201
0.539750,1.542631
0.540250,1.454851
0.540750,1.270515
0.541250,2.077020
0.541750,1.336069
0.542250,2.165226
0.542750,2.493861
0.543250,1.275144
0.543750,1.773242
0.544250,2.370627
0.544750,1.234895
0.545250,1.828869
0.545750,1.911584
0.546250,1.972296
0.546750,1.042173
0.547250,1.609526
0.547750,1.105570
0.548250,2.311536
0.548750,1.877588
0.549250,1.662560
0.549750,1.933853
0.550250,1.969479
0.550750,1.788874
0.551250,1.943861
0.551750,2.025012
0.552250,1.649077
0.552750,1.339957
0.553250,1.427744
0.553750,0.877631
0.554250,0.889247
0.554750,1.732740
0.555250,0.778254
0.555750,1.944087
0.556250,1.445760
0.556750,1.308922
0.557250,0.995687
0.557750,1.492795
0.558250,0.830310
0.558750,0.258028
0.559250,0.876147
0.559750,0.305684
0.560250,1.624383
0.560750,1.804582
0.561250,0.932009
0.561750,1.437815
0.562250,-0.189653
0.562750,0.863759
0.563250,0.529080
0.563750,0.781196
0.564250,0.940701
0.564750,0.126684
0.565250,0.534982
0.565750,0.322396
0.566250,0.632090
0.566750,1.467141
0.567250,1.051765
0.567750,1.201904
0.568250,1.065377
0.568750,0.038116
0.569250,0.297956
0.569750,0.664021
0.570250,0.957608
0.570750,0.712020
0.571250,0.190302
0.571750,0.548733
0.572250,1.080858
0.572750,0.966391
0.573250,0.218745
0.573750,0.380467
0.574250,0.397783
0.574750,0.193021
0.575250,0.071330
0.575750,0.249943
0.576250,-0.219781
0.576750,0.513405
0.577250,0.371157
0.577750,0.548172
0.578250,-0.053945
0.578750,0.017354
0.579250,0.361855
0.579750,-0.538210
0.580250,0.234857
0.580750,-0.807619
0.581250,0.121988
0.581750,-0.345626
0.582250,-0.826712
0.582750,-1.051139
0.583250,-0.235797
0.583750,-0.931914
0.584250,-0.232618
0.584750,-0.077395
0.585250,-0.034638
0.585750,-0.984816
0.586250,-0.100723
0.586750,-0.373973
0.587250,-0.211689
0.587750,-0.616570
0.588250,-0.743285
0.588750,-1.258720
0.589250,-0.298549
0.589750,-0.621730
0.590250,-1.022375
0.590750,-0.486494
0.591250,-0.245750
0.591750,-0.235158
0.592250,-0.292569
0.592750,-0.484997
0.593250,0.211356
0.593750,-0.100129
0.594250,-0.443294
0.594750,0.734261
0.595250,-0.497285
0.595750,-0.042437
0.596250,-1.014476
0.596750,0.842865
0.597250,0.639354
0.597750,0.038343
0.598250,0.248773
0.598750,0.118728
0.599250,0.342549
0.599750,0.015280
0.600250,-0.441493
0.600750,-0.051098
0.601250,0.370060
0.601750,-0.106880
0.602250,-0.183386
0.602750,0.808828
0.603250,0.297451
0.603750,0.584983
0.604250,-0.057320
0.604750,-0.177842
0.605250,-0.162218
0.605750,0.526655
0.606250,-0.678755
0.606750,-0.348294
0.607250,0.343457
0.607750,-0.274665
0.608250,-0.086852
0.608750,-0.233676
0.609250,-0.320621
0.609750,0.430345
0.610250,0.442183
0.610750,0.533175
0.611250,-0.264012
0.611750,0.439032
0.612250,-0.172617
0.612750,-0.565863
0.613250,-0.559557
0.613750,-0.001021
0.614250,0.105519
0.614750,0.378766
0.615250,0.288565
0.615750,-0.752229
0.616250,-0.822081
0.616750,0.063135
0.617250,0.150985
0.617750,-0.375195
0.618250,-0.142001
0.618750,-0.182997
0.619250,-0.395965
0.619750,0.157933
0.620250,-0.046399
0.620750,-0.103969
0.621250,0.228724
0.621750,-0.332659
0.622250,0.577812
0.622750,-0.163498
0.623250,0.605712
0.623750,-0.047809
0.624250,0.263987
0.624750,0.254626
0.625250,0.398863
0.625750,-0.412232
0.626250,-0.145263
0.626750,0.577563
0.627250,0.455420
0.627750,0.959247
0.628250,1.107545
0.628750,0.794906
0.629250,0.728040
0.629750,0.694229
0.630250,0.635419
0.630750,0.333589
0.631250,0.524850
0.631750,0.642746
0.632250,0.403305
0.632750,-0.117934
0.633250,1.287397
0.633750,0.563748
0.634250,0.126421
0.634750,0.507645
0.635250,0.308577
0.635750,0.733750
0.636250,1.002874
0.636750,1.676741
0.637250,0.834047
0.637750,1.001080
0.638250,0.605485
0.638750,1.678535
0.639250,1.388507
0.639750,0.905562
0.640250,1.308679
0.640750,0.848994
0.641250,0.646914
0.641750,1.275660
0.642250,1.301358
0.642750,1.309805
0.643250,0.816787
0.643750,0.492334
0.644250,0.665442
0.644750,0.396455
0.645250,0.210384
0.645750,0.431443
0.646250,0.303364
0.646750,1.001506
0.647250,1.142603
0.647750,1.037129
0.648250,1.431977
0.648750,0.335874
0.649250,0.446915
0.649750,1.359184
0.650250,0.840182
0.650750,0.497787
0.651250,1.100990
0.651750,1.092522
0.652250,1.389587
0.652750,0.908434
0.653250,1.389795
0.653750,0.629732
0.654250,0.295985
0.654750,0.401072
0.655250,0.214811
0.655750,0.050255
0.656250,0.307471
0.656750,1.152387
0.657250,0.583773
0.657750,0.949904
0.658250,0.842473
0.658750,1.086493
0.659250,0.495742
0.659750,0.985897
0.660250,0.404158
0.660750,0.323710
0.661250,0.486927
0.661750,-0.218558
0.662250,0.278954
0.662750,0.791543
0.663250,-0.087542
0.663750,0.125449
0.664250,0.600846
0.664750,0.673534
0.665250,0.161725
0.665750,-0.319400
0.666250,-0.336268
0.666750,0.288585
0.667250,0.362908
0.667750,0.479406
0.668250,-1.132597
0.668750,-1.299593
0.669250,-0.266118
0.669750,-0.176022
0.670250,-0.879331
0.670750,0.388086
0.671250,0.567590
0.671750,-0.166323
0.672250,-0.633147
0.672750,-1.108999
0.673250,-1.667307
0.673750,-0.869908
0.674250,-0.875198
0.674750,-1.952883
0.675250,-1.480292
0.675750,-0.546949
0.676250,-1.534237
0.676750,-0.189669
0.677250,-0.144472
0.677750,-0.389083
0.678250,-0.783145
0.678750,-1.032987
0.679250,-0.720659
0.679750,-2.371373
0.680250,-1.587935
0.680750,-1.075128
0.681250,-2.199713
0.681750,-2.266004
0.682250,-1.657882
0.682750,-1.134093
0.683250,-0.993877
0.683750,-0.979422
0.684250,-0.740648
0.684750,-1.199030
0.685250,-0.532674
0.685750,-0.896870
0.686250,-1.649954
0.686750,0.239159
0.687250,-0.173408
0.687750,-0.821705
0.688250,-1.542568
0.688750,-1.183451
0.689250,-0.990912
0.689750,-0.803374
0.690250,-0.258918
0.690750,0.097475
0.691250,-0.485258
0.691750,0.204944
0.692250,-0.290332
0.692750,-0.156325
0.693250,-0.981822
0.693750,0.346163
0.694250,-1.378956
0.694750,-0.258914
0.695250,-1.383164
0.695750,-0.566567
0.696250,-0.779014
0.696750,-0.638299
0.697250,-0.700308
0.697750,-0.858281
0.698250,-1.317157
0.698750,-1.164666
0.699250,-1.202108
0.699750,-0.513702
0.700250,-0.544020
0.700750,-1.461337
0.701250,-1.428216
0.701750,-1.752797
0.702250,-1.242547
0.702750,-0.926422
0.703250,-0.525458
0.703750,-0.351023
0.704250,-0.509848
0.704750,-0.565053
0.705250,-0.997034
0.705750,-1.320890
0.706250,-2.204789
0.706750,-1.049539
0.707250,-1.395282
0.707750,-1.257454
0.708250,-1.322490
0.708750,-1.653133
0.709250,-1.398309
0.709750,-1.137129
0.710250,-0.773730
0.710750,0.272091
0.711250,-0.877584
0.711750,-1.009749
0.712250,-1.025098
0.712750,-0.238763
0.713250,-1.246978
0.713750,-0.457092
0.714250,-0.524996
0.714750,-0.435942
0.715250,-0.253975
0.715750,-0.989497
0.716250,-0.221093
0.716750,-0.409906
0.717250,-0.002402
0.717750,-0.123943
0.718250,0.984999
0.718750,0.324815
0.719250,0.580555
0.719750,0.104173
0.720250,-1.299428
0.720750,-0.334731
0.721250,-0.026602
0.721750,-0.023355
0.722250,-0.170759
0.722750,0.051503
0.723250,0.121686
0.723750,-0.254367
0.724250,0.140480
0.724750,0.446376
0.725250,-0.317570
0.725750,-0.079280
0.726250,-0.362379
0.726750,-0.057652
0.727250,-1.079330
0.727750,-0.517982
0.728250,-0.604670
0.728750,-0.592144
0.729250,-0.862554
0.729750,-0.909910
0.730250,-0.560951
0.730750,-0.538995
0.731250,-0.095970
0.731750,-0.404521
0.732250,-1.721188
0.732750,-0.507588
0.733250,0.056950
0.733750,-1.384197
0.734250,-1.284512
0.734750,-2.424296
0.735250,-1.827977
0.735750,-1.278700
0.736250,-1.029701
0.736750,-1.056055
0.737250,-1.892021
0.737750,-1.456227
0.738250,-2.496097
0.738750,-1.103021
0.739250,-1.333189
0.739750,-1.394257
0.740250,-2.023019
0.740750,-1.614771
0.741250,-1.578852
0.741750,-1.611957
0.742250,-1.195945
0.742750,-0.476575
0.743250,-0.250203
0.743750,-1.479340
0.744250,-1.818023
0.744750,-2.071400
0.745250,-2.634741
0.745750,-1.313646
0.746250,-1.462525
0.746750,-1.278633
0.747250,-1.539935
0.747750,-1.583994
0.748250,-2.283760
0.748750,-2.010764
0.749250,-1.396944
0.749750,-1.043133
0.750250,-0.542711
0.750750,-2.163521
0.751250,-2.236585
0.751750,-1.829131
0.752250,-1.841819
0.752750,-1.463232
0.753250,-1.827903
0.753750,-1.342051
0.754250,-1.458112
0.754750,-2.017062
0.755250,-2.267460
0.755750,-1.636312
0.756250,-1.887242
0.756750,-2.138745
0.757250,-1.575639
0.757750,-2.203105
0.758250,-2.987278
0.758750,-2.315816
0.759250,-2.321115
0.759750,-2.645818
0.760250,-3.211354
0.760750,-2.186683
0.761250,-2.133539
0.761750,-2.517038
0.762250,-3.736778
0.762750,-2.170996
0.763250,-2.952726
0.763750,-2.723591
0.764250,-2.646579
0.764750,-2.578060
0.765250,-2.944543
0.765750,-2.783280
0.766250,-2.888287
0.766750,-2.329828
0.767250,-2.286877
0.767750,-2.690345
0.768250,-2.959380
0.768750,-3.255631
0.769250,-2.569207
0.769750,-3.113173
0.770250,-2.219441
0.770750,-2.601526
0.771250,-2.089549
0.771750,-2.946433
0.772250,-2.631374
0.772750,-2.845512
0.773250,-2.812855
0.773750,-2.175447
0.774250,-1.962281
0.774750,-2.539533
0.775250,-2.391008
0.775750,-2.810564
0.776250,-3.188857
0.776750,-3.016715
0.777250,-2.006441
0.777750,-2.106147
0.778250,-2.098300
0.778750,-3.485195
0.779250,-3.042506
0.779750,-1.932571
0.780250,-2.896907
0.780750,-2.387754
0.781250,-2.831447
0.781750,-2.879292
0.782250,-2.422112
0.782750,-1.585020
0.783250,-2.339818
0.783750,-2.229498
0.784250,-1.666227
0.784750,-2.512587
0.785250,-1.714053
0.785750,-1.276445
0.786250,-2.229322
0.786750,-2.133207
0.787250,-2.575318
0.787750,-2.781737
0.788250,-2.231053
0.788750,-1.865243
0.789250,-3.409705
0.789750,-2.259155
0.790250,-2.454296
0.790750,-1.688600
0.791250,-1.961006
0.791750,-2.716892
0.792250,-3.255482
0.792750,-2.456373
0.793250,-2.917908
0.793750,-3.306994
0.794250,-2.398080
0.794750,-2.928090
0.795250,-1.588223
0.795750,-3.393474
0.796250,-3.137473
0.796750,-2.425020
0.797250,-2.656861
0.797750,-1.693038
0.798250,-2.109777
0.798750,-2.015319
0.799250,-2.847349
0.799750,-2.639341
0.800250,-1.992642
0.800750,-2.337768
0.801250,-2.577087
0.801750,-1.986153
0.802250,-2.066445
0.802750,-2.006916
0.803250,-2.785195
0.803750,-2.228645
0.804250,-2.428800
0.804750,-2.363785
0.805250,-2.096878
0.805750,-1.403059
0.806250,-3.061136
0.806750,-2.486226
0.807250,-2.297249
0.807750,-1.302020
0.808250,-2.667089
0.808750,-1.471721
0.809250,-2.208032
0.809750,-2.512871
0.810250,-1.925958
0.810750,-1.748673
0.811250,-1.609285
0.811750,-1.949815
0.812250,-2.424462
0.812750,-1.472959
0.813250,-0.598084
0.813750,-1.948656
0.814250,-1.127818
0.814750,-1.919135
0.815250,-0.626435
0.815750,-2.009295
0.816250,-1.217331
0.816750,-0.495586
0.817250,-1.341875
0.817750,-0.993617
0.818250,-1.555814
0.818750,-0.627475
0.819250,-0.816626
0.819750,-0.729626
0.820250,-0.376046
0.820750,-0.640466
0.821250,0.191044
0.821750,-0.386594
0.822250,-0.305004
0.822750,-0.112514
0.823250,-0.563191
0.823750,-1.280838
0.824250,-1.793508
0.824750,-1.030298
0.825250,-0.414566
0.825750,-1.562157
0.826250,0.046284
0.826750,0.101954
0.827250,-1.266560
0.827750,-0.553565
0.828250,-0.533964
0.828750,-0.990955
0.829250,-0.780395
0.829750,-0.937335
0.830250,0.021862
0.830750,-1.632617
0.831250,-1.176059
0.831750,-1.374888
0.832250,-1.089419
0.832750,-1.118439
0.833250,-0.827466
0.833750,-1.360335
0.834250,-1.035175
0.834750,-0.577328
0.835250,-1.349929
0.835750,-1.748239
0.836250,-1.069922
0.836750,-1.377854
0.837250,-0.628449
0.837750,-0.772030
0.838250,-0.859244
0.838750,-0.727315
0.839250,-0.781293
0.839750,-0.696778
0.840250,-0.811031
0.840750,-1.468203
0.841250,-0.574362
0.841750,-0.223801
0.842250,-0.845134
0.842750,-0.695637
0.843250,-1.443136
0.843750,-1.570747
0.844250,-1.909436
0.844750,-2.564413
0.845250,-1.381601
0.845750,-1.368940
0.846250,-1.780730
0.846750,-0.913211
0.847250,-0.263722
0.847750,-1.355441
0.848250,-0.626850
0.848750,-1.120383
0.849250,-1.553330
0.849750,-0.847986
0.850250,-0.200425
0.850750,-0.419052
0.851250,-0.180848
0.851750,-1.004483
0.852250,-0.645447
0.852750,-1.042178
0.853250,0.545427
0.853750,-0.666146
0.854250,-1.183694
0.854750,-1.209654
0.855250,-0.728154
0.855750,-0.694461
0.856250,-0.510585
0.856750,-0.397088
0.857250,-0.355250
0.857750,-1.215025
0.858250,-0.923871
0.858750,-1.676719
0.859250,-2.151798
0.859750,-1.259764
0.860250,-1.926286
0.860750,-1.215841
0.861250,-0.813561
0.861750,-0.538442
0.862250,-0.738767
0.862750,-0.940425
0.863250,-0.450505
0.863750,-1.212140
0.864250,-1.489492
0.864750,-0.513402
0.865250,-1.603301
0.865750,-2.471873
0.866250,-1.857506
0.866750,-1.523749
0.867250,-2.309186
0.867750,-1.874444
0.868250,-2.208397
0.868750,-2.461825
0.869250,-2.259710
0.869750,-2.167679
0.870250,-3.071688
0.870750,-1.572837
0.871250,-2.534976
0.871750,-2.026421
0.872250,-1.671671
0.872750,-1.770544
0.873250,-2.849653
0.873750,-2.293103
0.874250,-1.942209
0.874750,-2.596790
0.875250,-2.332842
0.875750,-1.936709
0.876250,-1.781628
0.876750,-1.792280
0.877250,-2.344654
0.877750,-1.676059
0.878250,-1.518247
0.878750,-1.604917
0.879250,-1.275836
0.879750,-1.583444
0.880250,-2.045831
0.880750,-2.011191
0.881250,-1.279982
0.881750,-2.304471
0.882250,-2.131281
0.882750,-2.292215
0.883250,-0.760913
0.883750,-1.272767
0.884250,-0.684742
0.884750,-1.756171
0.885250,-2.660506
0.885750,-1.106566
0.886250,-0.703232
0.886750,-1.466367
0.887250,-1.747805
0.887750,-1.414800
0.888250,-1.739965
0.888750,-1.736832
0.889250,-1.587433
0.889750,-1.008779
0.890250,-1.689501
0.890750,-1.944092
0.891250,-0.828232
0.891750,-0.488206
0.892250,-1.451084
0.892750,-1.961378
0.893250,-2.977075
0.893750,-2.424780
0.894250,-1.792991
0.894750,-0.511368
0.895250,-1.698443
0.895750,-0.837297
0.896250,-1.390518
0.896750,-0.638564
0.897250,-1.935963
0.897750,-1.193309
0.898250,-0.976539
0.898750,-0.927828
0.899250,-0.961337
0.899750,-1.521382
0.900250,-1.815217
0.900750,-1.013365
0.901250,-2.222096
0.901750,-1.787879
0.902250,-1.290734
0.902750,-1.936987
0.903250,-1.258854
0.903750,-1.657416
0.904250,-1.633306
0.904750,-2.159370
0.905250,-1.995838
0.905750,-1.151915
0.906250,-1.334527
0.906750,-1.224494
0.907250,-0.213258
0.907750,-0.635174
0.908250,-1.960823
0.908750,-0.532595
0.909250,-0.218459
0.909750,-1.220670
0.910250,-1.183577
0.910750,-1.213844
0.911250,-1.386044
0.911750,-1.052638
0.912250,-1.360822
0.912750,-0.395392
0.913250,-0.486416
0.913750,-0.259724
0.914250,-0.498099
0.914750,0.604257
0.915250,-0.698192
0.915750,0.423239
0.916250,0.082620
0.916750,0.429740
0.917250,0.286677
0.917750,0.561444
0.918250,0.564542
0.918750,-0.567112
0.919250,-0.394165
0.919750,-0.869173
0.920250,-0.884150
0.920750,-0.676598
0.921250,-0.928544
0.921750,0.686367
0.922250,0.740687
0.922750,0.345760
0.923250,-0.209310
0.923750,0.054425
0.924250,-1.057324
0.924750,-1.207445
0.925250,-0.200095
0.925750,0.260539
0.926250,-0.559642
0.926750,-0.388816
0.927250,-0.158146
0.927750,-0.349035
0.928250,-0.917644
0.928750,0.085616
0.929250,0.409839
0.929750,0.385588
0.930250,0.353551
0.930750,-0.217661
0.931250,0.256625
0.931750,0.286754
0.932250,-0.211642
0.932750,0.344968
0.933250,-0.406440
0.933750,-0.702478
0.934250,-0.639635
0.934750,-0.999212
0.935250,-0.614045
0.935750,-0.259256
0.936250,-0.259482
0.936750,-0.247535
0.937250,-0.200370
0.937750,-0.933047
0.938250,-1.122307
0.938750,-0.182263
0.939250,-1.137309
0.939750,-1.033310
0.940250,-0.455110
0.940750,-0.443158
0.941250,-0.835099
0.941750,-1.703924
0.942250,-0.709181
0.942750,-0.681956
0.943250,-0.224690
0.943750,-0.884846
0.944250,-0.658431
0.944750,-1.022970
0.945250,-0.655738
0.945750,-1.214570
0.946250,-1.219406
0.946750,-0.601770
0.947250,-0.517719
0.947750,-1.135027
0.948250,-1.276323
0.948750,-1.382722
0.949250,-0.661233
0.949750,-1.641560
0.950250,-0.691010
0.950750,-0.995309
0.951250,-0.244817
0.951750,-0.093365
0.952250,-1.613146
0.952750,-0.641874
0.953250,-0.620594
0.953750,-1.367826
0.954250,-0.933848
0.954750,-0.919886
0.955250,-0.978683
0.955750,-0.752853
0.956250,-1.269329
0.956750,-1.333225
0.957250,-1.335886
0.957750,-1.167974
0.958250,-0.833281
0.958750,0.121992
0.959250,-1.065712
0.959750,-1.878524
0.960250,-0.784255
0.960750,-1.883259
0.961250,-1.921173
0.961750,-1.948282
0.962250,-0.545225
0.962750,-0.247317
0.963250,-1.697929
0.963750,-1.434657
0.964250,-2.178867
0.964750,-0.917016
0.965250,-1.478489
0.965750,-2.103179
0.966250,-2.497434
0.966750,-1.253084
0.967250,-2.057738
0.967750,-1.458853
0.968250,-2.091878
0.968750,-2.523477
0.969250,-2.015324
0.969750,-1.778291
0.970250,-2.379108
0.970750,-1.522050
0.971250,-2.420945
0.971750,-1.947592
0.972250,-2.106042
0.972750,-2.689787
0.973250,-2.293847
0.973750,-1.885132
0.974250,-3.462854
0.974750,-1.878259
0.975250,-3.284516
0.975750,-1.852941
0.976250,-2.415292
0.976750,-2.978016
0.977250,-2.059687
0.977750,-1.601548
0.978250,-2.551463
0.978750,-1.781014
0.979250,-2.458623
0.979750,-1.031931
0.980250,-1.837211
0.980750,-1.500472
0.981250,-2.466352
0.981750,-0.630548
0.982250,-1.873540
0.982750,-1.368950
0.983250,-1.361233
0.983750,-1.863829
0.984250,-0.585100
0.984750,-1.069141
0.985250,-1.311242
0.985750,-1.503150
0.986250,-1.199119
0.986750,-0.987982
0.987250,-1.831055
0.987750,-1.261407
0.988250,-1.127409
0.988750,-3.369727
0.989250,-1.401193
0.989750,-0.182157
0.990250,0.301428
0.990750,0.390331
0.991250,-0.520620
0.991750,-0.674555
0.992250,-0.969718
0.992750,-1.643259
0.993250,-1.646462
0.993750,-1.105764
0.994250,-1.545873
0.994750,-1.510169
0.995250,-1.759407
0.995750,-0.197265
0.996250,-1.632300
0.996750,-0.178737
0.997250,-0.816850
0.997750,-1.267711
0.998250,-1.022541
0.998750,-0.970057
0.999250,-1.392484
0.999750,-0.459012
