0.000250,0.086479
0.000750,0.109190
0.001250,0.084108
0.001750,-0.170858
0.002250,-0.147645
0.002750,-0.007947
0.003250,0.045677
0.003750,-0.024504
0.004250,0.136563
0.004750,0.282945
0.005250,0.346758
0.005750,0.323795
0.006250,0.210938
0.006750,0.177227
0.007250,0.162184
0.007750,0.134339
0.008250,0.161345
0.008750,0.051358
0.009250,0.012054
0.009750,-0.083977
0.010250,0.030198
0.010750,0.140754
0.011250,0.175798
0.011750,0.368322
0.012250,0.298156
0.012750,0.470880
0.013250,0.389305
0.013750,0.367826
0.014250,0.574143
0.014750,0.637856
0.015250,0.687316
0.015750,1.002608
0.016250,1.055348
0.016750,1.064209
0.017250,1.221694
0.017750,1.018396
0.018250,1.069619
0.018750,1.061912
0.019250,1.046818
0.019750,1.224119
0.020250,1.274295
0.020750,1.316364
0.021250,0.959594
0.021750,1.076476
0.022250,1.077058
0.022750,1.064462
0.023250,0.922970
0.023750,0.761238
0.024250,0.735008
0.024750,0.609120
0.025250,0.781560
0.025750,0.946618
0.026250,1.019697
0.026750,1.065505
0.027250,0.939720
0.027750,1.075545
0.028250,1.141597
0.028750,0.827771
0.029250,1.001825
0.029750,1.074565
0.030250,1.088279
0.030750,1.244933
0.031250,1.278302
0.031750,1.461224
0.032250,1.534536
0.032750,1.543322
0.033250,1.570040
0.033750,1.662907
0.034250,1.389646
0.034750,1.470035
0.035250,1.335759
0.035750,1.200533
0.036250,1.256776
0.036750,1.179623
0.037250,1.180600
0.037750,1.195314
0.038250,1.121708
0.038750,1.242779
0.039250,1.243501
0.039750,1.099007
0.040250,0.814828
0.040750,0.910288
0.041250,0.636434
0.041750,0.702119
0.042250,0.812850
0.042750,0.642091
0.043250,0.733991
0.043750,0.588638
0.044250,0.494410
0.044750,0.599021
0.045250,0.565078
0.045750,0.810646
0.046250,0.621491
0.046750,0.496714
0.047250,0.793368
0.047750,0.951234
0.048250,1.026993
0.048750,1.055560
0.049250,1.125880
0.049750,0.847956
0.050250,0.810205
0.050750,0.785858
0.051250,0.859199
0.051750,0.311909
0.052250,0.559344
0.052750,1.033296
0.053250,0.927441
0.053750,0.829578
0.054250,0.687164
0.054750,1.268627
0.055250,1.132585
0.055750,1.358633
0.056250,1.523832
0.056750,1.438276
0.057250,1.372089
0.057750,1.312194
0.058250,1.859710
0.058750,1.777199
0.059250,1.686800
0.059750,1.623478
0.060250,1.551217
0.060750,1.546135
0.061250,1.372894
0.061750,1.564045
0.062250,1.557327
0.062750,1.631006
0.063250,1.589462
0.063750,1.565934
0.064250,1.646513
0.064750,1.808580
0.065250,1.603943
0.065750,1.571143
0.066250,1.688487
0.066750,1.327986
0.067250,1.476989
0.067750,1.355134
0.068250,1.089523
0.068750,1.152153
0.069250,1.113937
0.069750,0.720057
0.070250,0.953695
0.070750,1.184845
0.071250,0.875681
0.071750,0.895292
0.072250,0.888076
0.072750,1.050084
0.073250,0.857538
0.073750,1.005067
0.074250,1.045048
0.074750,1.103603
0.075250,1.157996
0.075750,1.247573
0.076250,1.167098
0.076750,1.301520
0.077250,0.967267
0.077750,0.804692
0.078250,1.002796
0.078750,1.110825
0.079250,0.998233
0.079750,0.959152
0.080250,0.964708
0.080750,1.074782
0.081250,1.144235
0.081750,1.194059
0.082250,0.967782
0.082750,1.429044
0.083250,1.264737
0.083750,1.298163
0.084250,1.331365
0.084750,1.248405
0.085250,1.722188
0.085750,1.591334
0.086250,1.543465
0.086750,1.359084
0.087250,1.431551
0.087750,1.682735
0.088250,1.341611
0.088750,1.465405
0.089250,1.257539
0.089750,1.424126
0.090250,1.435378
0.090750,0.884633
0.091250,0.994643
0.091750,0.972353
0.092250,1.130007
0.092750,1.079689
0.093250,0.905392
0.093750,0.977959
0.094250,0.629959
0.094750,0.922292
0.095250,1.038556
0.095750,0.813536
0.096250,0.609838
0.096750,0.591257
0.097250,0.912306
0.097750,0.817453
0.098250,0.429105
0.098750,0.433967
0.099250,0.566473
0.099750,0.406574
0.100250,0.561516
0.100750,-0.002541
0.101250,0.259564
0.101750,0.059512
0.102250,-0.190672
0.102750,-0.323077
0.103250,-0.538547
0.103750,-0.523110
0.104250,0.035935
0.104750,-0.128696
0.105250,0.117851
0.105750,0.051245
0.106250,-0.089854
0.106750,0.137288
0.107250,0.086499
0.107750,0.646432
0.108250,0.612016
0.108750,0.056035
0.109250,0.477664
0.109750,0.779404
0.110250,0.159103
0.110750,0.311065
0.111250,0.407551
0.111750,-0.004303
0.112250,0.512611
0.112750,0.579952
0.113250,0.501685
0.113750,0.652081
0.114250,0.324762
0.114750,0.576365
0.115250,0.521320
0.115750,0.035928
0.116250,0.023957
0.116750,0.118899
0.117250,0.030901
0.117750,0.295951
0.118250,0.243641
0.118750,0.544373
0.119250,0.330028
0.119750,0.618713
0.120250,1.117637
0.120750,1.061770
0.121250,1.048337
0.121750,0.765740
0.122250,1.003805
0.122750,1.101385
0.123250,1.106469
0.123750,1.199763
0.124250,1.000665
0.124750,1.080101
0.125250,1.212268
0.125750,1.222415
0.126250,0.602041
0.126750,0.633091
0.127250,0.502580
0.127750,0.496833
0.128250,0.853321
0.128750,0.320781
0.129250,0.991189
0.129750,0.716047
0.130250,0.883649
0.130750,0.816499
0.131250,0.926567
0.131750,0.716613
0.132250,1.064777
0.132750,0.835091
0.133250,1.050989
0.133750,1.158716
0.134250,1.351601
0.134750,0.918769
0.135250,0.976896
0.135750,0.486651
0.136250,0.531521
0.136750,0.567567
0.137250,0.333188
0.137750,0.398816
0.138250,0.210407
0.138750,-0.072731
0.139250,-0.365888
0.139750,0.275618
0.140250,-0.039168
0.140750,-0.070631
0.141250,-0.264447
0.141750,-0.111177
0.142250,-0.508562
0.142750,-0.091646
0.143250,-0.243603
0.143750,-0.469988
0.144250,-0.492793
0.144750,-0.405213
0.145250,-0.574500
0.145750,-0.296292
0.146250,-0.311010
0.146750,-0.316666
0.147250,-0.228727
0.147750,-0.009769
0.148250,-0.208255
0.148750,-0.067245
0.149250,0.094442
0.149750,0.035423
0.150250,-0.100746
0.150750,-0.186638
0.151250,-0.313582
0.151750,-0.035635
0.152250,-0.021094
0.152750,-0.327143
0.153250,-0.065063
0.153750,-0.817866
0.154250,-0.319441
0.154750,-0.308805
0.155250,-0.289316
0.155750,-0.219654
0.156250,-0.252266
0.156750,-0.203893
0.157250,-0.255076
0.157750,0.205913
0.158250,-0.331044
0.158750,0.079048
0.159250,0.190161
0.159750,-0.171585
0.160250,-0.015360
0.160750,0.207022
0.161250,0.280888
0.161750,0.189534
0.162250,0.601180
0.162750,0.108560
0.163250,0.269844
0.163750,0.448780
0.164250,0.665009
0.164750,0.452252
0.165250,0.789640
0.165750,0.226776
0.166250,0.131465
0.166750,0.002291
0.167250,0.515690
0.167750,0.331596
0.168250,0.164335
0.168750,0.346108
0.169250,-0.087047
0.169750,-0.148276
0.170250,-0.437895
0.170750,-0.075480
0.171250,-0.686779
0.171750,-0.401885
0.172250,-0.159809
0.172750,-0.132756
0.173250,-0.271825
0.173750,-0.593327
0.174250,-0.455963
0.174750,-0.616772
0.175250,-0.583673
0.175750,-0.476723
0.176250,-0.478585
0.176750,-0.869060
0.177250,-0.582260
0.177750,-0.501904
0.178250,-0.567043
0.178750,-0.686332
0.179250,-0.475524
0.179750,-0.325169
0.180250,-0.840966
0.180750,-0.692416
0.181250,-0.482772
0.181750,-0.530042
0.182250,-0.986617
0.182750,-0.596079
0.183250,-0.636649
0.183750,-0.538461
0.184250,-0.728807
0.184750,-0.863500
0.185250,-1.166971
0.185750,-1.150215
0.186250,-1.169669
0.186750,-0.830504
0.187250,-0.849767
0.187750,-1.096771
0.188250,-0.937084
0.188750,-0.973717
0.189250,-1.260620
0.189750,-0.909923
0.190250,-0.674679
0.190750,-0.674589
0.191250,-0.953274
0.191750,-0.899879
0.192250,-0.862032
0.192750,-0.994099
0.193250,-0.682602
0.193750,0.191979
0.194250,0.068979
0.194750,-0.105106
0.195250,-0.359632
0.195750,-0.222303
0.196250,-0.443646
0.196750,-0.703132
0.197250,0.131596
0.197750,0.019910
0.198250,-0.548952
0.198750,-0.359991
0.199250,-0.012565
0.199750,-0.470678
0.200250,-0.258733
0.200750,-0.059806
0.201250,-0.122025
0.201750,-0.613510
0.202250,-0.697236
0.202750,-0.826037
0.203250,-0.922073
0.203750,-0.890104
0.204250,-0.421134
0.204750,-0.101622
0.205250,-0.141246
0.205750,-0.273304
0.206250,-0.175133
0.206750,-0.314408
0.207250,-0.303537
0.207750,0.383530
0.208250,0.577201
0.208750,0.125732
0.209250,0.220367
0.209750,0.479763
0.210250,0.297145
0.210750,0.543529
0.211250,0.895416
0.211750,0.821069
0.212250,0.435118
0.212750,0.797648
0.213250,0.755601
0.213750,0.865424
0.214250,0.781003
0.214750,1.238007
0.215250,1.063233
0.215750,0.915529
0.216250,0.846412
0.216750,0.783201
0.217250,0.223002
0.217750,0.415883
0.218250,0.672798
0.218750,0.976833
0.219250,0.743605
0.219750,0.888578
0.220250,0.654433
0.220750,0.298920
0.221250,0.368347
0.221750,0.976294
0.222250,0.772989
0.222750,0.932396
0.223250,1.049465
0.223750,0.928262
0.224250,1.070049
0.224750,0.488948
0.225250,0.622962
0.225750,0.765178
0.226250,0.810012
0.226750,1.214876
0.227250,1.179175
0.227750,1.038209
0.228250,0.880851
0.228750,0.432799
0.229250,0.571563
0.229750,0.832415
0.230250,0.859722
0.230750,0.473077
0.231250,0.822870
0.231750,0.642868
0.232250,0.288693
0.232750,0.571090
0.233250,0.910777
0.233750,0.831282
0.234250,0.369203
0.234750,0.149712
0.235250,0.356462
0.235750,0.105786
0.236250,-0.087147
0.236750,-0.162051
0.237250,0.160755
0.237750,0.043377
0.238250,-0.103994
0.238750,-0.089411
0.239250,0.022091
0.239750,-0.005897
0.240250,-0.180104
0.240750,-0.322156
0.241250,0.154119
0.241750,-0.160305
0.242250,-0.028255
0.242750,-0.100033
0.243250,0.157354
0.243750,-0.022560
0.244250,0.065892
0.244750,0.315270
0.245250,0.227746
0.245750,0.308658
0.246250,0.671665
0.246750,0.086341
0.247250,0.290300
0.247750,0.151965
0.248250,-0.067240
0.248750,0.448086
0.249250,0.731156
0.249750,0.305576
0.250250,0.501028
0.250750,0.072150
0.251250,0.316574
0.251750,0.443104
0.252250,0.243975
0.252750,0.687612
0.253250,-0.001906
0.253750,0.137604
0.254250,0.225287
0.254750,-0.141421
0.255250,-0.054697
0.255750,-0.021152
0.256250,0.613681
0.256750,0.616398
0.257250,0.046175
0.257750,0.075808
0.258250,0.222466
0.258750,-0.123534
0.259250,0.196188
0.259750,0.644417
0.260250,0.690596
0.260750,0.584555
0.261250,0.574797
0.261750,0.579702
0.262250,1.068152
0.262750,0.830703
0.263250,0.684842
0.263750,0.866021
0.264250,1.242971
0.264750,1.014174
0.265250,1.205924
0.265750,1.124423
0.266250,0.849847
0.266750,0.921981
0.267250,0.639284
0.267750,1.209377
0.268250,0.973368
0.268750,1.145332
0.269250,0.923839
0.269750,0.661524
0.270250,1.173609
0.270750,0.983786
0.271250,0.685440
0.271750,0.665755
0.272250,0.816743
0.272750,1.079419
0.273250,1.148458
0.273750,0.918520
0.274250,0.859080
0.274750,0.696139
0.275250,0.434655
0.275750,0.195554
0.276250,0.109231
0.276750,0.719632
0.277250,0.699495
0.277750,0.233402
0.278250,0.395763
0.278750,0.026233
0.279250,0.268346
0.279750,0.103739
0.280250,-0.059342
0.280750,0.576265
0.281250,0.253454
0.281750,0.676878
0.282250,0.646190
0.282750,0.267266
0.283250,-0.172661
0.283750,-0.125340
0.284250,0.368004
0.284750,0.349252
0.285250,0.478094
0.285750,0.648831
0.286250,0.290780
0.286750,0.222079
0.287250,-0.187712
0.287750,-0.129153
0.288250,-0.654717
0.288750,-0.340161
0.289250,-0.251802
0.289750,-0.397419
0.290250,0.025370
0.290750,-0.225488
0.291250,-0.540736
0.291750,-0.548501
0.292250,-0.302964
0.292750,-0.585118
0.293250,-0.654385
0.293750,-0.317932
0.294250,-0.016469
0.294750,-0.562176
0.295250,-0.468699
0.295750,-1.039054
0.296250,-1.073963
0.296750,-1.068773
0.297250,-1.044064
0.297750,-0.867485
0.298250,-0.441827
0.298750,-0.353386
0.299250,-0.028366
0.299750,-0.068065
0.300250,-0.334452
0.300750,-0.203751
0.301250,-0.097163
0.301750,0.473978
0.302250,-0.323628
0.302750,-0.399215
0.303250,0.014808
0.303750,0.637949
0.304250,0.080709
0.304750,-0.010822
0.305250,0.066052
0.305750,0.443789
0.306250,0.263238
0.306750,0.188266
0.307250,0.178943
0.307750,0.324561
0.308250,0.433352
0.308750,0.318466
0.309250,0.019623
0.309750,0.198542
0.310250,0.143654
0.310750,0.477792
0.311250,-0.153256
0.311750,-0.067783
0.312250,0.128747
0.312750,0.421212
0.313250,0.251141
0.313750,-0.460573
0.314250,-0.700989
0.314750,0.248595
0.315250,0.235951
0.315750,0.551779
0.316250,0.480686
0.316750,0.569455
0.317250,0.207383
0.317750,0.054738
0.318250,0.245122
0.318750,0.204439
0.319250,0.601825
0.319750,0.746280
0.320250,0.552950
0.320750,0.452672
0.321250,0.711677
0.321750,1.198638
0.322250,0.904238
0.322750,0.878650
0.323250,0.841692
0.323750,1.040700
0.324250,1.126958
0.324750,1.482473
0.325250,1.677107
0.325750,1.575779
0.326250,1.476190
0.326750,1.376217
0.327250,1.551931
0.327750,1.350951
0.328250,1.293845
0.328750,1.119826
0.329250,1.795276
0.329750,1.548165
0.330250,1.399962
0.330750,1.524737
0.331250,1.225989
0.331750,1.495647
0.332250,1.572104
0.332750,1.630276
0.333250,0.956532
0.333750,1.240195
0.334250,1.190748
0.334750,1.341048
0.335250,1.241864
0.335750,1.508828
0.336250,1.125685
0.336750,1.184113
0.337250,1.595009
0.337750,1.265839
0.338250,1.394608
0.338750,1.582753
0.339250,1.489669
0.339750,1.422150
0.340250,1.139292
0.340750,1.461051
0.341250,1.517248
0.341750,1.882412
0.342250,1.626388
0.342750,1.581373
0.343250,1.577685
0.343750,1.876692
0.344250,1.908938
0.344750,1.459836
0.345250,1.878490
0.345750,2.166609
0.346250,1.876989
0.346750,2.222984
0.347250,2.394441
0.347750,1.618823
0.348250,2.225030
0.348750,1.576948
0.349250,1.811895
0.349750,1.153717
0.350250,0.990537
0.350750,1.726014
0.351250,1.885021
0.351750,1.712533
0.352250,1.044762
0.352750,1.674677
0.353250,1.571058
0.353750,2.029316
0.354250,1.150927
0.354750,1.457370
0.355250,1.546760
0.355750,1.854359
0.356250,1.299062
0.356750,1.469814
0.357250,1.253446
0.357750,1.217393
0.358250,0.861281
0.358750,0.712373
0.359250,0.513589
0.359750,0.922850
0.360250,1.083217
0.360750,1.270027
0.361250,1.153409
0.361750,0.545587
0.362250,0.993210
0.362750,0.658879
0.363250,0.400404
0.363750,0.653584
0.364250,0.800514
0.364750,1.405204
0.365250,1.511654
0.365750,1.186945
0.366250,1.306611
0.366750,0.831783
0.367250,1.104984
0.367750,1.204096
0.368250,1.395269
0.368750,1.162998
0.369250,1.293862
0.369750,1.382320
0.370250,1.786571
0.370750,0.990808
0.371250,1.200721
0.371750,1.218289
0.372250,1.224087
0.372750,1.641018
0.373250,1.400309
0.373750,1.102237
0.374250,1.122282
0.374750,1.714341
0.375250,1.609359
0.375750,1.994771
0.376250,1.548053
0.376750,1.853553
0.377250,1.103257
0.377750,0.969891
0.378250,1.945648
0.378750,1.007635
0.379250,1.116898
0.379750,1.873974
0.380250,1.651402
0.380750,1.984158
0.381250,2.001328
0.381750,1.678044
0.382250,1.566387
0.382750,1.453475
0.383250,1.871412
0.383750,1.916876
0.384250,2.398582
0.384750,3.058239
0.385250,1.983420
0.385750,2.641191
0.386250,2.464291
0.386750,2.126559
0.387250,1.801738
0.387750,2.361568
0.388250,2.611300
0.388750,2.584473
0.389250,2.447863
0.389750,2.547157
0.390250,2.645341
0.390750,2.873068
0.391250,2.779882
0.391750,2.529556
0.392250,2.333472
0.392750,2.731704
0.393250,2.877670
0.393750,3.203940
0.394250,2.977664
0.394750,2.998103
0.395250,2.955668
0.395750,2.988185
0.396250,3.030582
0.396750,2.580065
0.397250,2.808024
0.397750,2.383011
0.398250,2.822012
0.398750,3.074821
0.399250,3.143789
0.399750,2.670775
0.400250,2.505633
0.400750,2.991366
0.401250,2.549534
0.401750,2.499824
0.402250,2.312039
0.402750,2.322552
0.403250,2.505422
0.403750,2.109914
0.404250,2.605699
0.404750,1.845930
0.405250,1.926333
0.405750,2.001369
0.406250,2.193823
0.406750,2.079973
0.407250,1.892914
0.407750,1.728364
0.408250,1.453487
0.408750,2.390494
0.409250,2.296087
0.409750,2.091431
0.410250,1.277555
0.410750,1.714844
0.411250,1.955930
0.411750,1.915838
0.412250,1.315261
0.412750,1.288689
0.413250,1.747554
0.413750,1.818553
0.414250,1.972814
0.414750,1.966670
0.415250,2.251421
0.415750,1.851242
0.416250,2.716719
0.416750,2.489818
0.417250,1.673294
0.417750,1.588917
0.418250,1.373427
0.418750,1.954820
0.419250,1.516098
0.419750,1.796534
0.420250,1.243527
0.420750,1.119340
0.421250,1.080650
0.421750,0.895456
0.422250,1.683128
0.422750,1.221086
0.423250,1.014067
0.423750,0.835566
0.424250,1.550311
0.424750,1.285597
0.425250,1.213160
0.425750,1.261498
0.426250,0.351595
0.426750,0.421326
0.427250,1.018086
0.427750,0.865698
0.428250,0.459682
0.428750,0.879774
0.429250,1.156464
0.429750,1.063010
0.430250,1.050386
0.430750,1.458910
0.431250,1.162176
0.431750,1.358617
0.432250,1.118430
0.432750,1.190859
0.433250,1.378500
0.433750,1.220276
0.434250,1.516642
0.434750,1.490695
0.435250,1.391194
0.435750,1.801557
0.436250,1.654817
0.436750,1.461398
0.437250,1.228648
0.437750,0.986404
0.438250,1.395289
0.438750,1.573564
0.439250,1.391272
0.439750,1.846751
0.440250,1.819586
0.440750,1.501736
0.441250,1.912258
0.441750,1.930601
0.442250,1.877788
0.442750,1.490308
0.443250,1.630633
0.443750,2.072296
0.444250,1.266034
0.444750,1.457057
0.445250,1.970997
0.445750,1.457924
0.446250,1.505771
0.446750,1.656673
0.447250,2.004540
0.447750,1.774447
0.448250,1.690688
0.448750,1.278252
0.449250,1.570186
0.449750,1.597034
0.450250,1.717345
0.450750,1.600253
0.451250,1.350109
0.451750,1.264516
0.452250,1.574316
0.452750,1.543599
0.453250,1.004150
0.453750,1.111489
0.454250,1.536713
0.454750,2.016843
0.455250,1.750904
0.455750,1.983057
0.456250,1.671268
0.456750,1.519261
0.457250,1.445000
0.457750,2.097025
0.458250,1.758413
0.458750,1.896187
0.459250,1.594711
0.459750,2.048773
0.460250,2.958701
0.460750,2.709360
0.461250,2.508735
0.461750,2.385831
0.462250,2.511411
0.462750,2.439139
0.463250,2.525796
0.463750,2.863842
0.464250,2.512739
0.464750,2.325307
0.465250,2.543159
0.465750,3.195884
0.466250,2.831697
0.466750,2.957504
0.467250,3.040835
0.467750,2.440093
0.468250,3.480521
0.468750,2.461879
0.469250,2.551665
0.469750,2.057559
0.470250,1.668615
0.470750,2.336243
0.471250,3.042225
0.471750,3.386872
0.472250,2.633880
0.472750,2.869909
0.473250,2.794444
0.473750,2.625285
0.474250,2.872005
0.474750,2.176151
0.475250,2.388988
0.475750,1.858775
0.476250,2.492333
0.476750,3.093229
0.477250,3.115473
0.477750,2.428049
0.478250,2.808773
0.478750,2.854139
0.479250,2.228535
0.479750,2.462037
0.480250,2.226908
0.480750,2.727724
0.481250,2.013872
0.481750,2.873863
0.482250,2.264206
0.482750,2.362383
0.483250,2.268491
0.483750,2.672406
0.484250,2.526008
0.484750,2.196510
0.485250,2.039079
0.485750,2.341965
0.486250,2.020503
0.486750,2.685920
0.487250,2.640475
0.487750,2.651005
0.488250,2.541802
0.488750,3.118513
0.489250,2.512653
0.489750,2.928677
0.490250,2.578246
0.490750,2.223035
0.491250,2.367788
0.491750,2.221000
0.492250,2.177305
0.492750,2.602175
0.493250,2.461619
0.493750,2.220128
0.494250,2.239328
0.494750,2.239927
0.495250,1.989254
0.495750,1.662405
0.496250,1.901137
0.496750,1.828948
0.497250,2.140869
0.497750,2.015289
0.498250,1.868724
0.498750,2.053193
0.499250,1.617720
0.499750,1.550250
0.500250,1.979208
0.500750,1.679330
0.501250,1.353341
0.501750,0.628598
0.502250,1.162977
0.502750,0.939830
0.503250,1.065032
0.503750,0.784535
0.504250,1.467268
0.504750,0.739478
0.505250,1.122104
0.505750,1.511630
0.506250,1.402907
0.506750,1.390300
0.507250,1.717148
0.507750,0.988952
0.508250,0.907158
0.508750,0.785959
0.509250,0.976886
0.509750,1.283427
0.510250,1.868592
0.510750,1.158069
0.511250,1.331253
0.511750,2.168651
0.512250,1.255302
0.512750,0.760013
0.513250,0.519917
0.513750,0.887838
0.514250,1.748926
0.514750,1.944208
0.515250,1.400751
0.515750,1.216338
0.516250,1.834247
0.516750,1.417252
0.517250,1.224845
0.517750,1.940633
0.518250,1.432335
0.518750,1.220189
0.519250,1.135356
0.519750,1.534831
0.520250,1.419791
0.520750,1.577031
0.521250,1.659601
0.521750,1.490932
0.522250,1.530980
0.522750,1.137160
0.523250,1.738361
0.523750,1.298773
0.524250,1.089774
0.524750,1.734745
0.525250,1.653364
0.525750,1.191340
0.526250,1.613732
0.526750,1.323163
0.527250,1.450980
0.527750,1.155142
0.528250,1.164076
0.528750,0.532983
0.529250,0.800006
0.529750,1.232145
0.530250,0.701788
0.530750,1.401368
0.531250,0.809468
0.531750,0.702631
0.532250,1.206207
0.532750,1.312047
0.533250,1.286447
0.533750,0.500138
0.534250,1.276014
0.534750,0.778060
0.535250,1.192038
0.535750,1.240671
0.536250,1.434327
0.536750,1.346376
0.537250,1.768523
0.537750,1.886183
0.538250,1.781096
0.538750,1.474955
0.539250,1.652214
0.539750,1.693064
0.540250,1.413909
0.540750,1.334239
0.541250,2.177938
0.541750,1.613459
0.542250,2.142244
0.542750,2.063619
0.543250,1.858819
0.543750,2.038101
0.544250,2.244174
0.544750,1.625802
0.545250,1.972863
0.545750,2.210823
0.546250,1.801651
0.546750,1.289174
0.547250,1.842678
0.547750,1.272291
0.548250,2.261036
0.548750,1.855774
0.549250,1.976512
0.549750,1.889079
0.550250,1.974578
0.550750,1.434481
0.551250,1.519207
0.551750,2.320149
0.552250,1.504061
0.552750,1.167778
0.553250,1.531261
0.553750,1.202776
0.554250,1.019743
0.554750,1.496411
0.555250,0.976835
0.555750,1.448798
0.556250,1.435557
0.556750,1.217613
0.557250,1.325025
0.557750,1.384023
0.558250,0.860970
0.558750,0.612034
0.559250,0.854389
0.559750,0.594272
0.560250,1.229524
0.560750,1.419918
0.561250,1.004065
0.561750,1.052040
0.562250,0.022275
0.562750,0.981191
0.563250,0.848644
0.563750,1.176522
0.564250,0.804168
0.564750,0.266275
0.565250,0.701583
0.565750,0.554899
0.566250,0.891366
0.566750,1.181576
0.567250,0.804376
0.567750,1.111947
0.568250,1.163627
0.568750,0.180412
0.569250,0.426382
0.569750,0.727673
0.570250,0.967046
0.570750,0.519457
0.571250,0.447970
0.571750,0.091982
0.572250,0.755971
0.572750,1.138641
0.573250,0.606654
0.573750,0.353958
0.574250,0.464764
0.574750,0.220404
0.575250,0.395949
0.575750,0.050287
0.576250,-0.002099
0.576750,0.211528
0.577250,-0.003458
0.577750,0.264012
0.578250,-0.076896
0.578750,0.538555
0.579250,0.119938
0.579750,-0.186419
0.580250,0.299089
0.580750,-0.855500
0.581250,0.121341
0.581750,-0.669479
0.582250,-0.592028
0.582750,-0.949569
0.583250,-0.374436
0.583750,-0.716721
0.584250,-0.384646
0.584750,-0.190662
0.585250,0.036876
0.585750,-0.641450
0.586250,-0.249357
0.586750,-0.359926
0.587250,-0.207909
0.587750,-0.687950
0.588250,-0.999095
0.588750,-1.070098
0.589250,-0.135072
0.589750,-0.503903
0.590250,-0.611156
0.590750,-0.044307
0.591250,-0.641301
0.591750,-0.050309
0.592250,-0.183548
0.592750,-0.443309
0.593250,0.157198
0.593750,-0.416293
0.594250,-0.259074
0.594750,0.601016
0.595250,-0.095329
0.595750,-0.194542
0.596250,-0.086632
0.596750,0.525478
0.597250,0.451042
0.597750,0.055464
0.598250,0.074928
0.598750,0.609091
0.599250,0.345576
0.599750,0.029468
0.600250,-0.472056
0.600750,0.048674
0.601250,0.748034
0.601750,0.205879
0.602250,0.281106
0.602750,0.348996
0.603250,-0.082666
0.603750,0.482569
0.604250,0.365934
0.604750,-0.040233
0.605250,-0.245837
0.605750,0.044560
0.606250,-0.705549
0.606750,-0.261101
0.607250,-0.065259
0.607750,-0.443302
0.608250,0.068438
0.608750,0.249591
0.609250,-0.050432
0.609750,0.406630
0.610250,0.446034
0.610750,0.208158
0.611250,-0.270912
0.611750,0.235780
0.612250,-0.149094
0.612750,-0.706885
0.613250,-0.943394
0.613750,-0.414893
0.614250,0.007517
0.614750,0.244392
0.615250,0.157880
0.615750,-0.529110
0.616250,-0.584677
0.616750,0.231739
0.617250,0.346716
0.617750,0.009971
0.618250,-0.096360
0.618750,-0.487286
0.619250,-0.323564
0.619750,-0.034495
0.620250,0.156550
0.620750,0.328192
0.621250,-0.214880
0.621750,-0.403986
0.622250,0.275859
0.622750,-0.095187
0.623250,0.300319
0.623750,-0.063260
0.624250,0.036594
0.624750,0.365253
0.625250,0.283083
0.625750,-0.071871
0.626250,0.352022
0.626750,0.508513
0.627250,0.666439
0.627750,0.689557
0.628250,0.976369
0.628750,0.464532
0.629250,0.942522
0.629750,0.833141
0.630250,0.469126
0.630750,-0.044853
0.631250,0.898123
0.631750,0.563553
0.632250,0.245517
0.632750,0.447335
0.633250,1.265553
0.633750,0.537289
0.634250,0.494015
0.634750,0.576173
0.635250,0.401214
0.635750,0.964273
0.636250,1.084802
0.636750,1.488334
0.637250,0.827067
0.637750,1.035389
0.638250,0.590919
0.638750,1.143564
0.639250,1.468686
0.639750,0.915344
0.640250,1.147997
0.640750,0.933251
0.641250,1.048992
0.641750,1.126946
0.642250,0.767858
0.642750,1.162392
0.643250,0.668061
0.643750,0.224946
0.644250,0.749458
0.644750,0.465195
0.645250,0.269028
0.645750,0.562439
0.646250,0.540786
0.646750,1.475437
0.647250,1.266680
0.647750,1.142997
0.648250,1.455665
0.648750,0.643221
0.649250,0.708915
0.649750,0.891812
0.650250,1.134003
0.650750,0.350093
0.651250,0.987199
0.651750,0.766605
0.652250,0.877966
0.652750,1.037631
0.653250,0.973840
0.653750,0.632434
0.654250,0.452376
0.654750,0.414811
0.655250,0.676709
0.655750,0.240409
0.656250,0.313375
0.656750,0.637617
0.657250,0.718140
0.657750,1.095129
0.658250,1.379063
0.658750,0.483582
0.659250,0.496648
0.659750,0.634005
0.660250,0.431058
0.660750,0.596715
0.661250,0.338750
0.661750,0.079689
0.662250,0.561352
0.662750,0.332761
0.663250,-0.267030
0.663750,0.069134
0.664250,-0.141415
0.664750,-0.004642
0.665250,0.317313
0.665750,-0.242809
0.666250,-0.135235
0.666750,0.180831
0.667250,-0.073419
0.667750,0.606851
0.668250,-0.796425
0.668750,-0.703359
0.669250,-0.400082
0.669750,-0.080247
0.670250,-0.819361
0.670750,0.067764
0.671250,0.050658
0.671750,-0.783818
0.672250,-0.750283
0.672750,-1.063517
0.673250,-1.020064
0.673750,-0.941814
0.674250,-1.175526
0.674750,-2.033849
0.675250,-1.196822
0.675750,-0.684927
0.676250,-1.272407
0.676750,-0.931821
0.677250,-0.312234
0.677750,-0.640895
0.678250,-0.751635
0.678750,-0.963153
0.679250,-0.618971
0.679750,-1.930373
0.680250,-1.507816
0.680750,-1.163689
0.681250,-1.888896
0.681750,-2.074348
0.682250,-1.811774
0.682750,-1.048448
0.683250,-1.044814
0.683750,-0.983671
0.684250,-0.750383
0.684750,-0.812868
0.685250,-0.878290
0.685750,-1.173128
0.686250,-1.144888
0.686750,-0.199198
0.687250,-0.884489
0.687750,-0.762606
0.688250,-1.215086
0.688750,-0.909365
0.689250,-1.382889
0.689750,-0.758222
0.690250,-0.183265
0.690750,0.205074
0.691250,-0.644303
0.691750,-0.263481
0.692250,-0.722169
0.692750,-0.770792
0.693250,-0.669651
0.693750,0.121205
0.694250,-0.946561
0.694750,-0.485500
0.695250,-1.379284
0.695750,-1.048102
0.696250,-1.110293
0.696750,-0.779293
0.697250,-0.515291
0.697750,-0.891637
0.698250,-0.952191
0.698750,-0.822214
0.699250,-1.124698
0.699750,-0.423686
0.700250,-0.783058
0.700750,-1.053746
0.701250,-1.472771
0.701750,-1.273115
0.702250,-1.403071
0.702750,-1.199280
0.703250,-0.900059
0.703750,-0.697041
0.704250,-1.018856
0.704750,-0.624146
0.705250,-1.011600
0.705750,-1.574489
0.706250,-1.683735
0.706750,-0.901893
0.707250,-1.303626
0.707750,-1.024046
0.708250,-1.173020
0.708750,-1.659911
0.709250,-1.439649
0.709750,-1.379549
0.710250,-0.609463
0.710750,-0.074271
0.711250,-0.693105
0.711750,-0.965092
0.712250,-0.632184
0.712750,-0.589283
0.713250,-0.674608
0.713750,-0.413458
0.714250,-0.479762
0.714750,-0.351242
0.715250,-0.328762
0.715750,-0.554608
0.716250,0.195336
0.716750,-0.297846
0.717250,-0.344990
0.717750,0.056156
0.718250,0.643519
0.718750,0.161552
0.719250,-0.227332
0.719750,-0.154368
0.720250,-0.833145
0.720750,-0.203851
0.721250,-0.342413
0.721750,-0.001220
0.722250,-0.632882
0.722750,-0.463188
0.723250,-0.123826
0.723750,0.323108
0.724250,-0.110186
0.724750,0.399609
0.725250,-0.486051
0.725750,-0.345997
0.726250,-0.659020
0.726750,-0.322791
0.727250,-1.095246
0.727750,-0.910877
0.728250,-0.485458
0.728750,-0.532979
0.729250,-0.969184
0.729750,-0.509580
0.730250,-0.593445
0.730750,-0.185338
0.731250,-0.549661
0.731750,-0.644474
0.732250,-0.947037
0.732750,-0.691352
0.733250,-0.306473
0.733750,-1.294879
0.734250,-1.204882
0.734750,-2.058293
0.735250,-1.705435
0.735750,-1.442169
0.736250,-0.718800
0.736750,-1.206810
0.737250,-1.361076
0.737750,-1.296445
0.738250,-1.873203
0.738750,-0.945983
0.739250,-1.423879
0.739750,-1.515553
0.740250,-1.785063
0.740750,-1.511063
0.741250,-1.457585
0.741750,-1.737260
0.742250,-1.303499
0.742750,-0.626929
0.743250,-0.761374
0.743750,-1.661477
0.744250,-1.843117
0.744750,-1.680182
0.745250,-1.907513
0.745750,-1.405894
0.746250,-1.380100
0.746750,-1.546818
0.747250,-1.527543
0.747750,-1.961831
0.748250,-1.807789
0.748750,-2.061167
0.749250,-1.299620
0.749750,-1.181576
0.750250,-1.115765
0.750750,-1.726969
0.751250,-1.614800
0.751750,-1.753833
0.752250,-1.615978
0.752750,-1.449962
0.753250,-1.984845
0.753750,-1.404263
0.754250,-1.156673
0.754750,-1.934081
0.755250,-2.152802
0.755750,-1.458836
0.756250,-1.871533
0.756750,-1.656219
0.757250,-1.881045
0.757750,-1.787053
0.758250,-2.939418
0.758750,-2.434778
0.759250,-2.212386
0.759750,-2.178686
0.760250,-3.013542
0.760750,-2.237961
0.761250,-2.035382
0.761750,-2.553933
0.762250,-3.305337
0.762750,-2.237224
0.763250,-3.483407
0.763750,-2.404956
0.764250,-2.533184
0.764750,-2.316015
0.765250,-2.285891
0.765750,-2.627693
0.766250,-2.674269
0.766750,-2.248155
0.767250,-2.126336
0.767750,-2.787019
0.768250,-2.962715
0.768750,-2.929724
0.769250,-2.631465
0.769750,-2.717661
0.770250,-2.278939
0.770750,-2.822616
0.771250,-2.296382
0.771750,-2.726061
0.772250,-2.459639
0.772750,-2.566928
0.773250,-2.565340
0.773750,-2.244626
0.774250,-2.466184
0.774750,-2.392934
0.775250,-2.609627
0.775750,-3.021435
0.776250,-3.009277
0.776750,-3.047355
0.777250,-1.881568
0.777750,-2.337368
0.778250,-2.090509
0.778750,-2.603826
0.779250,-2.876482
0.779750,-2.279813
0.780250,-2.157896
0.780750,-2.562475
0.781250,-2.705641
0.781750,-2.820528
0.782250,-2.857264
0.782750,-1.923509
0.783250,-2.458729
0.783750,-2.743642
0.784250,-1.361759
0.784750,-2.026492
0.785250,-2.302060
0.785750,-1.783691
0.786250,-2.527847
0.786750,-2.199933
0.787250,-2.458563
0.787750,-2.456545
0.788250,-2.214907
0.788750,-2.318814
0.789250,-2.907596
0.789750,-2.392947
0.790250,-2.810865
0.790750,-1.998049
0.791250,-2.226162
0.791750,-2.283888
0.792250,-3.258903
0.792750,-2.669653
0.793250,-2.782455
0.793750,-2.810362
0.794250,-2.245463
0.794750,-2.643530
0.795250,-1.927422
0.795750,-2.928906
0.796250,-2.539317
0.796750,-2.459903
0.797250,-2.608164
0.797750,-1.616158
0.798250,-2.374585
0.798750,-2.311393
0.799250,-2.973993
0.799750,-2.693037
0.800250,-2.101302
0.800750,-2.199784
0.801250,-2.428880
0.801750,-2.087215
0.802250,-2.301049
0.802750,-2.733697
0.803250,-2.043907
0.803750,-2.252915
0.804250,-2.398920
0.804750,-1.710846
0.805250,-1.853831
0.805750,-1.784336
0.806250,-2.493912
0.806750,-2.129505
0.807250,-2.311909
0.807750,-1.469304
0.808250,-2.199604
0.808750,-1.497440
0.809250,-2.096680
0.809750,-2.539115
0.810250,-1.517693
0.810750,-1.484958
0.811250,-1.892573
0.811750,-1.567412
0.812250,-2.130369
0.812750,-1.255268
0.813250,-0.768487
0.813750,-1.509289
0.814250,-0.911000
0.814750,-1.354239
0.815250,-0.793729
0.815750,-1.881921
0.816250,-1.191491
0.816750,-1.464982
0.817250,-1.230113
0.817750,-1.097071
0.818250,-1.240776
0.818750,-0.452072
0.819250,-0.733141
0.819750,-0.626874
0.820250,-0.895605
0.820750,-0.795813
0.821250,-0.295889
0.821750,-0.651496
0.822250,-0.748008
0.822750,-0.449972
0.823250,-0.666860
0.823750,-1.057933
0.824250,-1.669037
0.824750,-1.404502
0.825250,-0.747550
0.825750,-1.148250
0.826250,-0.129209
0.826750,0.187591
0.827250,-0.988937
0.827750,-0.770078
0.828250,-0.426843
0.828750,-0.523279
0.829250,-1.258025
0.829750,-0.821272
0.830250,-0.243751
0.830750,-1.462645
0.831250,-0.822938
0.831750,-1.266296
0.832250,-0.688226
0.832750,-1.357713
0.833250,-0.868035
0.833750,-1.119063
0.834250,-1.048922
0.834750,-0.656342
0.835250,-0.860678
0.835750,-1.642319
0.836250,-0.818590
0.836750,-1.279761
0.837250,-0.741238
0.837750,-0.840732
0.838250,-1.222021
0.838750,-1.240687
0.839250,-0.901375
0.839750,-0.925007
0.840250,-0.789215
0.840750,-1.403339
0.841250,-0.227836
0.841750,-0.667642
0.842250,-0.849866
0.842750,-0.602576
0.843250,-1.715865
0.843750,-1.119220
0.844250,-1.607735
0.844750,-2.635060
0.845250,-1.009379
0.845750,-1.122576
0.846250,-0.847797
0.846750,-1.163885
0.847250,-0.642060
0.847750,-1.249947
0.848250,-0.674480
0.848750,-0.945750
0.849250,-1.293252
0.849750,-1.008682
0.850250,-0.088102
0.850750,-0.880239
0.851250,-0.665020
0.851750,-1.294761
0.852250,-0.566092
0.852750,-1.002408
0.853250,-0.172740
0.853750,-0.751286
0.854250,-0.898162
0.854750,-1.329645
0.855250,-0.920736
0.855750,-0.819549
0.856250,-0.958576
0.856750,-0.667019
0.857250,-0.993337
0.857750,-0.862083
0.858250,-0.960963
0.858750,-1.565529
0.859250,-1.961129
0.859750,-1.569025
0.860250,-1.932787
0.860750,-1.290114
0.861250,-1.631960
0.861750,-1.025425
0.862250,-0.767119
0.862750,-1.177903
0.863250,-0.933144
0.863750,-1.228359
0.864250,-1.185085
0.864750,-0.669141
0.865250,-1.504484
0.865750,-2.100852
0.866250,-1.678802
0.866750,-1.984589
0.867250,-2.488590
0.867750,-1.753460
0.868250,-2.126011
0.868750,-1.912480
0.869250,-2.017380
0.869750,-1.916105
0.870250,-2.516453
0.870750,-1.496734
0.871250,-2.840672
0.871750,-2.191270
0.872250,-1.858366
0.872750,-1.900802
0.873250,-2.547893
0.873750,-2.609188
0.874250,-2.523515
0.874750,-2.920158
0.875250,-2.325042
0.875750,-2.084471
0.876250,-1.528262
0.876750,-1.259520
0.877250,-2.081207
0.877750,-1.669479
0.878250,-1.879249
0.878750,-1.850862
0.879250,-1.435798
0.879750,-1.334234
0.880250,-1.773811
0.880750,-1.931253
0.881250,-1.140871
0.881750,-2.411246
0.882250,-1.996647
0.882750,-1.945694
0.883250,-1.315667
0.883750,-1.124324
0.884250,-0.478079
0.884750,-1.828134
0.885250,-2.226061
0.885750,-0.933494
0.886250,-1.139094
0.886750,-1.546392
0.887250,-1.359915
0.887750,-1.506449
0.888250,-1.434842
0.888750,-1.653763
0.889250,-1.977327
0.889750,-1.461158
0.890250,-1.773451
0.890750,-1.739486
0.891250,-0.692726
0.891750,-0.300678
0.892250,-1.271150
0.892750,-1.659439
0.893250,-2.019536
0.893750,-1.753025
0.894250,-1.088022
0.894750,-1.210395
0.895250,-1.533401
0.895750,-0.977227
0.896250,-1.588549
0.896750,-1.107565
0.897250,-1.563020
0.897750,-1.152982
0.898250,-1.237345
0.898750,-1.221073
0.899250,-1.049861
0.899750,-1.513800
0.900250,-1.342183
0.900750,-1.085806
0.901250,-2.072819
0.901750,-1.926804
0.902250,-1.144201
0.902750,-1.360454
0.903250,-1.101935
0.903750,-1.379628
0.904250,-1.461157
0.904750,-1.928832
0.905250,-1.809640
0.905750,-1.093573
0.906250,-1.095854
0.906750,-1.426632
0.907250,-0.838297
0.907750,-1.002919
0.908250,-1.906336
0.908750,-0.322506
0.909250,-0.437922
0.909750,-1.397983
0.910250,-0.943425
0.910750,-1.483999
0.911250,-1.602085
0.911750,-1.078549
0.912250,-1.069151
0.912750,-1.050131
0.913250,-0.643659
0.913750,-0.653802
0.914250,-0.118177
0.914750,0.240309
0.915250,-0.340855
0.915750,-0.165278
0.916250,-0.544828
0.916750,0.638630
0.917250,-0.113851
0.917750,0.415553
0.918250,0.289156
0.918750,-0.463551
0.919250,-0.214991
0.919750,-1.175410
0.920250,-0.676685
0.920750,-0.752558
0.921250,-0.492716
0.921750,0.335467
0.922250,0.123777
0.922750,0.469397
0.923250,-0.136442
0.923750,-0.370619
0.924250,-0.938409
0.924750,-0.639231
0.925250,-0.515033
0.925750,0.145740
0.926250,-0.289850
0.926750,0.145427
0.927250,0.099890
0.927750,-0.229362
0.928250,-0.840438
0.928750,0.100678
0.929250,0.114333
0.929750,0.495412
0.930250,0.106537
0.930750,0.357546
0.931250,-0.264154
0.931750,0.427929
0.932250,-0.433509
0.932750,-0.157564
0.933250,-0.510962
0.933750,-1.032060
0.934250,-0.628332
0.934750,-1.252403
0.935250,-0.516667
0.935750,-0.402004
0.936250,-0.729097
0.936750,-0.341470
0.937250,-0.509277
0.937750,-0.939499
0.938250,-1.095559
0.938750,-0.152021
0.939250,-0.883301
0.939750,-0.981514
0.940250,-0.976327
0.940750,-0.652231
0.941250,-0.664116
0.941750,-1.076694
0.942250,-0.366181
0.942750,-0.495982
0.943250,-0.596422
0.943750,-0.604024
0.944250,-0.657987
0.944750,-1.180751
0.945250,-0.839040
0.945750,-1.015988
0.946250,-0.841973
0.946750,-0.573695
0.947250,-0.568134
0.947750,-1.019520
0.948250,-1.552819
0.948750,-0.949702
0.949250,-0.831120
0.949750,-1.425630
0.950250,-0.582171
0.950750,-0.808758
0.951250,-0.481371
0.951750,-0.141976
0.952250,-1.198531
0.952750,-0.817378
0.953250,-0.620788
0.953750,-1.253783
0.954250,-0.966395
0.954750,-1.569039
0.955250,-1.110619
0.955750,-1.143437
0.956250,-1.610258
0.956750,-1.064403
0.957250,-1.410767
0.957750,-1.490352
0.958250,-1.064357
0.958750,-0.214078
0.959250,-1.082827
0.959750,-1.380241
0.960250,-1.070916
0.960750,-1.995569
0.961250,-1.724582
0.961750,-1.757973
0.962250,-0.527712
0.962750,-0.786152
0.963250,-1.317199
0.963750,-1.223719
0.964250,-2.074919
0.964750,-1.176918
0.965250,-1.632955
0.965750,-1.636854
0.966250,-2.184302
0.966750,-1.098877
0.967250,-1.836701
0.967750,-1.136929
0.968250,-2.176723
0.968750,-1.991045
0.969250,-1.959655
0.969750,-1.921836
0.970250,-2.455142
0.970750,-1.484098
0.971250,-2.065017
0.971750,-2.032702
0.972250,-2.234813
0.972750,-2.639989
0.973250,-2.032743
0.973750,-1.812695
0.974250,-2.671013
0.974750,-2.239999
0.975250,-2.463925
0.975750,-1.959195
0.976250,-2.765945
0.976750,-2.454875
0.977250,-2.079257
0.977750,-1.565534
0.978250,-2.404425
0.978750,-1.241416
0.979250,-2.438138
0.979750,-1.484957
0.980250,-1.880545
0.980750,-1.519901
0.981250,-1.787779
0.981750,-0.302621
0.982250,-1.582915
0.982750,-1.241808
0.983250,-1.701718
0.983750,-1.641488
0.984250,-1.116276
0.984750,-1.500095
0.985250,-1.531242
0.985750,-2.162924
0.986250,-1.178866
0.986750,-0.841219
0.987250,-1.756280
0.987750,-1.637798
0.988250,-1.061383
0.988750,-1.951560
0.989250,-1.218166
0.989750,-0.039371
0.990250,-0.502322
0.990750,-0.344843
0.991250,-1.050763
0.991750,-0.883274
0.992250,-0.872202
0.992750,-1.513647
0.993250,-1.525597
0.993750,-1.639776
0.994250,-1.516480
0.994750,-1.024968
0.995250,-1.716906
0.995750,-0.832313
0.996250,-2.024531
0.996750,-1.240996
0.997250,-0.472504
0.997750,-1.289928
0.998250,-0.748921
0.998750,-0.387259
0.999250,-1.684694
0.999750,-0.676374
