0.000250,0.082686
0.000750,0.123693
0.001250,0.109117
0.001750,-0.071290
0.002250,-0.270889
0.002750,0.131737
0.003250,0.170009
0.003750,0.086449
0.004250,-0.025695
0.004750,0.208296
0.005250,0.496762
0.005750,0.660803
0.006250,0.258735
0.006750,-0.167165
0.007250,0.084252
0.007750,0.146560
0.008250,0.275951
0.008750,0.073872
0.009250,-0.018291
0.009750,-0.080405
0.010250,0.022431
0.010750,0.016972
0.011250,0.310886
0.011750,0.774144
0.012250,0.550670
0.012750,0.571965
0.013250,0.529082
0.013750,0.262677
0.014250,0.721537
0.014750,0.687675
0.015250,0.474533
0.015750,1.208890
0.016250,0.513207
0.016750,1.060163
0.017250,1.198485
0.017750,0.781294
0.018250,1.167804
0.018750,1.487939
0.019250,1.419573
0.019750,1.214391
0.020250,1.163637
0.020750,1.462416
0.021250,1.442481
0.021750,1.481486
0.022250,1.195503
0.022750,1.013385
0.023250,0.985183
0.023750,0.335232
0.024250,0.701399
0.024750,0.699582
0.025250,0.861509
0.025750,0.944784
0.026250,0.751083
0.026750,1.359641
0.027250,1.695439
0.027750,0.694810
0.028250,1.754507
0.028750,1.002139
0.029250,1.501296
0.029750,1.523827
0.030250,1.159756
0.030750,1.669460
0.031250,1.468758
0.031750,1.570679
0.032250,1.089777
0.032750,1.918934
0.033250,1.229403
0.033750,1.896786
0.034250,1.784605
0.034750,1.223024
0.035250,1.449085
0.035750,1.665177
0.036250,1.318586
0.036750,1.273923
0.037250,1.251186
0.037750,1.189647
0.038250,0.423647
0.038750,1.716069
0.039250,1.701058
0.039750,1.630154
0.040250,0.601063
0.040750,0.990522
0.041250,0.518444
0.041750,1.286137
0.042250,1.631081
0.042750,0.525488
0.043250,0.155987
0.043750,0.360505
0.044250,0.961885
0.044750,0.861705
0.045250,0.599221
0.045750,0.712455
0.046250,0.778445
0.046750,-0.224615
0.047250,0.371671
0.047750,1.052320
0.048250,1.175919
0.048750,1.857402
0.049250,1.431995
0.049750,1.199214
0.050250,0.095050
0.050750,0.998623
0.051250,0.048594
0.051750,0.205820
0.052250,0.304197
0.052750,0.988803
0.053250,0.377451
0.053750,0.991464
0.054250,0.812792
0.054750,1.091438
0.055250,1.101198
0.055750,1.642840
0.056250,0.752149
0.056750,1.743867
0.057250,1.195688
0.057750,1.492039
0.058250,1.091604
0.058750,1.636150
0.059250,1.148074
0.059750,1.668906
0.060250,1.088927
0.060750,1.732855
0.061250,0.717823
0.061750,1.077211
0.062250,1.881386
0.062750,1.822854
0.063250,1.876403
0.063750,1.796298
0.064250,1.602409
0.064750,1.820206
0.065250,0.955438
0.065750,0.805116
0.066250,0.817617
0.066750,1.981788
0.067250,2.089676
0.067750,1.804002
0.068250,0.906539
0.068750,1.179448
0.069250,1.758179
0.069750,0.587818
0.070250,1.129699
0.070750,1.428090
0.071250,0.846533
0.071750,1.759766
0.072250,0.767355
0.072750,1.255295
0.073250,0.036714
0.073750,-0.210119
0.074250,0.977596
0.074750,0.848201
0.075250,1.191224
0.075750,1.453165
0.076250,1.275695
0.076750,0.882711
0.077250,0.462884
0.077750,1.440826
0.078250,0.141452
0.078750,0.402150
0.079250,1.100024
0.079750,0.510313
0.080250,0.776307
0.080750,1.513864
0.081250,1.683070
0.081750,2.268686
0.082250,0.778215
0.082750,1.972393
0.083250,0.941989
0.083750,1.856319
0.084250,1.576100
0.084750,0.981215
0.085250,1.287268
0.085750,1.087472
0.086250,1.259024
0.086750,2.024626
0.087250,-0.021792
0.087750,1.544367
0.088250,0.443522
0.088750,1.242084
0.089250,0.094040
0.089750,0.855380
0.090250,0.389966
0.090750,0.544571
0.091250,0.588112
0.091750,1.165319
0.092250,1.472862
0.092750,0.568609
0.093250,0.461178
0.093750,0.173686
0.094250,0.254638
0.094750,1.188734
0.095250,0.643562
0.095750,1.201042
0.096250,1.258504
0.096750,-0.177337
0.097250,0.599860
0.097750,1.305551
0.098250,0.833755
0.098750,0.977282
0.099250,0.156163
0.099750,-0.701381
0.100250,0.556845
0.100750,0.417412
0.101250,0.239604
0.101750,-0.672882
0.102250,1.376609
0.102750,-0.657639
0.103250,-0.789085
0.103750,-1.098704
0.104250,-0.509274
0.104750,1.122627
0.105250,-0.294428
0.105750,-0.152418
0.106250,0.289881
0.106750,-0.060298
0.107250,0.256544
0.107750,0.200245
0.108250,0.386006
0.108750,0.001551
0.109250,1.644777
0.109750,1.563797
0.110250,0.321683
0.110750,0.141280
0.111250,0.255645
0.111750,1.132606
0.112250,-0.145029
0.112750,1.061603
0.113250,-0.230675
0.113750,-0.434647
0.114250,0.065634
0.114750,0.468861
0.115250,0.470330
0.115750,0.668107
0.116250,2.206149
0.116750,0.107009
0.117250,0.257999
0.117750,-0.254784
0.118250,0.035493
0.118750,0.264665
0.119250,0.742737
0.119750,-0.112752
0.120250,0.756696
0.120750,0.027625
0.121250,-0.740242
0.121750,0.131827
0.122250,0.016609
0.122750,1.206640
0.123250,0.986693
0.123750,1.639777
0.124250,1.129108
0.124750,1.567494
0.125250,0.448971
0.125750,1.890754
0.126250,1.182189
0.126750,0.907366
0.127250,0.598079
0.127750,0.655451
0.128250,2.917165
0.128750,0.546864
0.129250,1.094338
0.129750,0.224877
0.130250,0.324732
0.130750,1.518296
0.131250,-0.651028
0.131750,1.324158
0.132250,0.296644
0.132750,1.817471
0.133250,1.856965
0.133750,0.368724
0.134250,1.283273
0.134750,0.576594
0.135250,0.333735
0.135750,0.240112
0.136250,-0.463403
0.136750,0.568867
0.137250,-0.287110
0.137750,0.390369
0.138250,1.086628
0.138750,-2.783851
0.139250,-1.078879
0.139750,0.281559
0.140250,-0.356129
0.140750,-0.379617
0.141250,-0.638489
0.141750,-0.134195
0.142250,-1.465167
0.142750,-0.403863
0.143250,-0.363818
0.143750,-0.486077
0.144250,-0.699228
0.144750,-0.685869
0.145250,-0.492360
0.145750,-0.002980
0.146250,0.431953
0.146750,-0.405410
0.147250,0.335097
0.147750,0.397285
0.148250,-0.703687
0.148750,-0.668495
0.149250,-0.157665
0.149750,-1.837003
0.150250,-0.984945
0.150750,-0.620787
0.151250,0.087171
0.151750,-0.095022
0.152250,0.712074
0.152750,-0.922731
0.153250,-0.633149
0.153750,-0.612763
0.154250,-0.415127
0.154750,-0.554112
0.155250,-1.049307
0.155750,-0.890504
0.156250,-2.517243
0.156750,-1.353454
0.157250,-0.268956
0.157750,-0.856767
0.158250,-0.796188
0.158750,-0.126515
0.159250,-0.080545
0.159750,-1.049027
0.160250,0.179630
0.160750,-0.466600
0.161250,0.623152
0.161750,-1.529649
0.162250,-0.159703
0.162750,0.178228
0.163250,0.565643
0.163750,-0.187104
0.164250,0.231519
0.164750,-0.471417
0.165250,-1.291006
0.165750,0.461277
0.166250,0.848199
0.166750,1.203361
0.167250,1.295837
0.167750,-0.273199
0.168250,0.106453
0.168750,-0.835630
0.169250,-1.451239
0.169750,-1.228382
0.170250,-1.535956
0.170750,-0.533931
0.171250,-1.036060
0.171750,-0.949720
0.172250,-0.195557
0.172750,0.139800
0.173250,0.231690
0.173750,1.220421
0.174250,-1.151870
0.174750,-0.226157
0.175250,-1.265669
0.175750,-0.587950
0.176250,-0.834147
0.176750,-0.202530
0.177250,0.262503
0.177750,-0.166710
0.178250,-0.131098
0.178750,-1.197414
0.179250,-0.306344
0.179750,-0.500469
0.180250,-2.841147
0.180750,-0.918101
0.181250,-0.009187
0.181750,0.077899
0.182250,0.570305
0.182750,-0.395296
0.183250,0.250888
0.183750,2.107461
0.184250,-0.432095
0.184750,0.375430
0.185250,-0.725210
0.185750,-2.335936
0.186250,-1.136031
0.186750,-0.150943
0.187250,-0.928579
0.187750,-1.956322
0.188250,-1.293085
0.188750,-1.226246
0.189250,-2.377886
0.189750,-0.949852
0.190250,1.361497
0.190750,-0.478305
0.191250,-0.007711
0.191750,-0.411713
0.192250,-1.616482
0.192750,-1.480387
0.193250,0.286290
0.193750,-0.492754
0.194250,-0.433670
0.194750,-0.699839
0.195250,-2.037564
0.195750,-0.747132
0.196250,0.654067
0.196750,-0.445809
0.197250,-0.622923
0.197750,0.342985
0.198250,-0.339621
0.198750,-0.102798
0.199250,-0.475764
0.199750,-0.839935
0.200250,0.070484
0.200750,-0.947689
0.201250,-0.142240
0.201750,-1.112478
0.202250,-1.126089
0.202750,-2.512039
0.203250,-1.425886
0.203750,-0.456751
0.204250,1.682459
0.204750,-0.565962
0.205250,-0.474350
0.205750,-0.045315
0.206250,0.648857
0.206750,-1.361235
0.207250,-1.283433
0.207750,-1.534951
0.208250,-0.496494
0.208750,-0.121625
0.209250,0.007608
0.209750,0.496242
0.210250,-1.123283
0.210750,0.011217
0.211250,0.877611
0.211750,0.998660
0.212250,0.281104
0.212750,0.838812
0.213250,1.699998
0.213750,0.292637
0.214250,-0.417451
0.214750,1.995899
0.215250,1.955097
0.215750,1.276468
0.216250,1.439585
0.216750,-1.020892
0.217250,-2.096260
0.217750,0.836070
0.218250,1.505396
0.218750,0.818458
0.219250,-0.530337
0.219750,0.238026
0.220250,1.831591
0.220750,-1.018557
0.221250,-0.173142
0.221750,0.404184
0.222250,-1.878931
0.222750,-1.017881
0.223250,1.798280
0.223750,-0.208590
0.224250,0.229794
0.224750,0.692472
0.225250,0.525990
0.225750,-0.004484
0.226250,0.060366
0.226750,0.157997
0.227250,0.803767
0.227750,0.525449
0.228250,-0.546729
0.228750,-0.529884
0.229250,-1.407990
0.229750,0.017502
0.230250,-0.088244
0.230750,0.913941
0.231250,-0.096649
0.231750,0.769275
0.232250,-1.639538
0.232750,0.353908
0.233250,1.034230
0.233750,0.507149
0.234250,1.878487
0.234750,0.309545
0.235250,0.759390
0.235750,-0.415602
0.236250,-0.843059
0.236750,-1.024750
0.237250,1.619157
0.237750,0.068141
0.238250,-0.902940
0.238750,-1.026169
0.239250,-1.254827
0.239750,-0.788192
0.240250,1.137657
0.240750,-0.881203
0.241250,0.516195
0.241750,-0.784328
0.242250,1.821238
0.242750,-0.770278
0.243250,0.622173
0.243750,-0.865954
0.244250,0.993559
0.244750,-0.216647
0.245250,0.448967
0.245750,0.548099
0.246250,0.659769
0.246750,0.512126
0.247250,1.428165
0.247750,0.030637
0.248250,-0.002247
0.248750,1.352333
0.249250,0.801899
0.249750,-0.744040
0.250250,0.673798
0.250750,0.637088
0.251250,1.854942
0.251750,1.721549
0.252250,0.172642
0.252750,1.635387
0.253250,-0.672618
0.253750,0.121881
0.254250,-0.504386
0.254750,-2.370444
0.255250,1.021609
0.255750,-0.718325
0.256250,0.335261
0.256750,0.735744
0.257250,-0.405792
0.257750,-0.760590
0.258250,0.094279
0.258750,0.096382
0.259250,-0.529166
0.259750,1.373002
0.260250,-0.099983
0.260750,1.703510
0.261250,-0.145512
0.261750,1.681408
0.262250,0.380456
0.262750,0.184755
0.263250,0.697326
0.263750,1.138252
0.264250,1.367883
0.264750,0.585791
0.265250,0.221064
0.265750,1.307254
0.266250,2.864732
0.266750,1.098088
0.267250,-0.661864
0.267750,0.395770
0.268250,2.637498
0.268750,1.335916
0.269250,0.023630
0.269750,2.383543
0.270250,3.537623
0.270750,1.694546
0.271250,-0.622153
0.271750,0.731873
0.272250,0.026703
0.272750,0.610979
0.273250,0.750494
0.273750,1.187031
0.274250,2.884100
0.274750,1.436955
0.275250,-0.436652
0.275750,1.885538
0.276250,0.017904
0.276750,1.326963
0.277250,-1.401734
0.277750,-1.384596
0.278250,0.736403
0.278750,-0.112439
0.279250,0.609566
0.279750,-0.887229
0.280250,-1.953193
0.280750,-0.240742
0.281250,0.023112
0.281750,-0.458242
0.282250,1.215173
0.282750,2.283208
0.283250,-0.092014
0.283750,-0.978848
0.284250,0.367188
0.284750,0.459313
0.285250,1.443521
0.285750,-0.064975
0.286250,-1.404776
0.286750,-1.732041
0.287250,-0.865323
0.287750,0.637829
0.288250,0.239916
0.288750,-0.112612
0.289250,-0.285877
0.289750,-0.978312
0.290250,1.028806
0.290750,-0.996899
0.291250,-1.172858
0.291750,0.575938
0.292250,-1.216779
0.292750,-0.860693
0.293250,-0.588691
0.293750,-0.887762
0.294250,2.380200
0.294750,-0.984111
0.295250,-1.098432
0.295750,-1.256480
0.296250,-1.295109
0.296750,-1.637863
0.297250,-0.900998
0.297750,-1.209019
0.298250,0.743929
0.298750,-0.706846
0.299250,1.281685
0.299750,-0.260236
0.300250,-1.380854
0.300750,0.394862
0.301250,0.223622
0.301750,1.695726
0.302250,0.817989
0.302750,0.640053
0.303250,-0.035712
0.303750,-0.337967
0.304250,-0.321536
0.304750,-0.741716
0.305250,-0.459974
0.305750,1.069776
0.306250,1.028553
0.306750,-0.086397
0.307250,-0.364375
0.307750,0.883555
0.308250,0.601802
0.308750,0.250777
0.309250,2.033568
0.309750,-1.107805
0.310250,-2.957858
0.310750,0.127504
0.311250,-0.064782
0.311750,-0.545901
0.312250,0.742189
0.312750,-1.319128
0.313250,-0.125149
0.313750,1.204204
0.314250,-0.108379
0.314750,0.097089
0.315250,-0.239989
0.315750,1.596953
0.316250,1.065833
0.316750,0.158600
0.317250,0.019351
0.317750,-0.477939
0.318250,-1.326240
0.318750,-0.920559
0.319250,-0.153208
0.319750,-0.695910
0.320250,0.579766
0.320750,0.159454
0.321250,-0.759895
0.321750,-0.297156
0.322250,0.181688
0.322750,2.010794
0.323250,1.873033
0.323750,2.759814
0.324250,1.436119
0.324750,-0.467101
0.325250,0.764330
0.325750,1.934289
0.326250,2.356118
0.326750,0.266898
0.327250,2.748759
0.327750,1.491880
0.328250,0.655368
0.328750,1.921498
0.329250,1.064602
0.329750,1.018645
0.330250,2.120739
0.330750,1.727598
0.331250,1.272937
0.331750,1.608477
0.332250,0.482518
0.332750,0.268985
0.333250,1.105484
0.333750,0.995104
0.334250,-0.402817
0.334750,1.115692
0.335250,0.018023
0.335750,1.065217
0.336250,-1.459640
0.336750,0.523854
0.337250,1.426551
0.337750,-0.210852
0.338250,0.665511
0.338750,1.573177
0.339250,0.472535
0.339750,0.580511
0.340250,1.430642
0.340750,1.522092
0.341250,-0.033539
0.341750,1.071411
0.342250,1.305600
0.342750,2.928822
0.343250,0.742479
0.343750,0.696694
0.344250,1.728491
0.344750,2.583777
0.345250,-2.113443
0.345750,1.770831
0.346250,2.005517
0.346750,2.203627
0.347250,2.275219
0.347750,-0.342586
0.348250,2.458679
0.348750,1.386901
0.349250,4.488420
0.349750,0.680186
0.350250,2.143176
0.350750,0.816149
0.351250,0.379300
0.351750,1.747188
0.352250,-0.700443
0.352750,0.964531
0.353250,1.233340
0.353750,2.338563
0.354250,1.659124
0.354750,4.623948
0.355250,0.079689
0.355750,0.308050
0.356250,2.974024
0.356750,3.090506
0.357250,1.343610
0.357750,3.252969
0.358250,-0.381284
0.358750,1.766855
0.359250,1.475486
0.359750,0.835192
0.360250,-1.229292
0.360750,0.813807
0.361250,2.366539
0.361750,0.645725
0.362250,0.633627
0.362750,0.780190
0.363250,0.282163
0.363750,0.589013
0.364250,1.385926
0.364750,-0.814395
0.365250,2.748839
0.365750,0.597711
0.366250,2.031972
0.366750,1.078094
0.367250,1.749359
0.367750,2.398513
0.368250,-0.233675
0.368750,0.261450
0.369250,1.182785
0.369750,1.735116
0.370250,1.536120
0.370750,-0.303023
0.371250,1.704488
0.371750,-2.789862
0.372250,0.362426
0.372750,1.931700
0.373250,2.256966
0.373750,0.781950
0.374250,-0.427930
0.374750,0.980346
0.375250,0.563346
0.375750,0.095509
0.376250,-0.868775
0.376750,2.901967
0.377250,2.042537
0.377750,0.444709
0.378250,2.842306
0.378750,0.226122
0.379250,2.350451
0.379750,2.198768
0.380250,1.248509
0.380750,3.203671
0.381250,2.818324
0.381750,0.612537
0.382250,-0.862022
0.382750,1.790750
0.383250,2.071604
0.383750,2.725537
0.384250,2.524059
0.384750,3.460318
0.385250,1.800608
0.385750,2.830904
0.386250,2.095749
0.386750,2.242626
0.387250,1.178827
0.387750,2.348420
0.388250,4.250699
0.388750,0.845412
0.389250,0.877855
0.389750,3.023382
0.390250,4.574949
0.390750,2.622194
0.391250,2.897225
0.391750,1.328762
0.392250,1.458089
0.392750,1.043842
0.393250,2.930987
0.393750,4.747714
0.394250,2.354302
0.394750,2.474251
0.395250,4.510585
0.395750,2.054742
0.396250,3.535843
0.396750,2.024786
0.397250,3.961878
0.397750,2.898501
0.398250,4.192374
0.398750,1.126529
0.399250,4.420229
0.399750,0.319329
0.400250,2.607151
0.400750,4.566730
0.401250,3.971426
0.401750,1.749894
0.402250,1.430738
0.402750,1.186285
0.403250,3.057929
0.403750,1.556205
0.404250,1.758160
0.404750,2.106314
0.405250,0.411210
0.405750,2.216218
0.406250,3.203428
0.406750,2.930828
0.407250,0.443475
0.407750,3.968779
0.408250,2.086631
0.408750,2.184628
0.409250,2.439441
0.409750,0.385017
0.410250,-1.056855
0.410750,-0.757305
0.411250,1.243911
0.411750,1.311624
0.412250,1.094871
0.412750,2.313677
0.413250,2.449500
0.413750,1.501189
0.414250,3.012435
0.414750,1.166706
0.415250,1.389366
0.415750,2.746054
0.416250,3.961042
0.416750,3.416519
0.417250,1.614251
0.417750,1.314110
0.418250,2.455221
0.418750,-1.460954
0.419250,1.729199
0.419750,1.418078
0.420250,1.622546
0.420750,1.760933
0.421250,3.193051
0.421750,2.452331
0.422250,0.947709
0.422750,-0.067871
0.423250,0.050566
0.423750,1.131284
0.424250,0.953550
0.424750,-0.452676
0.425250,0.089534
0.425750,3.598208
0.426250,-0.234336
0.426750,-0.726368
0.427250,-1.130851
0.427750,-1.650288
0.428250,-0.193374
0.428750,0.174758
0.429250,0.550888
0.429750,2.711531
0.430250,-0.131711
0.430750,2.850775
0.431250,-1.194893
0.431750,0.713595
0.432250,1.318896
0.432750,1.608442
0.433250,1.614485
0.433750,-0.564583
0.434250,2.624715
0.434750,2.661630
0.435250,0.599310
0.435750,-0.886626
0.436250,-0.144870
0.436750,1.203267
0.437250,1.654907
0.437750,0.456330
0.438250,2.979005
0.438750,-0.175767
0.439250,2.462111
0.439750,1.836097
0.440250,-0.617747
0.440750,0.826818
0.441250,0.698539
0.441750,1.659613
0.442250,2.024010
0.442750,-0.501744
0.443250,1.264933
0.443750,1.419336
0.444250,0.002702
0.444750,-0.091329
0.445250,2.973355
0.445750,1.605057
0.446250,1.096272
0.446750,0.395988
0.447250,3.394739
0.447750,1.858284
0.448250,0.407309
0.448750,3.035727
0.449250,2.799829
0.449750,1.713992
0.450250,1.916230
0.450750,2.548288
0.451250,0.653626
0.451750,0.627347
0.452250,2.469530
0.452750,3.890382
0.453250,1.456491
0.453750,0.766453
0.454250,-0.704954
0.454750,-0.195244
0.455250,2.022592
0.455750,2.070603
0.456250,1.444045
0.456750,2.846041
0.457250,1.695200
0.457750,5.856647
0.458250,2.209166
0.458750,1.828342
0.459250,1.430819
0.459750,3.206522
0.460250,1.559373
0.460750,0.230860
0.461250,3.757406
0.461750,1.004475
0.462250,0.442372
0.462750,2.353197
0.463250,5.801675
0.463750,4.368426
0.464250,-0.212857
0.464750,1.995433
0.465250,-0.146115
0.465750,5.431724
0.466250,2.785234
0.466750,2.926692
0.467250,2.087971
0.467750,1.253379
0.468250,4.880901
0.468750,1.213453
0.469250,0.375012
0.469750,1.857463
0.470250,3.645236
0.470750,0.568112
0.471250,1.763482
0.471750,4.728304
0.472250,1.915736
0.472750,0.867268
0.473250,2.641145
0.473750,2.868529
0.474250,4.602839
0.474750,1.312554
0.475250,2.507399
0.475750,2.251948
0.476250,2.375227
0.476750,3.841653
0.477250,3.019157
0.477750,0.151028
0.478250,1.840125
0.478750,5.523709
0.479250,1.017171
0.479750,4.735247
0.480250,0.155495
0.480750,3.394492
0.481250,2.667074
0.481750,1.635099
0.482250,1.132474
0.482750,2.582413
0.483250,1.551063
0.483750,3.338326
0.484250,3.117188
0.484750,1.651527
0.485250,2.410813
0.485750,2.561865
0.486250,0.808570
0.486750,0.255712
0.487250,-0.057188
0.487750,3.116411
0.488250,3.104171
0.488750,2.941288
0.489250,0.803769
0.489750,2.557600
0.490250,0.772950
0.490750,1.540062
0.491250,2.636961
0.491750,3.933427
0.492250,0.842993
0.492750,2.746890
0.493250,4.031197
0.493750,0.996171
0.494250,3.378201
0.494750,2.142677
0.495250,1.343034
0.495750,0.665516
0.496250,0.909342
0.496750,2.533563
0.497250,1.982894
0.497750,1.133142
0.498250,0.929774
0.498750,1.961668
0.499250,1.911972
0.499750,2.693377
0.500250,0.007925
0.500750,3.331510
0.501250,-2.244664
0.501750,0.949236
0.502250,1.311747
0.502750,1.304323
0.503250,2.956028
0.503750,-0.912821
0.504250,2.556542
0.504750,1.357969
0.505250,-0.085583
0.505750,-0.523881
0.506250,1.665948
0.506750,-0.992549
0.507250,2.213134
0.507750,0.726107
0.508250,-0.577781
0.508750,1.251803
0.509250,1.762287
0.509750,2.752779
0.510250,1.866854
0.510750,2.259146
0.511250,-0.219173
0.511750,2.566153
0.512250,1.321601
0.512750,1.973567
0.513250,-1.195594
0.513750,-0.866264
0.514250,0.095974
0.514750,2.201915
0.515250,-1.006964
0.515750,1.307710
0.516250,4.212762
0.516750,0.061694
0.517250,0.486268
0.517750,2.284296
0.518250,1.668110
0.518750,2.006252
0.519250,1.349104
0.519750,2.625831
0.520250,0.883263
0.520750,0.969669
0.521250,2.550616
0.521750,0.317273
0.522250,4.422531
0.522750,3.327608
0.523250,1.304081
0.523750,2.546685
0.524250,0.605037
0.524750,0.286533
0.525250,1.861880
0.525750,4.417347
0.526250,2.953998
0.526750,3.463092
0.527250,0.487364
0.527750,0.026410
0.528250,1.138001
0.528750,1.827486
0.529250,1.930799
0.529750,3.440819
0.530250,-0.866465
0.530750,3.336591
0.531250,-0.635787
0.531750,0.665328
0.532250,-0.401066
0.532750,-0.435008
0.533250,2.338862
0.533750,0.742840
0.534250,-0.537005
0.534750,-0.516946
0.535250,0.166088
0.535750,0.763116
0.536250,0.675898
0.536750,-0.529051
0.537250,1.632751
0.537750,1.726505
0.538250,5.395891
0.538750,0.639039
0.539250,0.178344
0.539750,1.092285
0.540250,1.736489
0.540750,1.704855
0.541250,1.529741
0.541750,2.592156
0.542250,3.418551
0.542750,0.841354
0.543250,2.716723
0.543750,2.751191
0.544250,-0.778273
0.544750,0.143886
0.545250,0.477771
0.545750,1.897725
0.546250,2.389238
0.546750,1.734305
0.547250,-1.563187
0.547750,1.491958
0.548250,1.946540
0.548750,1.742166
0.549250,1.381105
0.549750,5.511490
0.550250,-0.200231
0.550750,1.706845
0.551250,2.232889
0.551750,1.961008
0.552250,2.293537
0.552750,0.605435
0.553250,1.345048
0.553750,0.305171
0.554250,1.109862
0.554750,4.208345
0.555250,1.642606
0.555750,5.628289
0.556250,1.184318
0.556750,-1.914765
0.557250,-0.665110
0.557750,0.108065
0.558250,0.897716
0.558750,-0.605191
0.559250,1.664797
0.559750,0.115579
0.560250,2.169168
0.560750,2.677452
0.561250,0.372727
0.561750,-1.010369
0.562250,-2.256940
0.562750,-0.951580
0.563250,2.126895
0.563750,3.844871
0.564250,0.475805
0.564750,3.062546
0.565250,0.914882
0.565750,0.798220
0.566250,-1.313585
0.566750,1.661682
0.567250,2.198842
0.567750,2.828363
0.568250,0.404275
0.568750,0.278411
0.569250,0.887314
0.569750,-0.423897
0.570250,3.711640
0.570750,0.477107
0.571250,4.186157
0.571750,1.157665
0.572250,-0.959209
0.572750,-2.626356
0.573250,-1.045946
0.573750,-0.482568
0.574250,0.806425
0.574750,-0.149188
0.575250,-0.046416
0.575750,-1.250428
0.576250,-1.862896
0.576750,-0.492753
0.577250,0.476473
0.577750,-1.358133
0.578250,1.313491
0.578750,-0.011445
0.579250,-4.524924
0.579750,-1.211049
0.580250,0.101280
0.580750,0.901591
0.581250,0.798977
0.581750,1.087653
0.582250,-2.676802
0.582750,0.561724
0.583250,-0.414369
0.583750,-1.379790
0.584250,2.639288
0.584750,-1.454439
0.585250,-2.202916
0.585750,-1.950799
0.586250,-1.414346
0.586750,1.300084
0.587250,0.574371
0.587750,-1.520065
0.588250,-0.800563
0.588750,-1.371518
0.589250,-0.263422
0.589750,-3.328405
0.590250,-0.595479
0.590750,-3.701105
0.591250,-0.940398
0.591750,-1.829196
0.592250,1.979145
0.592750,-1.359408
0.593250,-0.602083
0.593750,-3.523954
0.594250,-1.130303
0.594750,1.729733
0.595250,-1.138081
0.595750,-0.957068
0.596250,0.697425
0.596750,-0.654748
0.597250,-0.090823
0.597750,2.440256
0.598250,4.148824
0.598750,1.929301
0.599250,1.085832
0.599750,-1.237202
0.600250,3.248117
0.600750,-0.547523
0.601250,-0.016166
0.601750,-0.648506
0.602250,-3.205514
0.602750,1.729671
0.603250,-1.482416
0.603750,0.001578
0.604250,0.873406
0.604750,1.977077
0.605250,-2.360954
0.605750,-1.661373
0.606250,-1.380825
0.606750,-0.117039
0.607250,-0.045284
0.607750,-1.719126
0.608250,-0.321489
0.608750,1.123596
0.609250,-2.157850
0.609750,-0.000423
0.610250,1.169295
0.610750,-0.351220
0.611250,0.887179
0.611750,0.060979
0.612250,-1.610627
0.612750,-1.848233
0.613250,-1.981183
0.613750,0.439036
0.614250,-3.433367
0.614750,0.846673
0.615250,0.110152
0.615750,-2.247846
0.616250,-3.856456
0.616750,0.606038
0.617250,-1.394927
0.617750,-0.685209
0.618250,1.133178
0.618750,-2.336350
0.619250,-1.993681
0.619750,-1.349767
0.620250,-2.985600
0.620750,-0.096139
0.621250,-1.779251
0.621750,-1.276771
0.622250,2.035766
0.622750,-0.090189
0.623250,2.983668
0.623750,-0.657608
0.624250,-0.430239
0.624750,2.537230
0.625250,2.702990
0.625750,-2.553299
0.626250,-2.724729
0.626750,1.202375
0.627250,1.129934
0.627750,1.156363
0.628250,-0.743550
0.628750,-0.528092
0.629250,1.445596
0.629750,1.254568
0.630250,-0.989195
0.630750,-0.971262
0.631250,-0.767872
0.631750,0.247561
0.632250,-0.146770
0.632750,-0.598458
0.633250,-0.752662
0.633750,-1.241916
0.634250,-0.654112
0.634750,0.711110
0.635250,1.053158
0.635750,1.219762
0.636250,0.363638
0.636750,3.200402
0.637250,1.219204
0.637750,-1.926607
0.638250,0.845376
0.638750,0.030458
0.639250,1.214879
0.639750,-0.963158
0.640250,1.334092
0.640750,0.785709
0.641250,0.050646
0.641750,-2.754404
0.642250,1.016439
0.642750,0.197311
0.643250,1.881186
0.643750,1.732314
0.644250,0.512223
0.644750,-1.289173
0.645250,-0.018879
0.645750,-0.297360
0.646250,-0.062728
0.646750,2.103552
0.647250,4.033792
0.647750,2.837702
0.648250,1.606644
0.648750,-0.963941
0.649250,-1.462664
0.649750,2.217333
0.650250,1.367785
0.650750,4.074330
0.651250,-3.165234
0.651750,1.932580
0.652250,1.443399
0.652750,2.691908
0.653250,2.388632
0.653750,-0.807454
0.654250,0.355015
0.654750,0.333288
0.655250,-1.104944
0.655750,2.567009
0.656250,1.419137
0.656750,2.123709
0.657250,0.231375
0.657750,-3.212453
0.658250,-2.228873
0.658750,-1.232111
0.659250,-1.360128
0.659750,-0.350781
0.660250,-1.638270
0.660750,0.658643
0.661250,-1.299515
0.661750,-1.340128
0.662250,-2.644844
0.662750,-0.380432
0.663250,-2.280651
0.663750,0.842485
0.664250,1.951589
0.664750,-1.288129
0.665250,0.533000
0.665750,-1.576002
0.666250,1.150525
0.666750,0.617109
0.667250,1.822304
0.667750,1.331943
0.668250,-4.054016
0.668750,-3.235591
0.669250,-0.799161
0.669750,2.879550
0.670250,-3.552496
0.670750,1.807365
0.671250,1.366904
0.671750,-1.401197
0.672250,-1.156894
0.672750,-2.131704
0.673250,-1.539891
0.673750,-2.742459
0.674250,-1.628483
0.674750,-3.478303
0.675250,-1.341760
0.675750,0.050790
0.676250,-0.571159
0.676750,1.091140
0.677250,-3.729059
0.677750,-2.157813
0.678250,0.923538
0.678750,-1.490065
0.679250,-2.612335
0.679750,-4.300035
0.680250,-0.450918
0.680750,-2.056825
0.681250,-0.776115
0.681750,-4.045079
0.682250,-2.352806
0.682750,-2.036056
0.683250,-3.136451
0.683750,-2.428178
0.684250,-1.457789
0.684750,-3.674000
0.685250,-1.331392
0.685750,-1.213388
0.686250,-1.928634
0.686750,2.479726
0.687250,0.493204
0.687750,-1.782393
0.688250,-0.920001
0.688750,-3.209160
0.689250,-0.996085
0.689750,-0.621989
0.690250,0.275050
0.690750,1.227205
0.691250,-0.887403
0.691750,1.725197
0.692250,-3.199158
0.692750,-0.619549
0.693250,1.765639
0.693750,0.607372
0.694250,-2.694456
0.694750,-1.909528
0.695250,-3.048644
0.695750,-0.565140
0.696250,-0.103241
0.696750,-1.458276
0.697250,-1.955968
0.697750,-0.336011
0.698250,-2.192562
0.698750,-0.940238
0.699250,-1.415162
0.699750,0.003665
0.700250,2.944369
0.700750,-1.863307
0.701250,0.413969
0.701750,0.347208
0.702250,-0.538268
0.702750,-2.093923
0.703250,-1.809289
0.703750,-2.039930
0.704250,-2.836479
0.704750,-0.614746
0.705250,-1.759272
0.705750,-0.774321
0.706250,-2.466324
0.706750,-5.419229
0.707250,-0.758687
0.707750,-5.147740
0.708250,-2.343306
0.708750,-3.208127
0.709250,-2.721406
0.709750,-1.773008
0.710250,0.248926
0.710750,2.024100
0.711250,-0.968350
0.711750,-1.028081
0.712250,-3.123560
0.712750,2.390852
0.713250,-2.542058
0.713750,-0.147510
0.714250,5.472670
0.714750,-1.295530
0.715250,-2.044059
0.715750,-1.924364
0.716250,-2.755365
0.716750,-3.050760
0.717250,-0.511745
0.717750,-0.400494
0.718250,-0.198052
0.718750,0.598599
0.719250,-0.428529
0.719750,-0.597774
0.720250,-0.604360
0.720750,1.725649
0.721250,-1.011481
0.721750,-3.802380
0.722250,-0.259581
0.722750,-1.709217
0.723250,0.914060
0.723750,0.041887
0.724250,-1.045949
0.724750,-0.430964
0.725250,-2.094804
0.725750,1.746234
0.726250,-1.276096
0.726750,0.503104
0.727250,-0.165625
0.727750,-0.437113
0.728250,-0.793021
0.728750,0.791143
0.729250,-3.022002
0.729750,-3.353252
0.730250,-1.718109
0.730750,0.402835
0.731250,0.508697
0.731750,1.475756
0.732250,-1.289218
0.732750,1.539063
0.733250,1.211188
0.733750,-1.937896
0.734250,-0.497101
0.734750,-2.892274
0.735250,-3.332426
0.735750,0.744798
0.736250,0.982900
0.736750,-1.799571
0.737250,-0.303494
0.737750,-0.570780
0.738250,-1.860838
0.738750,-0.127586
0.739250,-0.524049
0.739750,-0.483454
0.740250,-2.657297
0.740750,-3.569231
0.741250,-0.410908
0.741750,-1.721515
0.742250,0.042442
0.742750,-0.201444
0.743250,-0.796839
0.743750,-3.471364
0.744250,-5.503692
0.744750,-3.720303
0.745250,-3.779740
0.745750,-0.780034
0.746250,-2.555549
0.746750,-2.654656
0.747250,-2.930442
0.747750,1.322348
0.748250,-2.238344
0.748750,-3.328106
0.749250,-1.567007
0.749750,0.031985
0.750250,2.385715
0.750750,-0.604940
0.751250,-2.916001
0.751750,-1.762866
0.752250,-1.415957
0.752750,-2.177756
0.753250,-1.773687
0.753750,0.831472
0.754250,-1.298362
0.754750,-2.114118
0.755250,-2.219666
0.755750,-2.728396
0.756250,0.026623
0.756750,-3.140912
0.757250,-2.016147
0.757750,-3.720117
0.758250,-3.166545
0.758750,-4.998060
0.759250,-6.086692
0.759750,-4.442149
0.760250,-0.445904
0.760750,-1.462756
0.761250,-2.896361
0.761750,0.235599
0.762250,-4.060721
0.762750,-0.896597
0.763250,-1.098293
0.763750,-4.199113
0.764250,-2.172531
0.764750,-2.998696
0.765250,-5.399864
0.765750,-5.959361
0.766250,-2.370405
0.766750,-4.245497
0.767250,-6.047961
0.767750,-3.167822
0.768250,-3.298502
0.768750,-4.090482
0.769250,-4.437862
0.769750,-2.477206
0.770250,-5.061472
0.770750,-2.643867
0.771250,-1.346280
0.771750,-3.022501
0.772250,-1.395684
0.772750,-2.268737
0.773250,-4.253575
0.773750,-2.894115
0.774250,-1.622397
0.774750,-2.216424
0.775250,-3.325272
0.775750,-1.606562
0.776250,-5.966194
0.776750,-5.578676
0.777250,-2.466995
0.777750,-4.061880
0.778250,-2.162912
0.778750,-4.697206
0.779250,-5.150746
0.779750,-5.522244
0.780250,-2.723632
0.780750,-0.876640
0.781250,-3.909761
0.781750,-4.697362
0.782250,-3.655137
0.782750,-1.515421
0.783250,-0.398376
0.783750,-1.857284
0.784250,1.558439
0.784750,-3.499182
0.785250,-2.159949
0.785750,-0.200484
0.786250,-3.554043
0.786750,-0.952314
0.787250,-5.606407
0.787750,-0.881499
0.788250,0.480027
0.788750,-0.659394
0.789250,-2.685006
0.789750,-1.044988
0.790250,-2.510381
0.790750,-2.223851
0.791250,-1.685353
0.791750,-0.214547
0.792250,-5.157531
0.792750,-0.354186
0.793250,-4.719073
0.793750,-4.077677
0.794250,-5.851460
0.794750,-5.939060
0.795250,-2.093127
0.795750,-3.011077
0.796250,-4.209662
0.796750,-6.419261
0.797250,-1.711993
0.797750,-2.298081
0.798250,-4.183209
0.798750,-0.697633
0.799250,-4.051394
0.799750,-3.570150
0.800250,0.006444
0.800750,-4.744457
0.801250,-2.544788
0.801750,-1.150230
0.802250,-2.747060
0.802750,-1.336381
0.803250,-2.923979
0.803750,-3.668188
0.804250,-4.476837
0.804750,-1.343196
0.805250,-4.362511
0.805750,-0.201561
0.806250,-3.387001
0.806750,-2.100553
0.807250,-3.374054
0.807750,-1.845564
0.808250,-2.789104
0.808750,1.034804
0.809250,-4.549093
0.809750,2.517335
0.810250,-4.489773
0.810750,-3.984300
0.811250,-3.718009
0.811750,-2.087357
0.812250,-0.318527
0.812750,-1.817995
0.813250,-3.022078
0.813750,-2.384120
0.814250,-1.331334
0.814750,-3.719528
0.815250,-0.287473
0.815750,1.467066
0.816250,-4.663261
0.816750,2.916077
0.817250,0.073298
0.817750,-0.394278
0.818250,-2.241127
0.818750,-3.091863
0.819250,-5.944453
0.819750,-1.199582
0.820250,-0.945637
0.820750,-1.668351
0.821250,0.948087
0.821750,0.392007
0.822250,-0.714380
0.822750,-0.794160
0.823250,1.244171
0.823750,-1.254120
0.824250,-2.733294
0.824750,-0.978213
0.825250,-0.843936
0.825750,-4.981645
0.826250,0.202653
0.826750,3.043598
0.827250,-3.452225
0.827750,1.170868
0.828250,-1.151493
0.828750,0.507011
0.829250,-0.290456
0.829750,-0.678803
0.830250,0.932782
0.830750,-0.686708
0.831250,-1.760944
0.831750,-3.240832
0.832250,-1.176717
0.832750,-2.598430
0.833250,-0.821014
0.833750,-1.474572
0.834250,-2.368145
0.834750,0.894051
0.835250,0.833523
0.835750,1.023506
0.836250,0.457206
0.836750,-0.687017
0.837250,-1.962393
0.837750,-4.550977
0.838250,-2.295420
0.838750,-2.569606
0.839250,1.822296
0.839750,-1.512991
0.840250,-0.967981
0.840750,0.015328
0.841250,-1.491837
0.841750,-0.587394
0.842250,-4.162491
0.842750,-6.004035
0.843250,-0.275940
0.843750,-0.623709
0.844250,-3.596598
0.844750,-4.124485
0.845250,-2.532480
0.845750,-3.799172
0.846250,-0.947713
0.846750,-0.410629
0.847250,-1.569374
0.847750,0.088313
0.848250,-0.965302
0.848750,-3.634951
0.849250,-1.359817
0.849750,-0.326355
0.850250,-1.569200
0.850750,-1.581875
0.851250,-2.974792
0.851750,-5.108196
0.852250,0.852028
0.852750,1.368700
0.853250,5.132395
0.853750,-2.602873
0.854250,0.448409
0.854750,-0.444429
0.855250,-0.951649
0.855750,1.224693
0.856250,-0.198190
0.856750,4.279167
0.857250,-0.222966
0.857750,-0.998080
0.858250,-0.070505
0.858750,-3.920899
0.859250,-1.664256
0.859750,-0.015614
0.860250,-1.575335
0.860750,-4.396153
0.861250,-2.161740
0.861750,1.356891
0.862250,-2.146553
0.862750,-5.402324
0.863250,2.161719
0.863750,0.068568
0.864250,-2.669908
0.864750,-0.770962
0.865250,-0.879965
0.865750,-2.058983
0.866250,-0.042215
0.866750,-3.321571
0.867250,-0.818129
0.867750,-4.216651
0.868250,-1.818821
0.868750,-5.143619
0.869250,-1.446873
0.869750,-5.833934
0.870250,-4.726604
0.870750,-2.318159
0.871250,-0.770807
0.871750,0.955404
0.872250,-0.857985
0.872750,-1.656508
0.873250,-3.741728
0.873750,-3.493254
0.874250,-2.297518
0.874750,-9.155131
0.875250,-1.013932
0.875750,-4.629857
0.876250,0.565104
0.876750,-3.131898
0.877250,-3.276789
0.877750,0.311084
0.878250,0.267540
0.878750,-3.270857
0.879250,-1.232827
0.879750,-5.689282
0.880250,-0.838637
0.880750,-1.675191
0.881250,1.280494
0.881750,-0.391240
0.882250,-1.960443
0.882750,-3.940009
0.883250,-3.810717
0.883750,1.711175
0.884250,1.590788
0.884750,-1.984188
0.885250,-3.345154
0.885750,-1.686487
0.886250,0.371448
0.886750,-1.984764
0.887250,-1.623520
0.887750,-4.542827
0.888250,-0.373145
0.888750,-3.263146
0.889250,-4.303206
0.889750,-5.411910
0.890250,-2.412340
0.890750,-2.986081
0.891250,-1.827140
0.891750,2.465239
0.892250,-2.440509
0.892750,-2.705393
0.893250,-6.062091
0.893750,-0.888323
0.894250,-0.546560
0.894750,-0.220940
0.895250,0.072835
0.895750,-1.197484
0.896250,-1.195010
0.896750,3.017506
0.897250,-0.546894
0.897750,-1.890591
0.898250,-5.690708
0.898750,-0.436255
0.899250,1.384895
0.899750,-2.465881
0.900250,-2.296516
0.900750,1.527210
0.901250,-4.748147
0.901750,-1.379608
0.902250,-2.886259
0.902750,-1.126685
0.903250,0.191821
0.903750,-0.641114
0.904250,-3.711295
0.904750,-0.719334
0.905250,-1.990179
0.905750,-3.289005
0.906250,-0.114662
0.906750,-0.935759
0.907250,-0.836538
0.907750,-3.120496
0.908250,-0.843386
0.908750,1.391811
0.909250,-0.453109
0.909750,-3.952542
0.910250,-3.397688
0.910750,-0.288126
0.911250,-3.532573
0.911750,-2.851906
0.912250,-2.643601
0.912750,-0.696266
0.913250,0.845591
0.913750,0.664029
0.914250,-0.036278
0.914750,2.071417
0.915250,0.344419
0.915750,-0.768195
0.916250,-1.556990
0.916750,-0.783176
0.917250,2.189318
0.917750,0.971510
0.918250,3.527642
0.918750,0.722402
0.919250,0.373951
0.919750,0.314534
0.920250,2.932202
0.920750,-1.585788
0.921250,-1.626319
0.921750,0.446193
0.922250,-0.830989
0.922750,2.381972
0.923250,-0.647974
0.923750,-2.937774
0.924250,-0.428723
0.924750,-5.036515
0.925250,0.343746
0.925750,-3.887401
0.926250,-2.548793
0.926750,0.591774
0.927250,-0.301733
0.927750,-2.823761
0.928250,-1.775775
0.928750,-1.177980
0.929250,-0.914811
0.929750,0.933788
0.930250,0.404667
0.930750,2.431369
0.931250,2.160254
0.931750,0.062236
0.932250,2.479541
0.932750,2.065319
0.933250,-0.058787
0.933750,-0.335213
0.934250,-2.610211
0.934750,-2.060734
0.935250,-5.516601
0.935750,-2.440368
0.936250,-3.428156
0.936750,-0.276260
0.937250,-0.007371
0.937750,0.128401
0.938250,-2.749205
0.938750,-2.227189
0.939250,0.822212
0.939750,-1.387843
0.940250,-1.151421
0.940750,0.039345
0.941250,0.654696
0.941750,-1.316415
0.942250,2.432138
0.942750,-4.275383
0.943250,-0.044270
0.943750,-0.999251
0.944250,-2.605356
0.944750,-5.418616
0.945250,2.074224
0.945750,-2.914889
0.946250,-0.639689
0.946750,-2.099950
0.947250,-2.472766
0.947750,0.219601
0.948250,-0.636479
0.948750,-2.238040
0.949250,0.830810
0.949750,-3.225252
0.950250,-1.651658
0.950750,0.624473
0.951250,-2.739583
0.951750,-4.037899
0.952250,-2.407344
0.952750,-2.722432
0.953250,4.057165
0.953750,-2.571870
0.954250,-0.618779
0.954750,-1.653674
0.955250,-0.271652
0.955750,-2.025602
0.956250,-4.310548
0.956750,-4.787845
0.957250,-3.075094
0.957750,0.060885
0.958250,0.208014
0.958750,0.560285
0.959250,-1.887577
0.959750,-1.366454
0.960250,0.023033
0.960750,-3.197305
0.961250,-3.945976
0.961750,-0.984951
0.962250,0.577000
0.962750,2.464304
0.963250,-2.251775
0.963750,-0.009141
0.964250,-0.007290
0.964750,-1.824315
0.965250,-5.205296
0.965750,-0.458434
0.966250,-1.167153
0.966750,0.509441
0.967250,-3.256241
0.967750,-0.836339
0.968250,-0.320795
0.968750,-5.113149
0.969250,-2.986544
0.969750,-4.515846
0.970250,-2.488903
0.970750,-1.724138
0.971250,-4.594825
0.971750,0.952200
0.972250,-4.493961
0.972750,0.453761
0.973250,0.556980
0.973750,-1.096903
0.974250,-3.662765
0.974750,-3.235185
0.975250,-4.147952
0.975750,-1.862259
0.976250,0.254599
0.976750,-1.490092
0.977250,-2.569911
0.977750,1.315653
0.978250,-3.472880
0.978750,-4.134117
0.979250,-2.273669
0.979750,-0.624480
0.980250,-1.805798
0.980750,-2.715444
0.981250,-3.197208
0.981750,-0.763477
0.982250,0.123007
0.982750,-5.160647
0.983250,-3.158316
0.983750,0.708844
0.984250,-4.301654
0.984750,-0.110074
0.985250,1.246080
0.985750,-0.768715
0.986250,0.226455
0.986750,-4.550343
0.987250,-3.580989
0.987750,-0.825175
0.988250,-1.189316
0.988750,-4.850893
0.989250,-1.778161
0.989750,-4.219238
0.990250,0.995424
0.990750,1.924311
0.991250,-0.651256
0.991750,-3.141912
0.992250,-1.011393
0.992750,-0.089805
0.993250,-2.248427
0.993750,-1.033180
0.994250,-3.681602
0.994750,-3.160550
0.995250,-3.076400
0.995750,1.461942
0.996250,-2.313006
0.996750,-0.874662
0.997250,-2.068836
0.997750,1.499559
0.998250,-1.779217
0.998750,-3.969077
0.999250,-0.886116
0.999750,-4.720868
