0.000250,0.076869
0.000750,0.112378
0.001250,0.095036
0.001750,-0.115103
0.002250,-0.154630
0.002750,-0.007046
0.003250,0.046880
0.003750,-0.034433
0.004250,0.136464
0.004750,0.288518
0.005250,0.353304
0.005750,0.270354
0.006250,0.211655
0.006750,0.207697
0.007250,0.190479
0.007750,0.162925
0.008250,0.115710
0.008750,0.025115
0.009250,0.084976
0.009750,-0.026966
0.010250,0.114081
0.010750,0.151581
0.011250,0.256987
0.011750,0.402548
0.012250,0.240649
0.012750,0.558459
0.013250,0.458096
0.013750,0.429658
0.014250,0.589102
0.014750,0.611991
0.015250,0.649843
0.015750,0.936404
0.016250,1.074835
0.016750,1.077988
0.017250,1.226564
0.017750,1.098733
0.018250,1.066420
0.018750,1.064291
0.019250,1.051187
0.019750,1.241862
0.020250,1.243038
0.020750,1.355065
0.021250,1.150516
0.021750,1.044282
0.022250,1.108899
0.022750,1.040037
0.023250,1.032275
0.023750,0.654642
0.024250,0.820345
0.024750,0.609473
0.025250,0.783683
0.025750,1.057938
0.026250,0.939666
0.026750,1.062814
0.027250,0.972130
0.027750,1.121114
0.028250,1.017836
0.028750,0.957584
0.029250,1.027618
0.029750,0.937389
0.030250,1.064861
0.030750,1.250590
0.031250,1.338317
0.031750,1.388788
0.032250,1.646229
0.032750,1.508425
0.033250,1.654072
0.033750,1.641146
0.034250,1.500206
0.034750,1.407704
0.035250,1.546927
0.035750,1.282263
0.036250,1.337364
0.036750,1.248556
0.037250,1.146463
0.037750,1.065131
0.038250,1.029138
0.038750,1.008872
0.039250,1.018923
0.039750,1.078690
0.040250,0.890703
0.040750,0.886150
0.041250,0.819677
0.041750,0.842756
0.042250,0.775892
0.042750,0.766399
0.043250,0.614317
0.043750,0.622585
0.044250,0.632256
0.044750,0.545301
0.045250,0.481642
0.045750,0.801459
0.046250,0.727815
0.046750,0.532708
0.047250,0.826487
0.047750,1.071526
0.048250,1.069289
0.048750,0.891113
0.049250,1.038921
0.049750,0.980807
0.050250,0.801493
0.050750,0.840149
0.051250,0.745992
0.051750,0.645792
0.052250,0.700781
0.052750,0.949014
0.053250,0.765420
0.053750,0.868038
0.054250,0.850439
0.054750,1.194115
0.055250,1.309726
0.055750,1.186006
0.056250,1.508112
0.056750,1.669937
0.057250,1.509867
0.057750,1.450142
0.058250,1.743286
0.058750,1.755232
0.059250,1.616275
0.059750,1.521664
0.060250,1.576874
0.060750,1.674985
0.061250,1.285187
0.061750,1.480867
0.062250,1.610994
0.062750,1.727641
0.063250,1.442943
0.063750,1.616287
0.064250,1.704997
0.064750,1.854992
0.065250,1.703725
0.065750,1.536457
0.066250,1.464661
0.066750,1.517591
0.067250,1.407121
0.067750,1.305581
0.068250,1.145472
0.068750,1.117880
0.069250,0.980885
0.069750,0.765600
0.070250,1.062113
0.070750,0.892350
0.071250,0.828230
0.071750,0.806607
0.072250,0.779266
0.072750,0.932966
0.073250,0.684693
0.073750,0.856471
0.074250,0.870852
0.074750,1.211434
0.075250,1.183654
0.075750,1.210316
0.076250,1.123063
0.076750,1.119365
0.077250,1.059576
0.077750,1.109784
0.078250,1.020685
0.078750,0.954032
0.079250,0.984348
0.079750,0.766528
0.080250,1.159452
0.080750,1.004941
0.081250,1.086880
0.081750,1.238228
0.082250,1.141150
0.082750,1.467910
0.083250,1.415981
0.083750,1.314788
0.084250,1.448420
0.084750,1.464686
0.085250,1.918873
0.085750,1.476112
0.086250,1.430113
0.086750,1.441570
0.087250,1.425734
0.087750,1.558743
0.088250,1.099973
0.088750,1.477953
0.089250,1.281995
0.089750,1.470383
0.090250,1.242791
0.090750,1.338941
0.091250,0.998094
0.091750,0.886657
0.092250,1.194575
0.092750,1.084825
0.093250,0.756440
0.093750,0.693556
0.094250,0.752673
0.094750,1.004160
0.095250,0.943403
0.095750,0.582874
0.096250,0.581945
0.096750,0.638974
0.097250,0.777688
0.097750,0.744160
0.098250,0.474379
0.098750,0.522880
0.099250,0.685646
0.099750,0.616981
0.100250,0.628999
0.100750,0.168627
0.101250,0.215383
0.101750,0.120863
0.102250,-0.359908
0.102750,-0.249418
0.103250,-0.175312
0.103750,-0.136419
0.104250,0.118587
0.104750,-0.193812
0.105250,0.091590
0.105750,0.026378
0.106250,-0.061034
0.106750,0.238816
0.107250,0.165217
0.107750,0.367926
0.108250,0.561774
0.108750,0.086864
0.109250,0.484285
0.109750,0.547050
0.110250,0.529124
0.110750,0.516307
0.111250,0.159501
0.111750,0.206788
0.112250,0.514426
0.112750,0.514623
0.113250,0.394357
0.113750,0.247613
0.114250,0.211473
0.114750,0.212089
0.115250,0.583873
0.115750,0.320786
0.116250,0.290883
0.116750,0.070333
0.117250,0.211641
0.117750,0.480402
0.118250,0.411191
0.118750,0.322977
0.119250,0.503157
0.119750,0.984272
0.120250,0.992574
0.120750,1.070534
0.121250,0.929233
0.121750,0.834316
0.122250,0.945950
0.122750,1.060688
0.123250,1.082017
0.123750,1.098440
0.124250,0.942447
0.124750,1.039289
0.125250,1.256283
0.125750,0.980582
0.126250,0.617558
0.126750,0.915818
0.127250,0.599881
0.127750,0.586565
0.128250,0.895996
0.128750,0.851880
0.129250,0.880883
0.129750,0.919696
0.130250,0.740124
0.130750,0.972116
0.131250,0.905113
0.131750,0.900209
0.132250,1.067139
0.132750,0.901230
0.133250,0.689788
0.133750,1.256388
0.134250,1.107280
0.134750,0.845199
0.135250,0.865806
0.135750,0.638948
0.136250,0.441590
0.136750,0.703870
0.137250,0.452741
0.137750,0.357092
0.138250,0.338592
0.138750,0.049576
0.139250,-0.157985
0.139750,0.197032
0.140250,0.180682
0.140750,-0.129466
0.141250,-0.186262
0.141750,-0.011103
0.142250,-0.302035
0.142750,0.134329
0.143250,0.073023
0.143750,-0.521869
0.144250,-0.396342
0.144750,-0.578730
0.145250,-0.369102
0.145750,-0.133913
0.146250,-0.005151
0.146750,-0.275696
0.147250,-0.281794
0.147750,-0.091476
0.148250,-0.006864
0.148750,0.132645
0.149250,0.119908
0.149750,0.062770
0.150250,-0.147179
0.150750,-0.334791
0.151250,-0.351109
0.151750,-0.256720
0.152250,-0.165582
0.152750,-0.133617
0.153250,-0.459450
0.153750,-0.624477
0.154250,-0.169682
0.154750,-0.462152
0.155250,-0.129458
0.155750,-0.343456
0.156250,-0.317481
0.156750,-0.318970
0.157250,-0.304842
0.157750,-0.266803
0.158250,-0.165852
0.158750,0.265273
0.159250,-0.050694
0.159750,-0.162166
0.160250,0.093060
0.160750,0.322810
0.161250,0.450235
0.161750,0.163869
0.162250,0.186508
0.162750,0.438975
0.163250,0.300353
0.163750,0.249619
0.164250,0.475235
0.164750,0.274127
0.165250,0.470706
0.165750,0.368360
0.166250,0.079747
0.166750,0.019794
0.167250,0.542225
0.167750,0.372906
0.168250,0.184448
0.168750,0.423056
0.169250,0.070133
0.169750,-0.195784
0.170250,-0.123424
0.170750,-0.140743
0.171250,-0.399074
0.171750,-0.536568
0.172250,-0.345470
0.172750,-0.308990
0.173250,-0.281682
0.173750,-0.551473
0.174250,-0.444231
0.174750,-0.732739
0.175250,-0.617457
0.175750,-0.599569
0.176250,-0.594943
0.176750,-0.615446
0.177250,-0.588382
0.177750,-0.330867
0.178250,-0.553464
0.178750,-0.425270
0.179250,-0.514927
0.179750,-0.352024
0.180250,-0.600530
0.180750,-0.870435
0.181250,-0.514168
0.181750,-0.568498
0.182250,-0.900707
0.182750,-0.610179
0.183250,-0.662971
0.183750,-0.697612
0.184250,-0.988490
0.184750,-0.640264
0.185250,-0.901552
0.185750,-1.002109
0.186250,-0.868686
0.186750,-0.948116
0.187250,-0.851760
0.187750,-1.046567
0.188250,-0.931917
0.188750,-1.112026
0.189250,-1.227014
0.189750,-1.001559
0.190250,-0.781780
0.190750,-0.657402
0.191250,-0.930477
0.191750,-1.011517
0.192250,-0.769497
0.192750,-0.833713
0.193250,-0.457307
0.193750,-0.126249
0.194250,-0.192871
0.194750,-0.126556
0.195250,-0.344747
0.195750,-0.207037
0.196250,-0.356284
0.196750,-0.221313
0.197250,-0.220193
0.197750,0.075252
0.198250,-0.327296
0.198750,-0.230996
0.199250,-0.141657
0.199750,-0.529303
0.200250,-0.414081
0.200750,-0.205194
0.201250,-0.481998
0.201750,-0.615215
0.202250,-0.729811
0.202750,-0.508933
0.203250,-0.762518
0.203750,-0.675724
0.204250,-0.142241
0.204750,-0.069368
0.205250,-0.102664
0.205750,-0.152678
0.206250,-0.177291
0.206750,-0.333487
0.207250,-0.108315
0.207750,0.346225
0.208250,0.361549
0.208750,0.142829
0.209250,0.191937
0.209750,0.516848
0.210250,0.308210
0.210750,0.691268
0.211250,0.766537
0.211750,0.768578
0.212250,0.747011
0.212750,0.629496
0.213250,0.634883
0.213750,0.672496
0.214250,0.550683
0.214750,0.914465
0.215250,1.031837
0.215750,1.027919
0.216250,0.784216
0.216750,0.625014
0.217250,0.203033
0.217750,0.699873
0.218250,0.328843
0.218750,0.728203
0.219250,0.655493
0.219750,0.860071
0.220250,0.821554
0.220750,0.306363
0.221250,0.560543
0.221750,0.783599
0.222250,0.725793
0.222750,0.722166
0.223250,0.866891
0.223750,0.842225
0.224250,0.930694
0.224750,0.845573
0.225250,0.623522
0.225750,1.068378
0.226250,1.170104
0.226750,1.062867
0.227250,1.176061
0.227750,0.971452
0.228250,0.560808
0.228750,0.888759
0.229250,0.993709
0.229750,0.984220
0.230250,0.930310
0.230750,0.641713
0.231250,0.660589
0.231750,0.762065
0.232250,0.236126
0.232750,0.207715
0.233250,0.555436
0.233750,0.542929
0.234250,0.430149
0.234750,0.332419
0.235250,0.710677
0.235750,-0.046790
0.236250,-0.065392
0.236750,-0.340397
0.237250,0.488648
0.237750,0.026629
0.238250,0.037732
0.238750,0.221263
0.239250,0.184261
0.239750,-0.121860
0.240250,-0.001903
0.240750,-0.305595
0.241250,-0.006170
0.241750,0.060238
0.242250,-0.078183
0.242750,0.089395
0.243250,-0.116861
0.243750,-0.057150
0.244250,0.262390
0.244750,0.000023
0.245250,0.160002
0.245750,0.024105
0.246250,0.389249
0.246750,0.319818
0.247250,-0.037562
0.247750,0.125953
0.248250,-0.095981
0.248750,0.468844
0.249250,0.345249
0.249750,0.130521
0.250250,0.598444
0.250750,0.037406
0.251250,0.209627
0.251750,0.116792
0.252250,0.367538
0.252750,0.730437
0.253250,0.219597
0.253750,0.367964
0.254250,0.220777
0.254750,0.012505
0.255250,0.240534
0.255750,0.527570
0.256250,0.312724
0.256750,0.352941
0.257250,0.236011
0.257750,0.501748
0.258250,0.347464
0.258750,-0.014362
0.259250,0.234992
0.259750,0.581002
0.260250,0.599267
0.260750,0.671555
0.261250,0.498749
0.261750,0.510250
0.262250,0.875668
0.262750,0.429624
0.263250,0.570519
0.263750,0.728055
0.264250,1.007137
0.264750,1.268908
0.265250,0.972208
0.265750,0.624891
0.266250,1.110683
0.266750,0.927859
0.267250,0.686809
0.267750,0.899413
0.268250,1.101863
0.268750,0.782886
0.269250,1.038544
0.269750,0.663738
0.270250,1.206149
0.270750,1.170128
0.271250,0.682200
0.271750,0.954016
0.272250,0.701763
0.272750,1.241452
0.273250,1.146374
0.273750,0.564299
0.274250,0.664032
0.274750,0.691633
0.275250,0.394769
0.275750,0.367785
0.276250,0.368570
0.276750,0.981424
0.277250,0.623765
0.277750,0.475709
0.278250,0.275122
0.278750,-0.036142
0.279250,0.279762
0.279750,-0.145951
0.280250,0.205941
0.280750,0.307620
0.281250,0.416561
0.281750,0.576076
0.282250,0.417336
0.282750,0.257557
0.283250,0.014001
0.283750,0.005092
0.284250,0.146116
0.284750,-0.110965
0.285250,0.710333
0.285750,0.498170
0.286250,-0.081824
0.286750,0.130097
0.287250,0.015261
0.287750,0.125254
0.288250,-0.359719
0.288750,-0.129976
0.289250,-0.038760
0.289750,-0.059764
0.290250,0.220062
0.290750,-0.229418
0.291250,-0.217289
0.291750,-0.299161
0.292250,-0.616432
0.292750,-0.503677
0.293250,-0.689299
0.293750,-0.562165
0.294250,-0.338772
0.294750,-0.731671
0.295250,-0.627799
0.295750,-0.770566
0.296250,-0.653721
0.296750,-0.972391
0.297250,-0.713898
0.297750,-0.513386
0.298250,-0.256937
0.298750,-0.538166
0.299250,0.076383
0.299750,-0.224141
0.300250,-0.494475
0.300750,-0.449946
0.301250,-0.374727
0.301750,0.316538
0.302250,-0.022867
0.302750,0.261699
0.303250,0.119245
0.303750,0.443569
0.304250,0.380832
0.304750,0.453662
0.305250,-0.186321
0.305750,0.488748
0.306250,0.827925
0.306750,0.047241
0.307250,-0.196259
0.307750,0.025420
0.308250,0.244454
0.308750,0.237038
0.309250,-0.120024
0.309750,-0.142764
0.310250,0.174818
0.310750,0.712931
0.311250,0.375897
0.311750,0.165510
0.312250,0.429928
0.312750,0.575981
0.313250,0.346167
0.313750,-0.073269
0.314250,-0.312147
0.314750,-0.053577
0.315250,0.433985
0.315750,0.216261
0.316250,0.124839
0.316750,-0.199128
0.317250,0.057545
0.317750,0.363894
0.318250,0.187676
0.318750,0.591920
0.319250,0.449918
0.319750,0.718196
0.320250,0.844760
0.320750,0.430920
0.321250,0.879859
0.321750,0.937832
0.322250,0.923726
0.322750,0.798502
0.323250,0.722410
0.323750,1.039565
0.324250,1.214627
0.324750,0.931292
0.325250,1.575528
0.325750,1.119047
0.326250,1.199407
0.326750,1.250001
0.327250,1.545236
0.327750,1.301483
0.328250,1.160539
0.328750,1.665003
0.329250,1.761926
0.329750,1.112450
0.330250,1.124615
0.330750,1.202812
0.331250,1.458428
0.331750,1.481232
0.332250,1.399965
0.332750,1.201006
0.333250,1.540229
0.333750,1.490831
0.334250,1.248811
0.334750,1.454173
0.335250,1.198258
0.335750,1.403725
0.336250,1.057081
0.336750,1.618214
0.337250,1.518646
0.337750,1.486483
0.338250,1.443398
0.338750,1.761322
0.339250,1.744795
0.339750,1.667529
0.340250,1.531281
0.340750,1.874392
0.341250,1.708663
0.341750,1.621954
0.342250,1.851426
0.342750,2.033818
0.343250,1.771769
0.343750,1.995040
0.344250,1.678357
0.344750,1.631790
0.345250,1.449599
0.345750,1.901201
0.346250,2.319429
0.346750,2.307093
0.347250,1.862485
0.347750,1.812644
0.348250,2.016129
0.348750,1.572984
0.349250,1.470829
0.349750,1.328502
0.350250,1.232779
0.350750,1.863931
0.351250,1.612997
0.351750,1.692753
0.352250,0.934121
0.352750,1.422941
0.353250,1.694828
0.353750,1.684954
0.354250,1.251779
0.354750,1.420746
0.355250,1.631815
0.355750,1.447375
0.356250,1.628635
0.356750,0.825416
0.357250,1.016068
0.357750,1.083727
0.358250,1.182787
0.358750,0.878296
0.359250,0.935595
0.359750,0.771438
0.360250,1.216351
0.360750,1.319315
0.361250,1.009689
0.361750,0.698419
0.362250,0.651182
0.362750,0.867499
0.363250,0.902447
0.363750,0.711671
0.364250,0.839389
0.364750,0.648160
0.365250,1.608247
0.365750,1.179813
0.366250,1.502386
0.366750,0.908980
0.367250,1.020020
0.367750,1.263559
0.368250,1.134318
0.368750,0.992105
0.369250,0.989951
0.369750,1.559281
0.370250,1.799399
0.370750,1.378452
0.371250,1.622603
0.371750,1.200346
0.372250,1.513192
0.372750,1.362436
0.373250,1.672247
0.373750,1.068811
0.374250,1.289200
0.374750,2.075656
0.375250,1.835814
0.375750,1.585092
0.376250,1.512950
0.376750,1.743334
0.377250,1.524878
0.377750,1.564134
0.378250,1.767946
0.378750,1.448657
0.379250,1.322267
0.379750,1.745237
0.380250,1.821085
0.380750,1.697425
0.381250,1.795103
0.381750,1.698163
0.382250,1.889773
0.382750,1.809582
0.383250,1.882387
0.383750,1.833046
0.384250,1.912911
0.384750,2.532364
0.385250,2.326194
0.385750,2.323389
0.386250,2.498459
0.386750,2.325528
0.387250,1.814358
0.387750,2.236419
0.388250,2.181100
0.388750,2.221808
0.389250,2.605643
0.389750,2.548140
0.390250,2.892881
0.390750,2.754188
0.391250,2.899234
0.391750,2.275711
0.392250,2.211646
0.392750,2.186635
0.393250,2.916725
0.393750,2.857139
0.394250,2.825584
0.394750,2.831630
0.395250,2.975589
0.395750,2.872757
0.396250,2.947326
0.396750,2.965129
0.397250,2.706414
0.397750,2.216959
0.398250,2.649060
0.398750,2.580512
0.399250,2.715005
0.399750,2.637391
0.400250,2.681486
0.400750,2.760526
0.401250,2.591100
0.401750,2.468995
0.402250,2.116876
0.402750,2.181112
0.403250,1.825866
0.403750,2.668361
0.404250,2.429006
0.404750,1.897972
0.405250,1.758630
0.405750,2.157842
0.406250,1.901975
0.406750,2.184339
0.407250,1.991152
0.407750,1.780756
0.408250,1.586061
0.408750,1.931475
0.409250,2.353438
0.409750,1.695840
0.410250,1.113902
0.410750,1.643215
0.411250,1.791031
0.411750,1.781280
0.412250,1.624845
0.412750,1.680137
0.413250,2.022582
0.413750,1.889096
0.414250,2.068175
0.414750,2.201046
0.415250,2.477703
0.415750,1.834228
0.416250,2.153490
0.416750,1.887699
0.417250,1.847489
0.417750,1.716384
0.418250,1.394920
0.418750,1.379284
0.419250,1.592768
0.419750,1.674945
0.420250,1.640680
0.420750,1.558822
0.421250,1.237734
0.421750,1.315765
0.422250,1.682663
0.422750,0.973600
0.423250,1.345807
0.423750,1.346355
0.424250,1.475604
0.424750,1.420757
0.425250,1.229164
0.425750,1.073501
0.426250,1.092629
0.426750,0.681622
0.427250,0.842153
0.427750,0.862509
0.428250,0.624482
0.428750,1.220668
0.429250,0.835787
0.429750,0.770875
0.430250,1.033113
0.430750,1.112814
0.431250,1.143455
0.431750,1.273963
0.432250,0.812535
0.432750,0.953098
0.433250,1.297112
0.433750,1.301252
0.434250,1.628784
0.434750,1.341973
0.435250,1.329381
0.435750,1.589043
0.436250,1.624955
0.436750,1.422370
0.437250,1.251723
0.437750,1.308383
0.438250,1.653900
0.438750,1.816508
0.439250,1.644905
0.439750,1.852249
0.440250,1.747350
0.440750,1.360365
0.441250,1.939890
0.441750,1.704409
0.442250,1.764133
0.442750,1.688842
0.443250,1.320737
0.443750,2.171901
0.444250,1.426379
0.444750,1.945786
0.445250,1.912000
0.445750,1.408630
0.446250,1.788726
0.446750,1.482227
0.447250,1.783065
0.447750,1.633076
0.448250,1.303104
0.448750,1.264874
0.449250,1.507668
0.449750,1.451660
0.450250,1.822703
0.450750,1.368083
0.451250,1.309057
0.451750,1.111458
0.452250,1.248798
0.452750,1.567398
0.453250,1.210960
0.453750,0.926610
0.454250,1.823931
0.454750,1.979565
0.455250,1.736558
0.455750,1.450664
0.456250,1.708659
0.456750,1.557143
0.457250,1.832629
0.457750,2.357575
0.458250,1.606890
0.458750,1.774242
0.459250,1.592047
0.459750,2.053813
0.460250,2.141263
0.460750,2.651084
0.461250,2.527253
0.461750,2.385319
0.462250,2.011237
0.462750,2.465602
0.463250,3.007311
0.463750,2.451562
0.464250,2.326002
0.464750,2.382276
0.465250,2.783622
0.465750,3.143658
0.466250,2.970031
0.466750,2.729455
0.467250,2.570798
0.467750,2.346126
0.468250,2.771619
0.468750,2.588471
0.469250,2.654801
0.469750,2.084394
0.470250,2.347746
0.470750,2.662121
0.471250,3.051122
0.471750,2.930422
0.472250,2.257216
0.472750,2.883293
0.473250,2.366269
0.473750,2.259385
0.474250,2.671763
0.474750,2.470413
0.475250,2.522060
0.475750,2.516608
0.476250,2.966222
0.476750,2.683206
0.477250,2.910089
0.477750,2.644371
0.478250,2.398471
0.478750,2.527567
0.479250,2.429909
0.479750,2.455617
0.480250,1.978991
0.480750,2.827695
0.481250,2.014948
0.481750,2.221447
0.482250,2.426543
0.482750,2.358832
0.483250,2.313796
0.483750,2.213670
0.484250,2.990453
0.484750,1.584227
0.485250,1.762723
0.485750,2.508395
0.486250,2.275058
0.486750,2.719296
0.487250,2.681904
0.487750,2.590076
0.488250,2.507163
0.488750,2.747786
0.489250,2.443043
0.489750,2.719861
0.490250,2.473812
0.490750,2.300854
0.491250,2.437237
0.491750,2.269880
0.492250,1.978625
0.492750,2.049204
0.493250,2.059588
0.493750,2.071075
0.494250,2.475570
0.494750,2.658256
0.495250,2.104356
0.495750,1.845927
0.496250,1.507845
0.496750,1.669242
0.497250,1.753967
0.497750,1.707453
0.498250,2.012343
0.498750,1.817749
0.499250,2.382159
0.499750,1.925417
0.500250,1.765828
0.500750,2.065389
0.501250,1.576743
0.501750,0.820714
0.502250,0.859112
0.502750,0.761647
0.503250,0.762627
0.503750,1.031383
0.504250,1.088804
0.504750,0.982408
0.505250,1.060949
0.505750,1.091903
0.506250,1.641769
0.506750,1.312508
0.507250,1.549818
0.507750,0.738267
0.508250,0.850701
0.508750,0.720813
0.509250,1.237100
0.509750,1.542023
0.510250,1.012469
0.510750,1.056949
0.511250,0.767179
0.511750,1.371636
0.512250,1.434072
0.512750,1.229923
0.513250,0.591195
0.513750,0.861179
0.514250,0.937946
0.514750,1.455758
0.515250,1.508964
0.515750,1.520759
0.516250,1.399475
0.516750,1.286611
0.517250,1.658875
0.517750,1.466164
0.518250,1.317145
0.518750,1.201329
0.519250,1.327789
0.519750,1.709680
0.520250,1.858911
0.520750,2.087796
0.521250,1.969308
0.521750,1.373306
0.522250,1.630792
0.522750,1.233698
0.523250,1.171825
0.523750,1.530930
0.524250,1.193424
0.524750,1.523297
0.525250,1.444686
0.525750,1.017416
0.526250,1.690602
0.526750,1.495808
0.527250,1.088674
0.527750,0.959409
0.528250,1.256535
0.528750,0.657514
0.529250,0.844483
0.529750,1.196195
0.530250,0.914195
0.530750,1.370044
0.531250,1.038921
0.531750,1.429091
0.532250,1.594636
0.532750,0.938759
0.533250,0.854010
0.533750,0.734659
0.534250,1.057410
0.534750,1.192620
0.535250,1.220994
0.535750,1.701664
0.536250,1.457165
0.536750,1.227814
0.537250,1.737780
0.537750,1.563965
0.538250,1.660607
0.538750,0.983123
0.539250,1.301857
0.539750,1.337322
0.540250,1.499073
0.540750,1.776910
0.541250,2.092990
0.541750,2.039260
0.542250,2.128474
0.542750,2.001136
0.543250,2.123220
0.543750,2.078431
0.544250,1.595195
0.544750,2.500010
0.545250,2.321903
0.545750,2.052410
0.546250,2.279948
0.546750,1.720640
0.547250,1.678165
0.547750,1.772395
0.548250,2.458090
0.548750,2.085462
0.549250,1.744032
0.549750,1.544652
0.550250,2.043664
0.550750,1.535526
0.551250,1.833000
0.551750,1.481496
0.552250,1.586745
0.552750,1.762394
0.553250,1.314216
0.553750,1.818266
0.554250,1.433358
0.554750,1.507966
0.555250,1.777754
0.555750,0.976471
0.556250,1.145651
0.556750,0.628858
0.557250,1.152219
0.557750,1.199860
0.558250,0.893735
0.558750,0.480578
0.559250,0.506497
0.559750,1.009974
0.560250,1.028962
0.560750,0.948459
0.561250,1.112522
0.561750,0.633108
0.562250,0.664239
0.562750,0.700556
0.563250,0.767360
0.563750,1.190462
0.564250,0.457403
0.564750,0.174371
0.565250,0.511139
0.565750,0.764615
0.566250,0.972628
0.566750,1.029914
0.567250,0.973588
0.567750,1.082018
0.568250,0.875168
0.568750,0.393820
0.569250,0.544854
0.569750,0.974550
0.570250,0.436454
0.570750,0.290421
0.571250,0.521214
0.571750,0.425406
0.572250,0.625876
0.572750,0.633648
0.573250,0.846916
0.573750,0.551691
0.574250,0.631615
0.574750,0.334878
0.575250,0.690770
0.575750,-0.030393
0.576250,0.052476
0.576750,-0.122118
0.577250,0.630602
0.577750,0.004484
0.578250,-0.098058
0.578750,0.406024
0.579250,0.090339
0.579750,-0.258270
0.580250,-0.267420
0.580750,-0.109644
0.581250,-0.658020
0.581750,-0.771408
0.582250,-0.252565
0.582750,-0.684405
0.583250,-0.853239
0.583750,-0.825681
0.584250,-0.113820
0.584750,-0.209875
0.585250,-0.360939
0.585750,-0.599843
0.586250,-0.403286
0.586750,-0.484102
0.587250,-0.750125
0.587750,-0.793753
0.588250,-0.988772
0.588750,-0.800857
0.589250,-0.570435
0.589750,-0.721215
0.590250,-0.491664
0.590750,-0.306312
0.591250,-0.320981
0.591750,-0.258342
0.592250,0.167762
0.592750,-0.159565
0.593250,-0.266592
0.593750,-0.362299
0.594250,-0.272367
0.594750,-0.109080
0.595250,-0.440688
0.595750,-0.070174
0.596250,-0.130139
0.596750,0.070424
0.597250,0.438584
0.597750,0.316012
0.598250,0.326934
0.598750,0.396917
0.599250,-0.035346
0.599750,0.054945
0.600250,-0.212326
0.600750,-0.178523
0.601250,0.658506
0.601750,-0.321065
0.602250,0.854827
0.602750,0.163598
0.603250,0.121459
0.603750,-0.109242
0.604250,0.434146
0.604750,0.255702
0.605250,0.255834
0.605750,-0.278291
0.606250,-0.128516
0.606750,-0.722680
0.607250,-0.429173
0.607750,-0.142656
0.608250,-0.287396
0.608750,-0.108575
0.609250,0.059608
0.609750,-0.201225
0.610250,-0.022569
0.610750,0.329879
0.611250,-0.247875
0.611750,0.136558
0.612250,0.009235
0.612750,-0.629317
0.613250,-0.832057
0.613750,-0.089396
0.614250,-0.389986
0.614750,0.359053
0.615250,0.081237
0.615750,-0.380117
0.616250,-0.627925
0.616750,0.177247
0.617250,0.194570
0.617750,0.308684
0.618250,-0.027848
0.618750,-0.327093
0.619250,-0.594505
0.619750,-0.220792
0.620250,0.101054
0.620750,0.069668
0.621250,-0.286579
0.621750,-0.293059
0.622250,0.026493
0.622750,0.147824
0.623250,0.474986
0.623750,-0.199498
0.624250,0.025759
0.624750,0.248188
0.625250,-0.081328
0.625750,-0.174385
0.626250,0.107745
0.626750,0.384795
0.627250,1.314529
0.627750,0.866552
0.628250,0.638498
0.628750,0.473772
0.629250,0.536650
0.629750,1.231294
0.630250,0.782780
0.630750,0.786844
0.631250,0.525316
0.631750,0.617717
0.632250,0.172841
0.632750,0.600387
0.633250,1.225820
0.633750,1.104302
0.634250,0.867519
0.634750,0.831817
0.635250,0.279403
0.635750,0.874243
0.636250,1.782026
0.636750,1.604018
0.637250,0.437851
0.637750,0.664219
0.638250,0.645867
0.638750,1.043686
0.639250,1.315010
0.639750,0.944919
0.640250,0.383260
0.640750,0.706564
0.641250,1.174976
0.641750,0.393042
0.642250,0.429389
0.642750,0.756141
0.643250,0.471522
0.643750,0.526140
0.644250,0.766734
0.644750,0.304574
0.645250,0.090212
0.645750,0.820455
0.646250,0.472810
0.646750,1.003847
0.647250,0.535991
0.647750,1.033149
0.648250,0.697199
0.648750,0.887314
0.649250,0.815505
0.649750,0.491107
0.650250,0.901485
0.650750,1.065381
0.651250,0.276774
0.651750,0.810463
0.652250,0.988210
0.652750,0.954716
0.653250,0.968911
0.653750,0.380162
0.654250,0.217051
0.654750,0.374117
0.655250,0.517683
0.655750,0.637750
0.656250,0.768643
0.656750,0.096321
0.657250,0.558271
0.657750,0.244276
0.658250,1.279985
0.658750,0.828960
0.659250,0.112962
0.659750,0.793165
0.660250,0.499138
0.660750,0.246885
0.661250,0.280913
0.661750,-0.348362
0.662250,0.280432
0.662750,-0.032034
0.663250,0.240901
0.663750,0.192636
0.664250,0.459489
0.664750,0.223829
0.665250,0.578113
0.665750,0.371289
0.666250,0.081912
0.666750,0.049984
0.667250,-0.138136
0.667750,0.287079
0.668250,-0.703252
0.668750,-0.630661
0.669250,-0.364986
0.669750,0.063972
0.670250,-0.719488
0.670750,-0.231916
0.671250,-0.271414
0.671750,-1.053526
0.672250,-0.809464
0.672750,-1.019382
0.673250,-1.157647
0.673750,-0.671728
0.674250,-0.995082
0.674750,-1.166907
0.675250,-1.349247
0.675750,-1.020423
0.676250,-0.680215
0.676750,-0.663628
0.677250,-0.446651
0.677750,-1.271778
0.678250,-1.319532
0.678750,-1.439765
0.679250,-1.348046
0.679750,-1.023264
0.680250,-1.630515
0.680750,-0.932722
0.681250,-2.066164
0.681750,-1.915082
0.682250,-1.932695
0.682750,-1.719021
0.683250,-0.850983
0.683750,-1.018415
0.684250,-0.836517
0.684750,-0.835478
0.685250,-1.533959
0.685750,-1.388544
0.686250,-1.262169
0.686750,-0.917746
0.687250,-1.082477
0.687750,-1.180411
0.688250,-1.037310
0.688750,-1.311229
0.689250,-0.819807
0.689750,-0.840250
0.690250,-0.323180
0.690750,0.135935
0.691250,-0.805696
0.691750,-0.707359
0.692250,-1.258766
0.692750,-0.833439
0.693250,-0.239193
0.693750,-0.758561
0.694250,-0.841072
0.694750,-0.747675
0.695250,-0.968268
0.695750,-0.770039
0.696250,-0.507466
0.696750,-0.836241
0.697250,-0.282808
0.697750,-0.993641
0.698250,-0.991815
0.698750,-0.793532
0.699250,-1.300763
0.699750,-0.927710
0.700250,-0.872176
0.700750,-0.757260
0.701250,-0.828884
0.701750,-0.894602
0.702250,-0.786277
0.702750,-0.914927
0.703250,-0.842738
0.703750,-1.092177
0.704250,-0.927345
0.704750,-0.670196
0.705250,-0.902547
0.705750,-1.425195
0.706250,-1.206936
0.706750,-1.328934
0.707250,-0.811750
0.707750,-1.238356
0.708250,-1.107028
0.708750,-1.372785
0.709250,-1.080686
0.709750,-0.709993
0.710250,-0.980809
0.710750,-0.572809
0.711250,0.002555
0.711750,-0.737612
0.712250,-0.606904
0.712750,-0.804101
0.713250,-0.818635
0.713750,-0.709631
0.714250,-0.267793
0.714750,-0.104001
0.715250,-0.555630
0.715750,-0.445292
0.716250,-0.167645
0.716750,0.003772
0.717250,-0.197085
0.717750,0.483582
0.718250,0.455214
0.718750,0.052045
0.719250,-0.149201
0.719750,-0.600028
0.720250,-0.237765
0.720750,-1.004133
0.721250,-0.134522
0.721750,-0.659635
0.722250,-0.355054
0.722750,-0.116694
0.723250,-0.198319
0.723750,-0.482946
0.724250,-0.411859
0.724750,-0.266478
0.725250,-0.766668
0.725750,-0.467526
0.726250,-0.435648
0.726750,-0.356844
0.727250,-0.664848
0.727750,-1.087767
0.728250,-0.415692
0.728750,-0.322606
0.729250,-0.581926
0.729750,-0.570884
0.730250,-0.396958
0.730750,-0.556637
0.731250,-0.553462
0.731750,-0.084812
0.732250,-0.175465
0.732750,-0.332303
0.733250,-0.426490
0.733750,-1.685203
0.734250,-1.537298
0.734750,-1.754169
0.735250,-1.426366
0.735750,-1.633963
0.736250,-0.706476
0.736750,-1.455137
0.737250,-1.589066
0.737750,-1.117229
0.738250,-1.194848
0.738750,-1.230422
0.739250,-1.481505
0.739750,-0.871402
0.740250,-1.203379
0.740750,-1.449031
0.741250,-2.204538
0.741750,-1.734341
0.742250,-1.409283
0.742750,-1.068118
0.743250,-1.202476
0.743750,-1.498729
0.744250,-1.378531
0.744750,-1.904586
0.745250,-1.029361
0.745750,-1.272519
0.746250,-0.847728
0.746750,-1.388465
0.747250,-1.107501
0.747750,-1.627911
0.748250,-1.536001
0.748750,-1.627055
0.749250,-1.421304
0.749750,-1.767190
0.750250,-1.144907
0.750750,-1.479921
0.751250,-1.870276
0.751750,-1.769798
0.752250,-1.462040
0.752750,-1.645732
0.753250,-2.237504
0.753750,-2.110097
0.754250,-1.478291
0.754750,-2.106799
0.755250,-2.105793
0.755750,-2.486920
0.756250,-1.862935
0.756750,-1.688223
0.757250,-2.146762
0.757750,-2.336347
0.758250,-2.312432
0.758750,-1.825820
0.759250,-2.705608
0.759750,-2.282238
0.760250,-2.392941
0.760750,-2.789131
0.761250,-2.231757
0.761750,-2.358180
0.762250,-3.040780
0.762750,-3.102795
0.763250,-2.630120
0.763750,-2.313169
0.764250,-2.660834
0.764750,-2.471553
0.765250,-3.111966
0.765750,-3.177345
0.766250,-2.875152
0.766750,-2.814801
0.767250,-3.128896
0.767750,-2.608564
0.768250,-2.764270
0.768750,-2.834621
0.769250,-2.983870
0.769750,-3.246905
0.770250,-2.516550
0.770750,-1.866773
0.771250,-2.015924
0.771750,-2.582597
0.772250,-2.366497
0.772750,-2.401703
0.773250,-3.277229
0.773750,-2.939523
0.774250,-2.713242
0.774750,-3.068202
0.775250,-2.776430
0.775750,-2.907226
0.776250,-2.731860
0.776750,-2.920828
0.777250,-2.538190
0.777750,-2.657713
0.778250,-2.234436
0.778750,-2.099076
0.779250,-2.803207
0.779750,-2.629582
0.780250,-2.309715
0.780750,-2.424372
0.781250,-2.745863
0.781750,-2.063683
0.782250,-2.813555
0.782750,-2.291421
0.783250,-2.048002
0.783750,-2.812055
0.784250,-1.600123
0.784750,-2.141014
0.785250,-2.524830
0.785750,-2.132459
0.786250,-2.906660
0.786750,-2.923792
0.787250,-2.185736
0.787750,-2.170811
0.788250,-2.522178
0.788750,-2.283751
0.789250,-2.287498
0.789750,-2.725034
0.790250,-2.460760
0.790750,-2.350260
0.791250,-2.194977
0.791750,-1.924188
0.792250,-2.518521
0.792750,-2.350120
0.793250,-2.284280
0.793750,-2.291537
0.794250,-1.946615
0.794750,-2.343720
0.795250,-2.392344
0.795750,-2.735842
0.796250,-2.617767
0.796750,-2.060046
0.797250,-2.228596
0.797750,-1.728431
0.798250,-2.553730
0.798750,-2.223412
0.799250,-2.936066
0.799750,-2.503644
0.800250,-2.277639
0.800750,-2.518960
0.801250,-2.107705
0.801750,-2.297061
0.802250,-2.830991
0.802750,-2.449513
0.803250,-2.160493
0.803750,-2.077123
0.804250,-2.085662
0.804750,-1.629471
0.805250,-1.857471
0.805750,-2.715135
0.806250,-2.209701
0.806750,-2.305168
0.807250,-1.808184
0.807750,-1.604055
0.808250,-2.180724
0.808750,-1.501312
0.809250,-2.130480
0.809750,-2.176025
0.810250,-1.813573
0.810750,-1.312392
0.811250,-1.488904
0.811750,-1.631795
0.812250,-1.520676
0.812750,-1.284882
0.813250,-1.164536
0.813750,-1.230222
0.814250,-1.522408
0.814750,-1.244403
0.815250,-0.570236
0.815750,-0.920329
0.816250,-1.244988
0.816750,-1.630176
0.817250,-1.480968
0.817750,-0.620594
0.818250,-0.981102
0.818750,-1.021766
0.819250,-0.361965
0.819750,-1.437267
0.820250,-0.614096
0.820750,-0.996600
0.821250,-0.909729
0.821750,-1.223295
0.822250,-1.082105
0.822750,-0.727809
0.823250,-0.735407
0.823750,-1.044323
0.824250,-1.644884
0.824750,-1.307292
0.825250,-1.125916
0.825750,-0.553136
0.826250,-0.552359
0.826750,-0.528238
0.827250,-0.814774
0.827750,-0.886303
0.828250,-0.486498
0.828750,-1.032069
0.829250,-1.067073
0.829750,-0.642579
0.830250,-0.706604
0.830750,-1.301131
0.831250,-0.844047
0.831750,-1.049640
0.832250,-1.121004
0.832750,-1.309662
0.833250,-0.400489
0.833750,-0.934230
0.834250,-1.026648
0.834750,-0.951681
0.835250,-0.836185
0.835750,-1.705142
0.836250,-1.144203
0.836750,-1.094596
0.837250,-1.212007
0.837750,-1.340455
0.838250,-1.195900
0.838750,-0.824441
0.839250,-1.290486
0.839750,-1.475119
0.840250,-0.678482
0.840750,-0.905021
0.841250,-0.238055
0.841750,-1.150889
0.842250,-0.613184
0.842750,-1.183245
0.843250,-1.390729
0.843750,-1.335467
0.844250,-0.969618
0.844750,-1.779625
0.845250,-0.865621
0.845750,-0.576074
0.846250,-1.599825
0.846750,-1.400368
0.847250,-1.053801
0.847750,-0.710675
0.848250,-0.403084
0.848750,-0.892642
0.849250,-1.072371
0.849750,-1.367583
0.850250,-0.796242
0.850750,-1.205585
0.851250,-0.553116
0.851750,-1.015984
0.852250,-0.975007
0.852750,-0.896130
0.853250,-0.605005
0.853750,-0.734946
0.854250,-1.067404
0.854750,-0.731612
0.855250,-1.207022
0.855750,-0.784415
0.856250,-1.208262
0.856750,-0.926249
0.857250,-0.751587
0.857750,-0.821728
0.858250,-0.919585
0.858750,-1.569656
0.859250,-1.482112
0.859750,-1.702129
0.860250,-1.293025
0.860750,-0.972155
0.861250,-1.675905
0.861750,-1.094086
0.862250,-1.158316
0.862750,-1.738217
0.863250,-1.157876
0.863750,-1.400082
0.864250,-1.417260
0.864750,-1.254972
0.865250,-1.372482
0.865750,-1.462739
0.866250,-1.629763
0.866750,-2.064884
0.867250,-2.296704
0.867750,-1.642278
0.868250,-2.528061
0.868750,-1.983068
0.869250,-1.411994
0.869750,-2.103148
0.870250,-2.182199
0.870750,-1.365920
0.871250,-1.794224
0.871750,-1.052719
0.872250,-2.168971
0.872750,-2.018995
0.873250,-2.257411
0.873750,-2.364937
0.874250,-2.683905
0.874750,-3.053567
0.875250,-3.058972
0.875750,-2.155183
0.876250,-1.851111
0.876750,-1.533411
0.877250,-1.972114
0.877750,-2.018652
0.878250,-1.798956
0.878750,-1.963738
0.879250,-2.156135
0.879750,-1.275424
0.880250,-1.933705
0.880750,-2.035815
0.881250,-1.478707
0.881750,-2.178547
0.882250,-1.651119
0.882750,-1.844700
0.883250,-1.592222
0.883750,-1.347164
0.884250,-0.909143
0.884750,-1.269819
0.885250,-1.762884
0.885750,-1.440202
0.886250,-1.446451
0.886750,-1.228167
0.887250,-0.831690
0.887750,-2.055594
0.888250,-1.970913
0.888750,-1.734571
0.889250,-1.921333
0.889750,-1.340798
0.890250,-1.769799
0.890750,-1.910781
0.891250,-0.966455
0.891750,-0.922781
0.892250,-1.497415
0.892750,-1.006309
0.893250,-2.174010
0.893750,-1.383226
0.894250,-1.140591
0.894750,-1.286916
0.895250,-1.598507
0.895750,-1.660470
0.896250,-0.983173
0.896750,-1.337696
0.897250,-1.532546
0.897750,-1.155272
0.898250,-1.573326
0.898750,-1.134301
0.899250,-1.147010
0.899750,-1.206296
0.900250,-1.574389
0.900750,-1.477530
0.901250,-1.760021
0.901750,-2.027174
0.902250,-1.086554
0.902750,-1.565070
0.903250,-1.896003
0.903750,-1.516265
0.904250,-1.955961
0.904750,-1.788113
0.905250,-1.720017
0.905750,-1.669895
0.906250,-1.418900
0.906750,-0.774047
0.907250,-0.157503
0.907750,-0.705493
0.908250,-1.440390
0.908750,-1.088423
0.909250,-1.236183
0.909750,-1.236969
0.910250,-0.758148
0.910750,-0.960511
0.911250,-1.720362
0.911750,-1.159803
0.912250,-0.729755
0.912750,-1.034247
0.913250,-1.040153
0.913750,-0.744718
0.914250,-0.471059
0.914750,-0.632615
0.915250,-0.331806
0.915750,-0.038064
0.916250,-0.826441
0.916750,0.495965
0.917250,-0.194770
0.917750,0.179340
0.918250,-0.256038
0.918750,-0.292522
0.919250,-0.760499
0.919750,0.148953
0.920250,-0.242821
0.920750,-0.700333
0.921250,-0.225604
0.921750,0.141965
0.922250,0.185518
0.922750,0.138459
0.923250,-0.136927
0.923750,-0.234489
0.924250,-0.689947
0.924750,-0.355434
0.925250,-0.550983
0.925750,-0.024854
0.926250,-0.116494
0.926750,0.157279
0.927250,-0.360568
0.927750,-0.325076
0.928250,-0.408045
0.928750,-0.258617
0.929250,-0.055644
0.929750,0.073963
0.930250,0.167399
0.930750,-0.017073
0.931250,0.094399
0.931750,0.187779
0.932250,-0.495222
0.932750,-0.260149
0.933250,-0.482857
0.933750,-0.703668
0.934250,0.022539
0.934750,-1.152221
0.935250,-0.889560
0.935750,-0.759046
0.936250,-0.650955
0.936750,-0.992007
0.937250,-0.436676
0.937750,-0.582461
0.938250,-1.212325
0.938750,-0.395546
0.939250,-0.680690
0.939750,-1.373398
0.940250,-1.448230
0.940750,-1.210195
0.941250,-1.535385
0.941750,-0.969549
0.942250,-1.041063
0.942750,-0.698058
0.943250,-0.384954
0.943750,-0.097375
0.944250,-1.129651
0.944750,-0.590190
0.945250,-0.520709
0.945750,-0.909456
0.946250,-0.836547
0.946750,-0.609506
0.947250,-0.665254
0.947750,-1.382537
0.948250,-1.591246
0.948750,-0.875717
0.949250,-1.115892
0.949750,-1.618258
0.950250,-0.620087
0.950750,-0.918468
0.951250,-0.729768
0.951750,-0.367170
0.952250,-1.002643
0.952750,-1.462943
0.953250,-1.074586
0.953750,-1.326857
0.954250,-1.457477
0.954750,-1.132070
0.955250,-0.834823
0.955750,-1.386088
0.956250,-1.831206
0.956750,-1.448337
0.957250,-1.327707
0.957750,-1.705352
0.958250,-1.275488
0.958750,-1.120918
0.959250,-0.842648
0.959750,-1.124572
0.960250,-1.458549
0.960750,-1.736197
0.961250,-1.976018
0.961750,-1.332155
0.962250,-1.470837
0.962750,-0.838799
0.963250,-1.917062
0.963750,-1.457229
0.964250,-2.670382
0.964750,-1.825849
0.965250,-1.758015
0.965750,-1.795871
0.966250,-1.615529
0.966750,-1.114993
0.967250,-1.867611
0.967750,-1.675857
0.968250,-2.030702
0.968750,-2.000063
0.969250,-2.219668
0.969750,-2.450009
0.970250,-2.290033
0.970750,-2.218185
0.971250,-2.654330
0.971750,-2.328320
0.972250,-2.351076
0.972750,-2.337450
0.973250,-2.279402
0.973750,-1.965481
0.974250,-2.115246
0.974750,-1.977614
0.975250,-1.508186
0.975750,-2.096384
0.976250,-1.704013
0.976750,-2.034479
0.977250,-2.061584
0.977750,-1.918000
0.978250,-2.344269
0.978750,-1.641404
0.979250,-2.372723
0.979750,-1.880670
0.980250,-2.255307
0.980750,-1.744903
0.981250,-2.180132
0.981750,-1.310586
0.982250,-1.174067
0.982750,-1.538160
0.983250,-1.273077
0.983750,-1.165984
0.984250,-1.842003
0.984750,-1.356145
0.985250,-1.626647
0.985750,-1.993437
0.986250,-1.454381
0.986750,-1.874655
0.987250,-1.339167
0.987750,-1.271291
0.988250,-1.006213
0.988750,-1.415151
0.989250,-1.313318
0.989750,-0.975914
0.990250,-0.508162
0.990750,-0.349634
0.991250,-1.316802
0.991750,-0.698674
0.992250,-0.461613
0.992750,-1.488831
0.993250,-1.131684
0.993750,-1.344540
0.994250,-1.349279
0.994750,-1.356632
0.995250,-1.958681
0.995750,-1.239042
0.996250,-1.634220
0.996750,-1.352014
0.997250,-0.734995
0.997750,-1.281310
0.998250,-1.036099
0.998750,-0.428373
0.999250,-0.853013
0.999750,-0.921524
