0.000250,0.082339
0.000750,0.187350
0.001250,0.156324
0.001750,-0.137163
0.002250,-0.203168
0.002750,-0.029946
0.003250,0.028629
0.003750,0.186583
0.004250,0.210702
0.004750,0.334577
0.005250,0.559771
0.005750,0.404786
0.006250,0.117703
0.006750,0.068771
0.007250,0.178992
0.007750,0.037494
0.008250,0.118105
0.008750,0.290995
0.009250,-0.259724
0.009750,0.178872
0.010250,0.020000
0.010750,-0.184725
0.011250,0.099545
0.011750,0.474968
0.012250,0.203971
0.012750,0.443953
0.013250,0.567770
0.013750,0.256168
0.014250,0.523769
0.014750,0.982779
0.015250,0.796925
0.015750,0.893733
0.016250,0.780576
0.016750,0.914899
0.017250,1.098989
0.017750,0.887392
0.018250,0.613534
0.018750,1.289343
0.019250,1.186626
0.019750,1.287810
0.020250,1.291996
0.020750,1.280366
0.021250,0.875108
0.021750,1.128554
0.022250,0.529806
0.022750,0.884243
0.023250,0.831199
0.023750,0.625974
0.024250,0.507222
0.024750,0.528998
0.025250,0.737269
0.025750,0.976593
0.026250,0.562167
0.026750,1.516606
0.027250,1.233876
0.027750,0.655529
0.028250,1.361047
0.028750,1.155994
0.029250,1.471196
0.029750,1.065352
0.030250,1.073741
0.030750,1.510421
0.031250,1.222552
0.031750,1.349808
0.032250,1.122353
0.032750,1.928078
0.033250,0.378720
0.033750,1.430845
0.034250,1.216715
0.034750,1.432608
0.035250,1.345051
0.035750,1.300274
0.036250,1.216065
0.036750,1.153188
0.037250,1.351347
0.037750,1.294645
0.038250,0.687607
0.038750,1.472824
0.039250,1.319992
0.039750,1.132785
0.040250,0.816600
0.040750,0.727559
0.041250,0.511657
0.041750,0.463516
0.042250,1.199942
0.042750,0.871971
0.043250,0.201434
0.043750,0.637332
0.044250,0.821394
0.044750,0.844164
0.045250,-0.275030
0.045750,1.001073
0.046250,0.240028
0.046750,-0.044936
0.047250,0.744339
0.047750,0.924451
0.048250,0.729853
0.048750,1.293786
0.049250,1.115081
0.049750,0.607721
0.050250,0.777514
0.050750,1.127988
0.051250,-0.421482
0.051750,0.397249
0.052250,0.342190
0.052750,0.721549
0.053250,0.440131
0.053750,0.823051
0.054250,0.491089
0.054750,1.367788
0.055250,1.179776
0.055750,1.762225
0.056250,1.013423
0.056750,1.940189
0.057250,1.992649
0.057750,1.417083
0.058250,0.970281
0.058750,0.813483
0.059250,1.533541
0.059750,1.404095
0.060250,1.140867
0.060750,1.827021
0.061250,1.481572
0.061750,1.293125
0.062250,1.390864
0.062750,2.028436
0.063250,1.080223
0.063750,1.113697
0.064250,1.741322
0.064750,2.692867
0.065250,1.588367
0.065750,1.294899
0.066250,1.930004
0.066750,1.649346
0.067250,2.046991
0.067750,1.689160
0.068250,0.666767
0.068750,1.579364
0.069250,0.897572
0.069750,0.589883
0.070250,0.609206
0.070750,1.120820
0.071250,0.777634
0.071750,0.787431
0.072250,0.749790
0.072750,1.145319
0.073250,-0.571671
0.073750,0.186535
0.074250,1.512617
0.074750,1.142031
0.075250,0.541057
0.075750,1.025346
0.076250,1.217530
0.076750,0.805561
0.077250,0.455423
0.077750,1.791834
0.078250,0.777103
0.078750,0.648646
0.079250,1.225950
0.079750,0.591983
0.080250,0.410532
0.080750,1.483686
0.081250,0.477832
0.081750,1.896551
0.082250,0.959110
0.082750,1.168645
0.083250,0.816611
0.083750,2.023392
0.084250,1.608883
0.084750,0.849718
0.085250,1.232106
0.085750,1.154290
0.086250,1.174389
0.086750,1.916368
0.087250,0.801245
0.087750,1.767909
0.088250,1.079748
0.088750,0.420701
0.089250,0.511144
0.089750,1.313512
0.090250,0.802477
0.090750,0.792055
0.091250,0.813073
0.091750,0.811146
0.092250,1.735883
0.092750,1.056435
0.093250,0.522389
0.093750,1.108873
0.094250,1.102488
0.094750,0.709739
0.095250,0.704549
0.095750,1.161348
0.096250,1.538739
0.096750,-0.245392
0.097250,0.965850
0.097750,0.821907
0.098250,0.779358
0.098750,1.260243
0.099250,0.697063
0.099750,0.321894
0.100250,0.640466
0.100750,-0.602809
0.101250,0.767736
0.101750,-0.805606
0.102250,0.439509
0.102750,-1.002800
0.103250,-0.303781
0.103750,-1.437735
0.104250,-0.937955
0.104750,0.880141
0.105250,0.634147
0.105750,-0.986984
0.106250,1.031195
0.106750,-0.740236
0.107250,-0.451022
0.107750,0.451585
0.108250,0.298947
0.108750,0.108540
0.109250,1.283875
0.109750,0.822316
0.110250,0.257564
0.110750,0.401178
0.111250,0.440092
0.111750,0.182102
0.112250,0.486083
0.112750,0.814364
0.113250,-0.244524
0.113750,0.507423
0.114250,0.069209
0.114750,0.916455
0.115250,-0.323465
0.115750,0.026561
0.116250,0.483347
0.116750,0.212850
0.117250,-0.508354
0.117750,0.572778
0.118250,-0.137815
0.118750,0.134560
0.119250,1.030428
0.119750,0.269352
0.120250,2.147341
0.120750,1.003544
0.121250,0.290673
0.121750,0.999963
0.122250,1.139928
0.122750,1.348231
0.123250,1.506770
0.123750,1.721542
0.124250,0.993810
0.124750,1.965685
0.125250,1.145100
0.125750,0.739143
0.126250,0.679115
0.126750,1.256920
0.127250,0.628109
0.127750,0.445541
0.128250,1.263874
0.128750,0.406088
0.129250,0.822718
0.129750,1.668033
0.130250,0.158865
0.130750,-0.010652
0.131250,-0.311197
0.131750,2.061037
0.132250,0.465230
0.132750,1.223518
0.133250,1.148997
0.133750,0.558076
0.134250,1.261172
0.134750,1.204370
0.135250,1.615833
0.135750,0.485563
0.136250,-0.828874
0.136750,0.371194
0.137250,-0.246247
0.137750,-0.391692
0.138250,0.193538
0.138750,-2.010394
0.139250,-0.527356
0.139750,0.391570
0.140250,-1.146040
0.140750,-0.997142
0.141250,-2.005340
0.141750,-0.384851
0.142250,-1.538258
0.142750,-0.861550
0.143250,-0.449783
0.143750,-0.670007
0.144250,0.393528
0.144750,-0.857829
0.145250,-0.428494
0.145750,-0.508141
0.146250,-0.579049
0.146750,0.109763
0.147250,0.486282
0.147750,0.293619
0.148250,-0.585395
0.148750,0.312342
0.149250,0.680462
0.149750,-1.707116
0.150250,-1.684721
0.150750,-0.733513
0.151250,-0.299266
0.151750,0.217933
0.152250,0.434865
0.152750,-1.168231
0.153250,0.631423
0.153750,-0.381214
0.154250,-0.162641
0.154750,-1.311430
0.155250,-1.596600
0.155750,-0.511141
0.156250,-1.198827
0.156750,0.303208
0.157250,0.875537
0.157750,-0.411280
0.158250,0.271557
0.158750,0.130293
0.159250,0.171302
0.159750,0.646534
0.160250,0.044729
0.160750,0.102589
0.161250,0.292040
0.161750,-0.271618
0.162250,-0.665866
0.162750,0.333493
0.163250,1.361375
0.163750,0.047481
0.164250,0.918493
0.164750,0.037741
0.165250,0.153628
0.165750,0.122497
0.166250,-0.445745
0.166750,1.141760
0.167250,0.016502
0.167750,0.050383
0.168250,1.507752
0.168750,-1.005528
0.169250,1.023421
0.169750,0.101837
0.170250,-0.691468
0.170750,-1.319061
0.171250,-0.774596
0.171750,-0.881573
0.172250,0.738768
0.172750,0.443014
0.173250,0.006968
0.173750,-0.339087
0.174250,-0.912917
0.174750,-1.314213
0.175250,-0.319541
0.175750,-0.256382
0.176250,-0.545402
0.176750,-0.553878
0.177250,-0.925186
0.177750,-1.014469
0.178250,-0.410622
0.178750,-1.450317
0.179250,-0.638431
0.179750,0.398173
0.180250,-1.224065
0.180750,-0.546048
0.181250,-0.010189
0.181750,-0.467644
0.182250,-1.458316
0.182750,0.206656
0.183250,-1.309991
0.183750,0.391097
0.184250,-0.637884
0.184750,-0.227076
0.185250,-0.640034
0.185750,-1.740758
0.186250,-1.442136
0.186750,0.139335
0.187250,-2.441426
0.187750,-0.514903
0.188250,-2.044706
0.188750,-1.731387
0.189250,-1.593991
0.189750,-0.526015
0.190250,-0.431458
0.190750,-2.126464
0.191250,1.131369
0.191750,0.005158
0.192250,-1.691867
0.192750,-1.215326
0.193250,0.463571
0.193750,0.560997
0.194250,-0.839901
0.194750,-0.943454
0.195250,-1.715974
0.195750,-0.390492
0.196250,0.454746
0.196750,-1.070696
0.197250,-0.243119
0.197750,0.378481
0.198250,-1.452943
0.198750,-0.919690
0.199250,-0.226271
0.199750,-1.212400
0.200250,0.659625
0.200750,-1.963418
0.201250,-0.439216
0.201750,-0.533561
0.202250,-0.954058
0.202750,-0.750093
0.203250,-2.144433
0.203750,0.387384
0.204250,-0.301530
0.204750,0.367490
0.205250,-0.611081
0.205750,-0.669313
0.206250,0.544629
0.206750,-1.438971
0.207250,0.752593
0.207750,-1.010675
0.208250,0.870536
0.208750,-0.543518
0.209250,-0.775753
0.209750,-0.566291
0.210250,-0.557707
0.210750,-0.273024
0.211250,1.780194
0.211750,1.158671
0.212250,-0.153846
0.212750,0.727020
0.213250,-0.504948
0.213750,-0.512075
0.214250,-1.372526
0.214750,1.834712
0.215250,1.841582
0.215750,1.780701
0.216250,0.222836
0.216750,-0.016727
0.217250,-1.525020
0.217750,0.413210
0.218250,-0.181106
0.218750,1.959253
0.219250,0.777645
0.219750,1.497020
0.220250,0.816551
0.220750,-0.953435
0.221250,-0.452719
0.221750,0.871089
0.222250,-1.004233
0.222750,0.048766
0.223250,2.903921
0.223750,1.573329
0.224250,0.934744
0.224750,1.159033
0.225250,1.608332
0.225750,1.199913
0.226250,0.795525
0.226750,0.875420
0.227250,2.089202
0.227750,0.861127
0.228250,-0.427169
0.228750,-0.345422
0.229250,-0.740850
0.229750,1.163904
0.230250,1.193575
0.230750,1.292993
0.231250,-0.353007
0.231750,2.031088
0.232250,-0.769879
0.232750,0.036931
0.233250,2.532678
0.233750,1.201027
0.234250,-0.531074
0.234750,0.835153
0.235250,0.478144
0.235750,-0.148064
0.236250,-1.039808
0.236750,0.885010
0.237250,0.597594
0.237750,0.233171
0.238250,-0.512286
0.238750,-0.378071
0.239250,-0.832713
0.239750,-0.426258
0.240250,0.460366
0.240750,-0.479150
0.241250,0.986430
0.241750,-1.192551
0.242250,1.096038
0.242750,-0.754477
0.243250,-0.419932
0.243750,-1.154260
0.244250,0.353131
0.244750,-0.783964
0.245250,0.655919
0.245750,0.520386
0.246250,-0.506074
0.246750,-0.085332
0.247250,1.549490
0.247750,-1.240536
0.248250,0.753854
0.248750,0.374144
0.249250,0.503548
0.249750,0.907398
0.250250,1.586069
0.250750,-1.366918
0.251250,0.079348
0.251750,1.454273
0.252250,-0.033419
0.252750,1.294728
0.253250,-0.969998
0.253750,0.712751
0.254250,-0.609186
0.254750,0.624492
0.255250,1.211780
0.255750,-0.926538
0.256250,0.816540
0.256750,1.159478
0.257250,1.627557
0.257750,-0.969481
0.258250,1.250179
0.258750,1.898216
0.259250,0.162712
0.259750,1.553811
0.260250,1.425876
0.260750,1.576515
0.261250,0.692684
0.261750,-0.601273
0.262250,1.494722
0.262750,1.075405
0.263250,0.065415
0.263750,-0.298841
0.264250,1.462294
0.264750,1.085597
0.265250,1.363381
0.265750,1.116029
0.266250,1.483951
0.266750,1.324725
0.267250,-0.260513
0.267750,1.268640
0.268250,1.383870
0.268750,-0.302357
0.269250,-0.489777
0.269750,0.364268
0.270250,0.220911
0.270750,0.403711
0.271250,-0.800392
0.271750,2.330425
0.272250,0.517006
0.272750,1.119142
0.273250,1.497180
0.273750,1.070473
0.274250,1.200395
0.274750,1.894944
0.275250,-0.403892
0.275750,0.953883
0.276250,-0.634628
0.276750,0.540067
0.277250,-1.097688
0.277750,-0.863496
0.278250,0.989551
0.278750,0.009175
0.279250,-0.685267
0.279750,-1.045696
0.280250,-1.594004
0.280750,1.521792
0.281250,-0.704983
0.281750,1.221203
0.282250,1.392093
0.282750,0.953052
0.283250,0.469784
0.283750,-0.867497
0.284250,-0.101982
0.284750,0.340298
0.285250,1.772751
0.285750,0.132395
0.286250,2.008096
0.286750,-0.483075
0.287250,-0.523349
0.287750,-0.124105
0.288250,-1.478779
0.288750,0.732720
0.289250,-0.483358
0.289750,-0.232147
0.290250,1.256396
0.290750,-3.115626
0.291250,0.161339
0.291750,-0.931286
0.292250,0.399364
0.292750,-0.991592
0.293250,0.736301
0.293750,1.553026
0.294250,0.679152
0.294750,-1.173405
0.295250,-0.399807
0.295750,-1.540238
0.296250,-1.735556
0.296750,-1.340906
0.297250,-0.656491
0.297750,-0.549250
0.298250,0.857814
0.298750,-0.623425
0.299250,0.734442
0.299750,-0.360016
0.300250,-0.136523
0.300750,2.040076
0.301250,-0.568324
0.301750,1.764877
0.302250,1.316210
0.302750,-0.378239
0.303250,-0.433667
0.303750,0.799216
0.304250,0.670303
0.304750,-0.514310
0.305250,-0.418006
0.305750,0.542907
0.306250,0.527596
0.306750,-0.733590
0.307250,-0.545074
0.307750,0.545322
0.308250,1.015732
0.308750,1.110702
0.309250,2.202753
0.309750,0.972784
0.310250,-1.664281
0.310750,1.898955
0.311250,-0.564136
0.311750,0.098056
0.312250,0.759853
0.312750,-0.793956
0.313250,1.155607
0.313750,0.523345
0.314250,-0.573700
0.314750,0.819904
0.315250,-0.288241
0.315750,1.552728
0.316250,1.022533
0.316750,1.489716
0.317250,-0.273136
0.317750,-0.386030
0.318250,-1.409513
0.318750,0.788860
0.319250,1.535310
0.319750,0.261027
0.320250,-0.760233
0.320750,0.441741
0.321250,0.549591
0.321750,1.816271
0.322250,1.279252
0.322750,2.114850
0.323250,2.080159
0.323750,2.172653
0.324250,1.361518
0.324750,1.242517
0.325250,1.109422
0.325750,1.912608
0.326250,2.906211
0.326750,0.258362
0.327250,1.696219
0.327750,-0.051989
0.328250,0.423934
0.328750,2.381759
0.329250,2.639551
0.329750,1.851824
0.330250,1.301177
0.330750,2.005393
0.331250,0.361330
0.331750,0.648956
0.332250,1.371760
0.332750,-0.818307
0.333250,-0.679366
0.333750,0.092000
0.334250,-0.385987
0.334750,-0.253614
0.335250,1.006556
0.335750,1.833367
0.336250,1.234762
0.336750,-1.002383
0.337250,2.300987
0.337750,1.538175
0.338250,1.824984
0.338750,2.019324
0.339250,0.538274
0.339750,1.165801
0.340250,2.414538
0.340750,1.683305
0.341250,0.858604
0.341750,0.461073
0.342250,2.119681
0.342750,1.818381
0.343250,1.359931
0.343750,2.804284
0.344250,1.805594
0.344750,1.003489
0.345250,-0.446388
0.345750,1.772963
0.346250,2.145964
0.346750,3.275357
0.347250,3.097605
0.347750,1.441558
0.348250,3.536689
0.348750,2.052935
0.349250,2.021220
0.349750,0.605288
0.350250,1.951216
0.350750,1.069650
0.351250,0.504716
0.351750,0.884528
0.352250,0.186851
0.352750,2.776116
0.353250,0.536284
0.353750,2.234726
0.354250,2.986825
0.354750,1.494873
0.355250,0.489671
0.355750,-0.202315
0.356250,1.681869
0.356750,2.166859
0.357250,0.303107
0.357750,1.475866
0.358250,0.079621
0.358750,1.852684
0.359250,1.274331
0.359750,0.740934
0.360250,-0.217186
0.360750,-0.559975
0.361250,0.032716
0.361750,2.302243
0.362250,0.895519
0.362750,0.381003
0.363250,1.073064
0.363750,2.062556
0.364250,1.149316
0.364750,0.701500
0.365250,1.989650
0.365750,1.780892
0.366250,2.178058
0.366750,-0.256182
0.367250,-1.354095
0.367750,2.300070
0.368250,2.273679
0.368750,1.396955
0.369250,1.424199
0.369750,1.683907
0.370250,0.896035
0.370750,0.803795
0.371250,1.474921
0.371750,-0.756989
0.372250,0.032731
0.372750,1.223575
0.373250,2.682997
0.373750,-0.544793
0.374250,0.151571
0.374750,-0.038174
0.375250,2.901638
0.375750,0.706637
0.376250,-0.168586
0.376750,1.984301
0.377250,2.139419
0.377750,-0.841456
0.378250,1.919435
0.378750,-0.218950
0.379250,0.690271
0.379750,1.137221
0.380250,2.065134
0.380750,0.704687
0.381250,2.231313
0.381750,0.751434
0.382250,-0.121907
0.382750,0.499591
0.383250,0.320476
0.383750,2.169776
0.384250,1.566686
0.384750,3.114805
0.385250,1.124589
0.385750,1.666079
0.386250,2.266988
0.386750,1.257234
0.387250,0.743571
0.387750,4.314847
0.388250,2.253623
0.388750,2.188330
0.389250,2.470028
0.389750,2.534641
0.390250,1.993182
0.390750,3.054414
0.391250,4.596768
0.391750,1.712263
0.392250,2.849987
0.392750,0.526017
0.393250,3.332267
0.393750,3.666633
0.394250,3.236342
0.394750,2.177841
0.395250,5.445251
0.395750,3.558307
0.396250,4.342816
0.396750,3.052848
0.397250,1.194175
0.397750,1.965093
0.398250,2.420477
0.398750,0.649737
0.399250,3.320142
0.399750,2.674749
0.400250,2.228556
0.400750,3.881438
0.401250,1.834478
0.401750,1.603012
0.402250,2.084904
0.402750,1.969815
0.403250,3.141175
0.403750,2.269034
0.404250,3.524008
0.404750,0.408924
0.405250,1.882209
0.405750,1.713681
0.406250,3.303015
0.406750,2.970266
0.407250,1.982626
0.407750,3.533827
0.408250,0.868418
0.408750,2.615726
0.409250,1.296417
0.409750,1.654111
0.410250,0.879102
0.410750,1.945413
0.411250,1.865941
0.411750,0.176122
0.412250,0.805690
0.412750,2.041586
0.413250,1.628541
0.413750,1.051555
0.414250,2.387196
0.414750,2.942285
0.415250,1.356323
0.415750,1.655036
0.416250,3.327044
0.416750,4.065566
0.417250,2.615347
0.417750,1.583825
0.418250,0.520465
0.418750,-1.982880
0.419250,1.450345
0.419750,1.400666
0.420250,0.304837
0.420750,2.451119
0.421250,2.617559
0.421750,0.979165
0.422250,-0.050846
0.422750,1.411195
0.423250,0.317795
0.423750,0.414924
0.424250,0.491234
0.424750,1.282538
0.425250,-0.385324
0.425750,1.357859
0.426250,-0.696173
0.426750,-3.092611
0.427250,0.555272
0.427750,0.500181
0.428250,-0.001179
0.428750,1.788730
0.429250,0.424646
0.429750,0.702877
0.430250,-0.187849
0.430750,1.100612
0.431250,-0.450019
0.431750,0.996299
0.432250,2.331859
0.432750,2.256231
0.433250,0.667159
0.433750,0.938235
0.434250,2.559302
0.434750,2.021879
0.435250,1.704322
0.435750,1.003271
0.436250,0.638539
0.436750,2.133702
0.437250,2.162737
0.437750,-0.367262
0.438250,2.863254
0.438750,0.792342
0.439250,2.452868
0.439750,2.578090
0.440250,1.197499
0.440750,0.666614
0.441250,2.245476
0.441750,1.188569
0.442250,3.003687
0.442750,0.019078
0.443250,2.653188
0.443750,1.594993
0.444250,1.877774
0.444750,-0.517244
0.445250,2.110294
0.445750,-0.377934
0.446250,2.327378
0.446750,0.320367
0.447250,1.693390
0.447750,3.409156
0.448250,1.159043
0.448750,3.417567
0.449250,1.832518
0.449750,0.503618
0.450250,3.172591
0.450750,2.681496
0.451250,0.885200
0.451750,1.624324
0.452250,1.509489
0.452750,4.413501
0.453250,0.020061
0.453750,0.661959
0.454250,1.305696
0.454750,2.965673
0.455250,1.924013
0.455750,2.585361
0.456250,0.429278
0.456750,1.420311
0.457250,1.068787
0.457750,5.171867
0.458250,0.457459
0.458750,1.928442
0.459250,2.637731
0.459750,3.243662
0.460250,3.601386
0.460750,1.954677
0.461250,2.562049
0.461750,2.959492
0.462250,0.266731
0.462750,2.256526
0.463250,2.571883
0.463750,5.357985
0.464250,0.447046
0.464750,1.408545
0.465250,1.466066
0.465750,4.123052
0.466250,1.857610
0.466750,4.877805
0.467250,0.899965
0.467750,1.742614
0.468250,4.970650
0.468750,2.494981
0.469250,1.848480
0.469750,1.802942
0.470250,1.135846
0.470750,2.103545
0.471250,0.291421
0.471750,2.053149
0.472250,0.936922
0.472750,0.803722
0.473250,1.284338
0.473750,2.179117
0.474250,4.547793
0.474750,1.649134
0.475250,3.033018
0.475750,1.652598
0.476250,0.567022
0.476750,2.232616
0.477250,4.090429
0.477750,1.422731
0.478250,4.142177
0.478750,3.968372
0.479250,1.474126
0.479750,2.019580
0.480250,2.104528
0.480750,3.559316
0.481250,1.716013
0.481750,0.283279
0.482250,4.225623
0.482750,0.866566
0.483250,0.732895
0.483750,3.008926
0.484250,2.173846
0.484750,1.900194
0.485250,2.313896
0.485750,3.705117
0.486250,2.075919
0.486750,1.798003
0.487250,0.976004
0.487750,3.367930
0.488250,1.559312
0.488750,2.950932
0.489250,1.032693
0.489750,2.979629
0.490250,1.235777
0.490750,2.657186
0.491250,1.291459
0.491750,2.840736
0.492250,3.072598
0.492750,0.690389
0.493250,2.357917
0.493750,2.144772
0.494250,1.904773
0.494750,1.057560
0.495250,3.190736
0.495750,-1.389213
0.496250,2.935080
0.496750,1.840097
0.497250,1.535541
0.497750,1.722188
0.498250,1.288151
0.498750,1.402712
0.499250,0.724338
0.499750,0.723669
0.500250,-1.961720
0.500750,1.259598
0.501250,-0.309917
0.501750,-1.235629
0.502250,1.859625
0.502750,0.934878
0.503250,1.460553
0.503750,-0.206327
0.504250,3.190553
0.504750,1.110583
0.505250,1.336941
0.505750,2.607625
0.506250,2.301521
0.506750,0.630860
0.507250,0.322800
0.507750,-0.493446
0.508250,0.152675
0.508750,-0.261208
0.509250,2.546368
0.509750,2.188958
0.510250,2.407671
0.510750,2.029298
0.511250,1.126666
0.511750,1.824824
0.512250,0.801215
0.512750,1.598941
0.513250,-0.422959
0.513750,-0.176437
0.514250,-0.761015
0.514750,3.888329
0.515250,0.462436
0.515750,-0.436076
0.516250,4.118449
0.516750,-1.505738
0.517250,-0.814828
0.517750,1.637216
0.518250,2.054796
0.518750,1.513470
0.519250,-0.232170
0.519750,3.025086
0.520250,1.012647
0.520750,2.379092
0.521250,1.950117
0.521750,1.906788
0.522250,1.645368
0.522750,1.867740
0.523250,2.540430
0.523750,1.097328
0.524250,0.557581
0.524750,2.083448
0.525250,0.915113
0.525750,2.780068
0.526250,3.625042
0.526750,2.312826
0.527250,1.269842
0.527750,0.955821
0.528250,0.184732
0.528750,1.801465
0.529250,0.230090
0.529750,0.572419
0.530250,-0.289555
0.530750,1.551890
0.531250,-0.057135
0.531750,-0.267379
0.532250,-0.756020
0.532750,-0.137493
0.533250,3.175056
0.533750,0.828142
0.534250,1.292918
0.534750,0.077505
0.535250,0.867085
0.535750,3.386861
0.536250,-1.347051
0.536750,0.704975
0.537250,4.430237
0.537750,2.208484
0.538250,5.448588
0.538750,-0.033065
0.539250,0.586224
0.539750,1.666848
0.540250,2.786748
0.540750,2.680804
0.541250,1.276185
0.541750,2.544207
0.542250,2.564683
0.542750,0.540234
0.543250,1.124106
0.543750,2.946011
0.544250,1.747824
0.544750,1.633502
0.545250,0.217593
0.545750,2.638219
0.546250,1.900755
0.546750,1.474325
0.547250,-0.468893
0.547750,1.896099
0.548250,2.796719
0.548750,3.244866
0.549250,1.156747
0.549750,2.993499
0.550250,-0.114260
0.550750,-0.426032
0.551250,-0.355213
0.551750,4.187053
0.552250,2.767267
0.552750,0.835626
0.553250,1.480661
0.553750,0.635324
0.554250,2.492262
0.554750,3.138183
0.555250,0.875021
0.555750,4.739064
0.556250,1.916751
0.556750,-0.370421
0.557250,-0.670956
0.557750,-2.044115
0.558250,-0.553177
0.558750,0.037975
0.559250,1.713971
0.559750,1.580931
0.560250,1.278996
0.560750,2.119779
0.561250,0.518923
0.561750,0.524197
0.562250,-1.340327
0.562750,-0.090997
0.563250,2.116786
0.563750,2.260795
0.564250,1.298608
0.564750,3.406830
0.565250,0.180129
0.565750,1.392084
0.566250,0.741593
0.566750,1.748570
0.567250,1.273772
0.567750,2.169795
0.568250,-0.668172
0.568750,1.348296
0.569250,-1.187944
0.569750,0.440167
0.570250,2.666482
0.570750,0.339803
0.571250,2.024095
0.571750,1.623507
0.572250,-1.812427
0.572750,-0.509513
0.573250,-2.054437
0.573750,-1.621486
0.574250,0.583242
0.574750,-0.595766
0.575250,-0.931652
0.575750,1.018950
0.576250,-2.126001
0.576750,0.310272
0.577250,1.582631
0.577750,2.099783
0.578250,-0.344322
0.578750,-0.175728
0.579250,-1.277671
0.579750,-1.990222
0.580250,0.380944
0.580750,-1.273919
0.581250,-1.098193
0.581750,2.972376
0.582250,-0.052989
0.582750,-0.406302
0.583250,-1.032985
0.583750,-1.409000
0.584250,2.812235
0.584750,-1.475648
0.585250,-0.815848
0.585750,-2.479659
0.586250,-1.239635
0.586750,0.443210
0.587250,1.876946
0.587750,-1.241936
0.588250,-0.451664
0.588750,-1.331560
0.589250,0.421489
0.589750,-0.510789
0.590250,-0.744324
0.590750,-3.769183
0.591250,-0.711198
0.591750,-1.908470
0.592250,1.089625
0.592750,-0.339853
0.593250,1.494471
0.593750,-3.415351
0.594250,-1.516282
0.594750,2.519767
0.595250,-1.207582
0.595750,-0.041807
0.596250,1.423760
0.596750,-1.472056
0.597250,-0.313042
0.597750,1.598012
0.598250,-0.044693
0.598750,-0.434531
0.599250,-0.713389
0.599750,-0.523797
0.600250,0.510006
0.600750,-0.121882
0.601250,-0.904461
0.601750,-1.393036
0.602250,-0.558878
0.602750,0.928907
0.603250,-1.406864
0.603750,0.627211
0.604250,1.378073
0.604750,1.550800
0.605250,-1.045327
0.605750,-0.565493
0.606250,-1.865157
0.606750,-1.072767
0.607250,-1.530206
0.607750,-1.288583
0.608250,-1.098190
0.608750,0.220761
0.609250,-1.876813
0.609750,1.078768
0.610250,1.111330
0.610750,0.097863
0.611250,-3.080391
0.611750,-0.918832
0.612250,-1.351462
0.612750,-0.727061
0.613250,-1.971462
0.613750,-0.094077
0.614250,-1.835191
0.614750,2.308292
0.615250,0.914164
0.615750,-1.058971
0.616250,-1.735067
0.616750,-0.827793
0.617250,-0.409966
0.617750,-1.380443
0.618250,0.931915
0.618750,0.061097
0.619250,0.540534
0.619750,0.936015
0.620250,-1.258104
0.620750,1.097580
0.621250,-1.260244
0.621750,-1.169410
0.622250,1.587409
0.622750,-1.684936
0.623250,-0.008604
0.623750,0.214829
0.624250,-2.112715
0.624750,0.402224
0.625250,3.312386
0.625750,0.499400
0.626250,-1.129496
0.626750,-0.145684
0.627250,0.751214
0.627750,1.523779
0.628250,2.275624
0.628750,2.006134
0.629250,-1.732986
0.629750,0.548333
0.630250,0.530719
0.630750,-1.432664
0.631250,0.080131
0.631750,-1.523530
0.632250,1.498230
0.632750,0.540017
0.633250,0.835715
0.633750,0.099793
0.634250,0.063265
0.634750,-0.264672
0.635250,1.795843
0.635750,-1.709515
0.636250,1.120473
0.636750,3.607134
0.637250,3.268732
0.637750,-1.972015
0.638250,0.579125
0.638750,0.865851
0.639250,1.020930
0.639750,-0.339427
0.640250,-0.181409
0.640750,3.699737
0.641250,-0.075909
0.641750,-0.535816
0.642250,0.224447
0.642750,2.462562
0.643250,1.725369
0.643750,1.263664
0.644250,-0.701560
0.644750,0.263390
0.645250,-0.880539
0.645750,-1.177285
0.646250,1.429801
0.646750,0.436783
0.647250,1.390639
0.647750,1.399166
0.648250,2.394930
0.648750,-1.322224
0.649250,-2.238526
0.649750,2.788238
0.650250,0.893879
0.650750,0.512191
0.651250,-1.589462
0.651750,0.772774
0.652250,-0.272597
0.652750,0.627061
0.653250,1.952793
0.653750,-2.255967
0.654250,0.119726
0.654750,1.856769
0.655250,-1.179161
0.655750,3.615136
0.656250,0.384124
0.656750,1.267377
0.657250,1.176262
0.657750,-0.759209
0.658250,-0.492411
0.658750,1.799091
0.659250,0.717381
0.659750,-2.227781
0.660250,-0.249458
0.660750,1.007739
0.661250,0.359098
0.661750,0.647363
0.662250,-0.792616
0.662750,-0.888966
0.663250,-1.382094
0.663750,0.644871
0.664250,0.044903
0.664750,-1.055827
0.665250,-0.865028
0.665750,-2.801207
0.666250,1.008195
0.666750,0.122041
0.667250,3.865168
0.667750,-0.386778
0.668250,-0.907079
0.668750,-0.074779
0.669250,-0.995126
0.669750,1.299282
0.670250,-1.846069
0.670750,-0.068788
0.671250,1.941107
0.671750,-0.811097
0.672250,-0.400930
0.672750,0.391042
0.673250,-2.780387
0.673750,-1.890390
0.674250,-2.446238
0.674750,-1.469293
0.675250,-3.578856
0.675750,-1.209361
0.676250,-0.799780
0.676750,1.361264
0.677250,-1.380778
0.677750,-0.118495
0.678250,-1.266479
0.678750,-1.073897
0.679250,0.627997
0.679750,-7.413698
0.680250,-1.481836
0.680750,0.095110
0.681250,-1.461333
0.681750,-1.649783
0.682250,-1.107921
0.682750,-2.854209
0.683250,-2.267339
0.683750,-1.217312
0.684250,-1.163755
0.684750,-0.817637
0.685250,0.274290
0.685750,0.663724
0.686250,-1.807294
0.686750,0.577728
0.687250,-1.427448
0.687750,-2.417522
0.688250,-1.260217
0.688750,-1.320796
0.689250,-1.805940
0.689750,0.969646
0.690250,0.322774
0.690750,0.315587
0.691250,-0.176953
0.691750,0.015135
0.692250,-2.801269
0.692750,1.972309
0.693250,-1.491912
0.693750,-3.095721
0.694250,-2.236911
0.694750,1.227979
0.695250,-3.206814
0.695750,-1.850884
0.696250,1.195942
0.696750,-1.173718
0.697250,-3.191465
0.697750,-1.708509
0.698250,0.492415
0.698750,-2.546566
0.699250,-2.446715
0.699750,0.625347
0.700250,-0.550742
0.700750,-1.224635
0.701250,0.138262
0.701750,-0.333820
0.702250,-0.768275
0.702750,0.488760
0.703250,-2.603353
0.703750,-0.489476
0.704250,-2.092394
0.704750,-2.489619
0.705250,-0.453623
0.705750,-0.247855
0.706250,-1.286851
0.706750,-3.916525
0.707250,-1.399796
0.707750,-1.933893
0.708250,0.015899
0.708750,-3.500182
0.709250,-1.155513
0.709750,-1.234512
0.710250,-1.431961
0.710750,1.401987
0.711250,-2.860718
0.711750,-0.113623
0.712250,-1.720686
0.712750,2.643048
0.713250,0.283410
0.713750,-0.858361
0.714250,1.686109
0.714750,-1.878567
0.715250,1.415649
0.715750,-2.123662
0.716250,-4.361156
0.716750,-2.705185
0.717250,-1.008051
0.717750,0.839821
0.718250,-0.897558
0.718750,-0.889615
0.719250,-0.177148
0.719750,1.184741
0.720250,-2.766500
0.720750,1.197412
0.721250,-2.345154
0.721750,-2.433254
0.722250,-0.909584
0.722750,-0.780039
0.723250,0.140151
0.723750,-0.429337
0.724250,-0.194325
0.724750,0.564664
0.725250,0.181375
0.725750,1.179071
0.726250,-0.950302
0.726750,0.669500
0.727250,0.171326
0.727750,-0.667478
0.728250,-0.820165
0.728750,1.241018
0.729250,-2.825625
0.729750,-2.397094
0.730250,0.534492
0.730750,-0.779667
0.731250,-1.491397
0.731750,0.935280
0.732250,-2.308824
0.732750,-0.077905
0.733250,2.373376
0.733750,0.426395
0.734250,-2.357778
0.734750,-3.692170
0.735250,-2.340944
0.735750,-2.299479
0.736250,-1.973434
0.736750,-1.910999
0.737250,-1.909347
0.737750,-1.521127
0.738250,-3.105097
0.738750,-1.806653
0.739250,-0.054396
0.739750,0.488683
0.740250,-3.521090
0.740750,-2.342630
0.741250,-1.470616
0.741750,-1.005243
0.742250,-1.805012
0.742750,1.357053
0.743250,-0.199176
0.743750,-5.145943
0.744250,-0.205064
0.744750,-1.572748
0.745250,-4.390246
0.745750,-0.556667
0.746250,-2.898845
0.746750,-0.638427
0.747250,-2.455319
0.747750,0.832840
0.748250,-2.386344
0.748750,-2.801192
0.749250,-2.465918
0.749750,-1.441539
0.750250,1.138104
0.750750,-2.353444
0.751250,-1.306132
0.751750,-3.965914
0.752250,-2.047220
0.752750,-2.027342
0.753250,-1.702625
0.753750,0.683160
0.754250,-0.591462
0.754750,-2.189676
0.755250,-4.298387
0.755750,-2.484489
0.756250,1.878573
0.756750,-3.264835
0.757250,-3.071955
0.757750,-1.648028
0.758250,-3.648034
0.758750,-2.134203
0.759250,-3.950956
0.759750,-4.620242
0.760250,-1.838287
0.760750,-0.826019
0.761250,-4.017444
0.761750,-2.462699
0.762250,-5.559738
0.762750,-1.963221
0.763250,-1.614593
0.763750,-6.013796
0.764250,-3.103822
0.764750,-6.118605
0.765250,-4.372205
0.765750,-4.343938
0.766250,-1.821474
0.766750,-2.977541
0.767250,-2.142596
0.767750,-2.991424
0.768250,-5.135466
0.768750,-2.520482
0.769250,-1.768716
0.769750,-3.367532
0.770250,-1.663468
0.770750,-1.190294
0.771250,-2.298618
0.771750,-5.051546
0.772250,-2.252580
0.772750,0.004889
0.773250,-3.267639
0.773750,-1.292244
0.774250,-3.464002
0.774750,-5.050389
0.775250,-1.203144
0.775750,-1.482053
0.776250,-3.165982
0.776750,-4.011412
0.777250,-0.451411
0.777750,-6.154244
0.778250,-3.747178
0.778750,-4.629139
0.779250,-6.372339
0.779750,-2.718348
0.780250,-1.854441
0.780750,-2.555960
0.781250,-3.690150
0.781750,-3.189569
0.782250,-4.026873
0.782750,0.668888
0.783250,-3.707089
0.783750,-2.399599
0.784250,-0.502819
0.784750,-4.935177
0.785250,-1.483091
0.785750,-1.704450
0.786250,-0.392603
0.786750,-1.247554
0.787250,-3.958964
0.787750,-2.794244
0.788250,-1.611516
0.788750,-4.360633
0.789250,-2.733862
0.789750,-0.990616
0.790250,-1.229453
0.790750,-2.811462
0.791250,-1.210348
0.791750,-3.018180
0.792250,-4.289169
0.792750,-0.758464
0.793250,-3.035074
0.793750,-2.979637
0.794250,-4.065456
0.794750,-2.825866
0.795250,-1.610175
0.795750,-4.516175
0.796250,-3.331677
0.796750,-2.866455
0.797250,0.595955
0.797750,-0.270852
0.798250,-4.181188
0.798750,-2.534953
0.799250,-5.054387
0.799750,-4.763444
0.800250,-5.535341
0.800750,-2.793563
0.801250,-1.421572
0.801750,-0.785936
0.802250,-1.637225
0.802750,-2.869029
0.803250,-6.588668
0.803750,-3.367537
0.804250,-2.580301
0.804750,-2.693425
0.805250,-2.876713
0.805750,-2.704717
0.806250,-2.159152
0.806750,-0.923291
0.807250,-2.512140
0.807750,-0.753661
0.808250,-3.068766
0.808750,-3.410585
0.809250,-3.184828
0.809750,-2.041900
0.810250,-0.814419
0.810750,-4.099757
0.811250,-1.972427
0.811750,-1.548050
0.812250,-2.122251
0.812750,-0.426445
0.813250,-0.007744
0.813750,-5.631896
0.814250,-2.879845
0.814750,-3.763485
0.815250,1.254719
0.815750,-0.164091
0.816250,-3.040973
0.816750,-0.044068
0.817250,1.561590
0.817750,-0.614456
0.818250,-0.674962
0.818750,-1.660458
0.819250,-2.146938
0.819750,-1.914234
0.820250,-2.575045
0.820750,-0.473508
0.821250,-1.896806
0.821750,-1.665824
0.822250,1.373638
0.822750,-0.757850
0.823250,2.242809
0.823750,-1.100793
0.824250,-2.045166
0.824750,-2.369479
0.825250,1.358766
0.825750,-1.189904
0.826250,-0.907711
0.826750,3.030308
0.827250,-1.647881
0.827750,-0.607324
0.828250,-2.382302
0.828750,-0.331868
0.829250,-0.244915
0.829750,-2.260779
0.830250,-0.277264
0.830750,0.738604
0.831250,-1.674142
0.831750,-3.405533
0.832250,-1.609278
0.832750,-0.135611
0.833250,1.169022
0.833750,0.495593
0.834250,-1.315701
0.834750,0.471641
0.835250,-1.793365
0.835750,-0.013281
0.836250,0.215680
0.836750,-1.055973
0.837250,0.120407
0.837750,-2.265128
0.838250,-3.611885
0.838750,-1.695293
0.839250,0.968348
0.839750,0.825566
0.840250,-2.921458
0.840750,-0.181688
0.841250,-1.402476
0.841750,2.343187
0.842250,-3.131083
0.842750,-4.185456
0.843250,-1.042339
0.843750,0.151919
0.844250,-7.224694
0.844750,-4.555533
0.845250,-4.170113
0.845750,-4.332920
0.846250,-0.850662
0.846750,-1.051996
0.847250,-1.211800
0.847750,-1.637514
0.848250,1.605617
0.848750,-2.540124
0.849250,-3.302023
0.849750,1.069180
0.850250,-1.688935
0.850750,-0.346488
0.851250,-0.756691
0.851750,-3.518462
0.852250,-2.064663
0.852750,1.959362
0.853250,0.646037
0.853750,0.393926
0.854250,-0.889390
0.854750,-0.420446
0.855250,-3.073518
0.855750,1.177023
0.856250,-0.354912
0.856750,3.084330
0.857250,1.637506
0.857750,0.874626
0.858250,-0.465971
0.858750,-3.392360
0.859250,-1.386601
0.859750,-2.020794
0.860250,-0.785161
0.860750,-4.259265
0.861250,-2.109380
0.861750,0.566067
0.862250,0.091593
0.862750,-1.259023
0.863250,-0.195374
0.863750,-0.037828
0.864250,-1.704590
0.864750,2.832303
0.865250,-1.180430
0.865750,-3.456682
0.866250,-2.295086
0.866750,-3.191087
0.867250,-2.780964
0.867750,-5.091813
0.868250,1.043043
0.868750,-2.621469
0.869250,-1.589499
0.869750,-3.463196
0.870250,-4.811309
0.870750,-2.209350
0.871250,-3.514922
0.871750,-2.007311
0.872250,-1.877163
0.872750,-2.071088
0.873250,-2.251837
0.873750,-2.005898
0.874250,-1.404545
0.874750,-6.266598
0.875250,-1.034222
0.875750,-4.708751
0.876250,0.273427
0.876750,-1.123286
0.877250,-3.196946
0.877750,-0.096889
0.878250,-2.008028
0.878750,-4.212332
0.879250,-0.697084
0.879750,-0.491892
0.880250,-1.045674
0.880750,0.160619
0.881250,-0.731253
0.881750,-5.262033
0.882250,-3.704390
0.882750,-2.728598
0.883250,-2.513703
0.883750,0.709085
0.884250,-0.272082
0.884750,0.585520
0.885250,-2.043295
0.885750,-0.743243
0.886250,-0.665453
0.886750,-0.176519
0.887250,-3.002545
0.887750,-2.285249
0.888250,-0.572750
0.888750,1.048598
0.889250,-1.401892
0.889750,-1.081716
0.890250,-3.373456
0.890750,-2.621584
0.891250,-0.167451
0.891750,-1.603270
0.892250,-4.730943
0.892750,-3.899470
0.893250,-3.682638
0.893750,-3.114050
0.894250,-1.759122
0.894750,-0.436365
0.895250,0.506934
0.895750,-1.977225
0.896250,-1.561036
0.896750,-0.110699
0.897250,-1.835339
0.897750,-3.621344
0.898250,-5.527392
0.898750,-2.277381
0.899250,-1.438858
0.899750,-0.964413
0.900250,-4.797647
0.900750,-1.452127
0.901250,-6.373629
0.901750,-4.055644
0.902250,-3.504280
0.902750,-0.691920
0.903250,0.040771
0.903750,-1.623341
0.904250,-5.216396
0.904750,-1.523777
0.905250,-1.643380
0.905750,-0.771946
0.906250,-2.563261
0.906750,-1.425396
0.907250,-0.748863
0.907750,-3.406719
0.908250,-2.164621
0.908750,0.439246
0.909250,1.147986
0.909750,-2.292202
0.910250,-2.134601
0.910750,0.961411
0.911250,-2.150814
0.911750,-1.884378
0.912250,-1.772523
0.912750,-0.643599
0.913250,0.928061
0.913750,-0.753857
0.914250,-0.926283
0.914750,-0.777423
0.915250,-1.561109
0.915750,-1.210180
0.916250,-0.044141
0.916750,-0.697467
0.917250,1.839232
0.917750,-0.524307
0.918250,4.848834
0.918750,1.216964
0.919250,-0.461372
0.919750,0.701048
0.920250,2.228712
0.920750,-0.128310
0.921250,-1.880674
0.921750,-2.571356
0.922250,2.622081
0.922750,0.430871
0.923250,0.337718
0.923750,0.347352
0.924250,-1.511627
0.924750,-1.704216
0.925250,-1.318239
0.925750,1.577692
0.926250,-1.694256
0.926750,1.534197
0.927250,-1.922513
0.927750,-2.150375
0.928250,2.958361
0.928750,0.249091
0.929250,0.405220
0.929750,-2.873151
0.930250,3.508999
0.930750,0.378156
0.931250,1.432730
0.931750,-0.586666
0.932250,-1.165056
0.932750,-0.066234
0.933250,-0.645281
0.933750,-0.872982
0.934250,-1.102354
0.934750,-0.816732
0.935250,-2.800504
0.935750,-2.789130
0.936250,-1.780268
0.936750,-0.344630
0.937250,-0.346800
0.937750,0.943545
0.938250,-2.191869
0.938750,0.745296
0.939250,-0.738386
0.939750,-3.112144
0.940250,-1.342768
0.940750,-2.532430
0.941250,-0.605455
0.941750,-1.146751
0.942250,-0.373397
0.942750,-0.522670
0.943250,1.853285
0.943750,-0.131363
0.944250,-1.466427
0.944750,-2.802535
0.945250,-1.372304
0.945750,-2.279537
0.946250,1.223279
0.946750,-1.612945
0.947250,-1.427424
0.947750,0.161287
0.948250,0.071740
0.948750,-0.838248
0.949250,0.037716
0.949750,-0.764554
0.950250,1.806393
0.950750,-2.297246
0.951250,-2.074449
0.951750,-0.547254
0.952250,-3.989083
0.952750,-1.215040
0.953250,-1.106388
0.953750,-0.898634
0.954250,-0.152268
0.954750,0.388372
0.955250,-0.233507
0.955750,0.106541
0.956250,-3.372062
0.956750,-2.237805
0.957250,1.008828
0.957750,1.241621
0.958250,-3.132241
0.958750,-0.206968
0.959250,-0.371457
0.959750,-3.908126
0.960250,-3.896593
0.960750,-0.712620
0.961250,-4.546162
0.961750,-2.337432
0.962250,-1.013943
0.962750,0.030162
0.963250,-2.528206
0.963750,0.235550
0.964250,-0.787665
0.964750,-2.269317
0.965250,-1.694448
0.965750,-2.262115
0.966250,0.437236
0.966750,-1.271239
0.967250,-2.631810
0.967750,-2.074268
0.968250,0.446696
0.968750,-4.624248
0.969250,-0.523263
0.969750,-3.459400
0.970250,-3.038470
0.970750,-0.200302
0.971250,-1.780012
0.971750,-2.634819
0.972250,-5.155689
0.972750,-1.023589
0.973250,0.673083
0.973750,-1.176231
0.974250,-2.849109
0.974750,-4.933060
0.975250,-3.409617
0.975750,-1.978494
0.976250,-0.347648
0.976750,-2.512984
0.977250,-5.162485
0.977750,-0.146841
0.978250,-4.075995
0.978750,-2.235398
0.979250,-5.989896
0.979750,-2.742745
0.980250,-4.603266
0.980750,-2.517931
0.981250,-1.802318
0.981750,-0.371093
0.982250,0.026490
0.982750,-4.243523
0.983250,-2.460562
0.983750,-0.959001
0.984250,0.330266
0.984750,-2.345505
0.985250,-0.310824
0.985750,-1.785474
0.986250,1.405971
0.986750,-1.423791
0.987250,-7.085168
0.987750,0.458668
0.988250,0.197875
0.988750,-2.693288
0.989250,-2.676673
0.989750,0.584568
0.990250,-0.467018
0.990750,5.454921
0.991250,2.118808
0.991750,-2.428003
0.992250,0.968890
0.992750,-0.202550
0.993250,-2.584188
0.993750,-2.179131
0.994250,-0.396148
0.994750,-2.507528
0.995250,0.935367
0.995750,1.083602
0.996250,-5.028320
0.996750,-3.216914
0.997250,-2.141007
0.997750,1.634283
0.998250,-1.656515
0.998750,-0.513236
0.999250,-0.395298
0.999750,0.132559
