0.000250,0.063778
0.000750,0.143704
0.001250,0.144814
0.001750,-0.162655
0.002250,-0.155678
0.002750,-0.009208
0.003250,0.052798
0.003750,0.073049
0.004250,0.081940
0.004750,0.183499
0.005250,0.414553
0.005750,0.369084
0.006250,0.094120
0.006750,0.095903
0.007250,0.195006
0.007750,-0.006150
0.008250,0.066045
0.008750,-0.036653
0.009250,-0.159620
0.009750,-0.044256
0.010250,-0.208717
0.010750,0.060728
0.011250,0.260696
0.011750,0.477199
0.012250,0.370963
0.012750,0.358816
0.013250,0.373480
0.013750,0.122348
0.014250,0.526691
0.014750,0.611505
0.015250,0.558089
0.015750,0.959251
0.016250,0.615481
0.016750,0.958681
0.017250,1.045828
0.017750,0.906105
0.018250,1.082986
0.018750,1.043551
0.019250,1.259144
0.019750,1.089959
0.020250,1.331835
0.020750,1.354445
0.021250,1.009938
0.021750,1.441849
0.022250,0.985639
0.022750,0.991114
0.023250,0.960558
0.023750,0.770033
0.024250,0.479828
0.024750,0.442781
0.025250,0.785145
0.025750,1.046375
0.026250,1.036654
0.026750,1.173201
0.027250,1.070545
0.027750,0.832469
0.028250,1.276336
0.028750,0.933229
0.029250,1.056747
0.029750,1.144644
0.030250,1.252498
0.030750,1.585221
0.031250,0.919471
0.031750,1.501910
0.032250,1.363450
0.032750,1.700230
0.033250,1.082788
0.033750,1.470278
0.034250,1.315353
0.034750,1.511190
0.035250,1.280834
0.035750,1.455350
0.036250,1.023273
0.036750,0.942498
0.037250,1.216480
0.037750,1.208383
0.038250,1.126097
0.038750,1.329734
0.039250,1.547738
0.039750,1.275218
0.040250,0.909139
0.040750,0.990449
0.041250,0.639898
0.041750,0.730817
0.042250,0.982251
0.042750,0.487403
0.043250,0.462534
0.043750,0.626086
0.044250,0.741553
0.044750,0.837708
0.045250,0.362601
0.045750,0.787617
0.046250,0.433700
0.046750,-0.003849
0.047250,0.873632
0.047750,0.744138
0.048250,0.781363
0.048750,1.506217
0.049250,1.032031
0.049750,0.579640
0.050250,0.694531
0.050750,0.514420
0.051250,0.673368
0.051750,0.344014
0.052250,0.595819
0.052750,1.106757
0.053250,0.537578
0.053750,0.882662
0.054250,0.529077
0.054750,1.017282
0.055250,1.250025
0.055750,1.541153
0.056250,1.669155
0.056750,1.803750
0.057250,1.358584
0.057750,1.416101
0.058250,1.345862
0.058750,1.501741
0.059250,1.805550
0.059750,1.443671
0.060250,1.184373
0.060750,1.745612
0.061250,1.222168
0.061750,1.227714
0.062250,1.514131
0.062750,1.995867
0.063250,1.432839
0.063750,1.407309
0.064250,2.016311
0.064750,2.086775
0.065250,0.957021
0.065750,1.564440
0.066250,1.363768
0.066750,1.650196
0.067250,1.890226
0.067750,1.573452
0.068250,0.899025
0.068750,1.446698
0.069250,1.109515
0.069750,0.279234
0.070250,1.094871
0.070750,0.709158
0.071250,0.776431
0.071750,0.868420
0.072250,1.041826
0.072750,1.184482
0.073250,0.151330
0.073750,0.698974
0.074250,1.743294
0.074750,1.179679
0.075250,0.979777
0.075750,1.180758
0.076250,0.964289
0.076750,0.894502
0.077250,1.049843
0.077750,0.880147
0.078250,0.813743
0.078750,1.197132
0.079250,1.479597
0.079750,0.966277
0.080250,0.674893
0.080750,1.247667
0.081250,1.101008
0.081750,1.610382
0.082250,0.922867
0.082750,1.660210
0.083250,0.965850
0.083750,1.722234
0.084250,1.376966
0.084750,1.147808
0.085250,1.681234
0.085750,0.872757
0.086250,1.290915
0.086750,2.007992
0.087250,1.052899
0.087750,1.939880
0.088250,1.355545
0.088750,0.999121
0.089250,0.565277
0.089750,1.504298
0.090250,1.120651
0.090750,1.044647
0.091250,0.862918
0.091750,0.712491
0.092250,1.598206
0.092750,0.741554
0.093250,0.300158
0.093750,0.939324
0.094250,0.658718
0.094750,1.295246
0.095250,1.206773
0.095750,1.025939
0.096250,1.051462
0.096750,0.535118
0.097250,0.668902
0.097750,1.017483
0.098250,0.511191
0.098750,0.458697
0.099250,0.732791
0.099750,0.055206
0.100250,0.494086
0.100750,0.085615
0.101250,-0.052585
0.101750,-0.190870
0.102250,0.508605
0.102750,-0.547923
0.103250,-0.660484
0.103750,-0.690611
0.104250,-0.604782
0.104750,0.546025
0.105250,0.070740
0.105750,-0.773534
0.106250,0.148969
0.106750,-0.137150
0.107250,0.161673
0.107750,0.633302
0.108250,0.022462
0.108750,-0.580904
0.109250,0.733799
0.109750,0.536498
0.110250,0.004251
0.110750,0.058232
0.111250,0.347663
0.111750,-0.170429
0.112250,0.534806
0.112750,0.729791
0.113250,-0.115053
0.113750,0.851761
0.114250,0.227768
0.114750,0.530325
0.115250,0.053590
0.115750,0.214472
0.116250,0.017060
0.116750,0.278343
0.117250,0.034842
0.117750,0.391641
0.118250,-0.103424
0.118750,0.299274
0.119250,-0.051622
0.119750,0.256749
0.120250,1.221733
0.120750,1.022107
0.121250,0.513798
0.121750,0.787307
0.122250,1.079991
0.122750,0.701777
0.123250,1.372778
0.123750,1.554740
0.124250,1.359746
0.124750,1.597996
0.125250,1.637656
0.125750,0.461585
0.126250,0.917529
0.126750,0.420950
0.127250,0.375665
0.127750,0.540087
0.128250,1.613415
0.128750,0.510054
0.129250,1.061231
0.129750,0.791982
0.130250,0.258023
0.130750,0.522947
0.131250,0.645130
0.131750,0.841960
0.132250,0.596390
0.132750,1.068880
0.133250,0.898026
0.133750,1.221714
0.134250,1.377568
0.134750,0.568305
0.135250,0.633101
0.135750,-0.053906
0.136250,-1.017497
0.136750,0.614576
0.137250,0.188703
0.137750,0.313295
0.138250,0.434897
0.138750,-1.058906
0.139250,-0.110870
0.139750,0.393691
0.140250,-0.510348
0.140750,-0.300424
0.141250,-0.617895
0.141750,-0.091022
0.142250,-1.364236
0.142750,-0.046596
0.143250,-0.328618
0.143750,-0.611043
0.144250,-0.452655
0.144750,0.047935
0.145250,-0.749237
0.145750,-0.566574
0.146250,-0.146446
0.146750,-0.033575
0.147250,0.014642
0.147750,0.712887
0.148250,-0.329705
0.148750,-0.032988
0.149250,0.107921
0.149750,-0.909270
0.150250,-0.503948
0.150750,-0.275838
0.151250,-0.145989
0.151750,-0.280474
0.152250,0.651110
0.152750,-0.599670
0.153250,0.190436
0.153750,-0.857714
0.154250,-0.148900
0.154750,-0.583439
0.155250,-0.821540
0.155750,-0.943911
0.156250,-0.344657
0.156750,-0.158260
0.157250,-0.168556
0.157750,0.015348
0.158250,0.473090
0.158750,0.013311
0.159250,-0.086850
0.159750,0.042432
0.160250,0.504947
0.160750,-0.102933
0.161250,0.738249
0.161750,0.252645
0.162250,0.222728
0.162750,0.295853
0.163250,0.427272
0.163750,0.188540
0.164250,0.675974
0.164750,0.153937
0.165250,0.393384
0.165750,0.306204
0.166250,0.282486
0.166750,0.165131
0.167250,0.222469
0.167750,-0.242985
0.168250,1.038728
0.168750,-0.149731
0.169250,0.392820
0.169750,0.186913
0.170250,-0.039075
0.170750,-0.856276
0.171250,-0.754022
0.171750,-0.365844
0.172250,0.219898
0.172750,0.060926
0.173250,0.006727
0.173750,0.131605
0.174250,-0.235534
0.174750,-1.246397
0.175250,-0.785647
0.175750,-0.756120
0.176250,-0.377114
0.176750,-1.090793
0.177250,-0.357156
0.177750,-0.313495
0.178250,-0.049644
0.178750,-1.255492
0.179250,-0.331523
0.179750,-0.084164
0.180250,-1.338975
0.180750,-0.387434
0.181250,-0.832507
0.181750,-0.850838
0.182250,-1.023836
0.182750,-0.347271
0.183250,-0.347145
0.183750,-0.116408
0.184250,-0.167002
0.184750,-1.053036
0.185250,-1.252807
0.185750,-1.662011
0.186250,-1.748199
0.186750,-0.299729
0.187250,-1.319415
0.187750,-1.164496
0.188250,-1.483830
0.188750,-1.357697
0.189250,-1.923973
0.189750,-0.699314
0.190250,-0.680392
0.190750,-0.960393
0.191250,-0.059737
0.191750,-0.749714
0.192250,-1.085982
0.192750,-1.147806
0.193250,-0.681616
0.193750,0.086586
0.194250,0.350515
0.194750,-0.397121
0.195250,-1.230258
0.195750,-0.223065
0.196250,0.187836
0.196750,-0.256781
0.197250,-0.361890
0.197750,-0.498741
0.198250,-0.231095
0.198750,-1.510619
0.199250,-0.146142
0.199750,-0.899004
0.200250,0.437624
0.200750,-0.872519
0.201250,-0.022154
0.201750,-1.383127
0.202250,-0.318749
0.202750,-0.717703
0.203250,-1.136302
0.203750,-0.847614
0.204250,0.285272
0.204750,-0.685481
0.205250,-0.853717
0.205750,-0.400837
0.206250,0.389395
0.206750,-0.782697
0.207250,0.057720
0.207750,0.135691
0.208250,0.624934
0.208750,-0.717954
0.209250,-0.520048
0.209750,0.712403
0.210250,0.129208
0.210750,0.245839
0.211250,0.838068
0.211750,1.065257
0.212250,0.129152
0.212750,0.579560
0.213250,0.737537
0.213750,0.397116
0.214250,0.186918
0.214750,1.475273
0.215250,1.195979
0.215750,1.083435
0.216250,0.935980
0.216750,0.913294
0.217250,-0.601402
0.217750,-0.096115
0.218250,0.769895
0.218750,1.768617
0.219250,0.860313
0.219750,1.402218
0.220250,0.871674
0.220750,0.164817
0.221250,0.166490
0.221750,0.729886
0.222250,-0.004310
0.222750,0.011149
0.223250,1.756976
0.223750,1.246193
0.224250,1.377179
0.224750,0.321081
0.225250,0.757513
0.225750,0.870021
0.226250,0.912880
0.226750,0.777561
0.227250,1.578087
0.227750,0.210823
0.228250,0.592697
0.228750,0.489426
0.229250,-1.235326
0.229750,0.802299
0.230250,0.570803
0.230750,0.282950
0.231250,-0.101712
0.231750,1.088849
0.232250,-0.173409
0.232750,0.118582
0.233250,1.142348
0.233750,1.717928
0.234250,-0.212220
0.234750,0.268919
0.235250,0.599946
0.235750,0.023080
0.236250,-0.144128
0.236750,-0.299243
0.237250,0.527693
0.237750,-0.206734
0.238250,-0.418413
0.238750,-0.533086
0.239250,-0.994990
0.239750,-0.521672
0.240250,-0.101581
0.240750,-0.381235
0.241250,0.578726
0.241750,-0.501472
0.242250,0.238529
0.242750,-0.340293
0.243250,-0.057706
0.243750,-0.008653
0.244250,0.729881
0.244750,0.199310
0.245250,0.540406
0.245750,1.051912
0.246250,0.240219
0.246750,0.230904
0.247250,0.244231
0.247750,-0.415491
0.248250,0.462648
0.248750,0.651184
0.249250,0.432058
0.249750,-0.016078
0.250250,1.134828
0.250750,0.288349
0.251250,0.698002
0.251750,0.902872
0.252250,0.411507
0.252750,1.288802
0.253250,-1.072638
0.253750,0.012604
0.254250,-0.550400
0.254750,0.136231
0.255250,-0.112753
0.255750,-0.746499
0.256250,0.548815
0.256750,1.402901
0.257250,0.331025
0.257750,-0.181758
0.258250,0.481137
0.258750,0.708977
0.259250,0.160751
0.259750,1.308016
0.260250,1.356779
0.260750,1.003204
0.261250,0.300895
0.261750,-0.869336
0.262250,0.845369
0.262750,0.003306
0.263250,0.368987
0.263750,0.286105
0.264250,1.237019
0.264750,1.360078
0.265250,0.215591
0.265750,0.885377
0.266250,0.582568
0.266750,2.012902
0.267250,0.456923
0.267750,1.327523
0.268250,2.059514
0.268750,0.358416
0.269250,0.137532
0.269750,1.020952
0.270250,1.091964
0.270750,0.655609
0.271250,-0.044198
0.271750,1.383050
0.272250,0.193860
0.272750,1.007291
0.273250,1.270052
0.273750,1.285608
0.274250,1.614106
0.274750,1.455029
0.275250,-0.042827
0.275750,0.390635
0.276250,0.081689
0.276750,1.028067
0.277250,0.218226
0.277750,-0.578169
0.278250,0.575425
0.278750,0.147666
0.279250,-0.594118
0.279750,0.026236
0.280250,-0.949266
0.280750,1.130726
0.281250,-0.418904
0.281750,0.930970
0.282250,0.839118
0.282750,0.996387
0.283250,-0.101157
0.283750,-1.094505
0.284250,0.600577
0.284750,-0.094277
0.285250,0.917486
0.285750,0.677173
0.286250,1.192297
0.286750,-0.197951
0.287250,-0.154561
0.287750,-0.431776
0.288250,-1.167600
0.288750,-0.793035
0.289250,0.081102
0.289750,-0.023550
0.290250,0.363529
0.290750,-2.533228
0.291250,-0.487062
0.291750,-1.779548
0.292250,-0.659087
0.292750,-0.684387
0.293250,-0.164678
0.293750,0.412345
0.294250,0.045262
0.294750,-0.638204
0.295250,-0.659604
0.295750,-0.952942
0.296250,-0.759031
0.296750,-1.072073
0.297250,-1.413403
0.297750,-1.433033
0.298250,0.701773
0.298750,-0.604606
0.299250,0.633311
0.299750,-1.268831
0.300250,-0.270975
0.300750,-0.139686
0.301250,-0.446837
0.301750,0.981098
0.302250,0.347668
0.302750,-0.214455
0.303250,0.052794
0.303750,0.400402
0.304250,0.349513
0.304750,-0.147986
0.305250,-0.161719
0.305750,1.009288
0.306250,0.356635
0.306750,-0.190264
0.307250,-0.187433
0.307750,0.495139
0.308250,0.627207
0.308750,0.677576
0.309250,0.904739
0.309750,0.711789
0.310250,-1.516244
0.310750,0.421676
0.311250,-0.397979
0.311750,-0.174761
0.312250,0.444465
0.312750,-0.667508
0.313250,-0.271908
0.313750,-0.084846
0.314250,-0.940099
0.314750,0.798746
0.315250,0.266251
0.315750,0.570978
0.316250,1.218546
0.316750,0.813389
0.317250,0.256799
0.317750,0.120882
0.318250,-0.174554
0.318750,-0.732506
0.319250,1.430934
0.319750,1.017195
0.320250,0.273092
0.320750,0.566084
0.321250,0.520756
0.321750,1.543933
0.322250,-0.285884
0.322750,1.076562
0.323250,0.907253
0.323750,1.358969
0.324250,1.299306
0.324750,0.260517
0.325250,1.330290
0.325750,1.856252
0.326250,2.703850
0.326750,0.033204
0.327250,1.312922
0.327750,-0.041223
0.328250,2.210689
0.328750,1.967446
0.329250,1.385896
0.329750,1.066622
0.330250,1.949826
0.330750,1.847098
0.331250,0.961517
0.331750,1.330659
0.332250,0.949608
0.332750,0.599143
0.333250,0.180848
0.333750,0.691264
0.334250,0.560062
0.334750,0.569078
0.335250,0.727111
0.335750,1.447653
0.336250,0.894524
0.336750,0.147046
0.337250,1.860495
0.337750,1.365840
0.338250,2.076033
0.338750,1.559212
0.339250,0.630587
0.339750,1.325878
0.340250,0.376474
0.340750,1.394592
0.341250,0.540217
0.341750,1.288994
0.342250,1.790815
0.342750,1.615862
0.343250,1.967353
0.343750,2.128843
0.344250,2.320710
0.344750,1.290515
0.345250,-0.041855
0.345750,1.786827
0.346250,2.062415
0.346750,3.483602
0.347250,2.211107
0.347750,0.902483
0.348250,2.758341
0.348750,1.998361
0.349250,3.052263
0.349750,0.567979
0.350250,1.376161
0.350750,1.634396
0.351250,2.307594
0.351750,0.526919
0.352250,-0.004851
0.352750,2.424681
0.353250,0.367131
0.353750,2.764975
0.354250,1.749413
0.354750,2.382389
0.355250,1.194066
0.355750,0.330817
0.356250,1.683955
0.356750,2.803526
0.357250,1.049502
0.357750,1.813442
0.358250,0.435839
0.358750,1.108250
0.359250,1.099877
0.359750,0.152443
0.360250,-0.225195
0.360750,1.591560
0.361250,1.274954
0.361750,0.199435
0.362250,0.597955
0.362750,0.694701
0.363250,-0.333729
0.363750,1.400671
0.364250,0.580534
0.364750,0.577980
0.365250,1.571210
0.365750,1.875514
0.366250,0.842417
0.366750,1.200780
0.367250,0.394179
0.367750,1.927746
0.368250,1.963912
0.368750,1.463269
0.369250,1.431746
0.369750,1.989719
0.370250,2.590411
0.370750,0.807508
0.371250,0.587605
0.371750,0.134257
0.372250,1.044728
0.372750,2.072395
0.373250,1.884994
0.373750,0.669464
0.374250,1.622369
0.374750,0.612167
0.375250,1.957469
0.375750,1.199581
0.376250,1.156668
0.376750,0.345471
0.377250,1.199305
0.377750,0.616498
0.378250,2.574865
0.378750,0.367499
0.379250,0.635764
0.379750,2.495267
0.380250,2.149005
0.380750,2.287486
0.381250,2.154519
0.381750,1.908665
0.382250,1.233465
0.382750,1.297520
0.383250,0.963994
0.383750,2.297616
0.384250,2.346177
0.384750,3.686107
0.385250,2.042167
0.385750,3.022390
0.386250,2.550194
0.386750,1.088519
0.387250,1.633218
0.387750,3.095396
0.388250,2.242494
0.388750,1.615552
0.389250,3.023396
0.389750,2.742774
0.390250,2.969019
0.390750,2.959934
0.391250,3.107561
0.391750,2.292165
0.392250,2.158772
0.392750,1.910244
0.393250,2.538929
0.393750,3.584285
0.394250,2.127855
0.394750,2.573133
0.395250,3.305887
0.395750,3.407867
0.396250,3.734089
0.396750,2.579701
0.397250,2.818344
0.397750,1.914949
0.398250,3.512060
0.398750,2.282191
0.399250,3.295738
0.399750,2.199846
0.400250,1.776162
0.400750,3.190034
0.401250,3.607087
0.401750,1.345530
0.402250,1.563175
0.402750,1.988972
0.403250,2.670968
0.403750,1.495321
0.404250,3.073446
0.404750,1.798657
0.405250,1.508040
0.405750,2.487800
0.406250,3.539095
0.406750,3.250379
0.407250,1.136076
0.407750,3.031419
0.408250,1.410600
0.408750,2.162603
0.409250,2.824564
0.409750,2.276132
0.410250,0.765998
0.410750,0.621760
0.411250,1.463114
0.411750,0.835329
0.412250,2.089119
0.412750,2.300562
0.413250,2.214179
0.413750,1.886195
0.414250,3.173790
0.414750,2.748613
0.415250,2.503944
0.415750,1.403531
0.416250,2.319525
0.416750,3.849030
0.417250,1.397856
0.417750,1.028505
0.418250,1.639460
0.418750,0.054197
0.419250,1.414421
0.419750,1.609745
0.420250,0.711618
0.420750,2.388582
0.421250,2.695660
0.421750,0.456237
0.422250,1.634377
0.422750,0.476047
0.423250,1.242260
0.423750,1.063178
0.424250,0.665791
0.424750,1.174324
0.425250,1.381233
0.425750,1.066570
0.426250,0.382218
0.426750,-0.706043
0.427250,-0.667534
0.427750,0.039983
0.428250,0.912467
0.428750,1.300450
0.429250,1.264115
0.429750,1.117116
0.430250,0.052014
0.430750,1.437414
0.431250,0.861925
0.431750,0.671839
0.432250,1.361807
0.432750,1.545244
0.433250,1.540269
0.433750,0.749853
0.434250,2.612060
0.434750,2.377501
0.435250,1.266500
0.435750,1.086291
0.436250,0.991541
0.436750,1.981525
0.437250,2.247130
0.437750,0.797469
0.438250,3.233097
0.438750,1.435771
0.439250,1.934499
0.439750,2.173705
0.440250,1.914162
0.440750,0.229005
0.441250,2.144746
0.441750,2.182971
0.442250,2.397800
0.442750,-0.256076
0.443250,1.789849
0.443750,1.182454
0.444250,1.205815
0.444750,0.736038
0.445250,1.614346
0.445750,1.168394
0.446250,1.311574
0.446750,0.694365
0.447250,1.987186
0.447750,2.472308
0.448250,1.580559
0.448750,3.071302
0.449250,1.733379
0.449750,1.237708
0.450250,2.635524
0.450750,2.531912
0.451250,1.391853
0.451750,2.101822
0.452250,2.611651
0.452750,2.677745
0.453250,0.794478
0.453750,0.671119
0.454250,1.433117
0.454750,1.491083
0.455250,1.901909
0.455750,1.916007
0.456250,1.287553
0.456750,2.929923
0.457250,0.856003
0.457750,3.123995
0.458250,0.303756
0.458750,1.722310
0.459250,1.499565
0.459750,2.860570
0.460250,2.774457
0.460750,1.393434
0.461250,3.346412
0.461750,2.378513
0.462250,1.619227
0.462750,2.101756
0.463250,3.235874
0.463750,4.628979
0.464250,1.969400
0.464750,1.662453
0.465250,1.275632
0.465750,4.477863
0.466250,2.743610
0.466750,2.856998
0.467250,2.311695
0.467750,2.163709
0.468250,4.218864
0.468750,1.919622
0.469250,3.170706
0.469750,2.666998
0.470250,2.047993
0.470750,2.407798
0.471250,2.262690
0.471750,2.469157
0.472250,2.466814
0.472750,2.167991
0.473250,2.010554
0.473750,1.604818
0.474250,3.567392
0.474750,1.536672
0.475250,4.054770
0.475750,2.080007
0.476250,2.319925
0.476750,2.573014
0.477250,3.912680
0.477750,2.141307
0.478250,3.478553
0.478750,2.705561
0.479250,1.983648
0.479750,2.769846
0.480250,2.254249
0.480750,1.921705
0.481250,1.438272
0.481750,2.659833
0.482250,3.117460
0.482750,2.626214
0.483250,2.064064
0.483750,3.660683
0.484250,2.714443
0.484750,2.985115
0.485250,3.136691
0.485750,3.092026
0.486250,2.052967
0.486750,1.389517
0.487250,2.075734
0.487750,2.127708
0.488250,1.398167
0.488750,2.707049
0.489250,0.587687
0.489750,2.565740
0.490250,1.515015
0.490750,2.686273
0.491250,1.161894
0.491750,2.854320
0.492250,2.076306
0.492750,0.743488
0.493250,2.208100
0.493750,1.107282
0.494250,2.528552
0.494750,2.071103
0.495250,2.152282
0.495750,1.096225
0.496250,3.131676
0.496750,1.928793
0.497250,2.052494
0.497750,1.736949
0.498250,1.526025
0.498750,0.587868
0.499250,1.132416
0.499750,1.503720
0.500250,0.277318
0.500750,2.270547
0.501250,0.319767
0.501750,0.890596
0.502250,2.071082
0.502750,0.978863
0.503250,2.413923
0.503750,-0.575507
0.504250,2.215934
0.504750,0.654533
0.505250,1.087986
0.505750,1.621866
0.506250,1.598032
0.506750,1.526717
0.507250,0.666282
0.507750,0.771290
0.508250,0.281281
0.508750,1.141019
0.509250,1.012253
0.509750,2.004017
0.510250,2.019631
0.510750,1.088464
0.511250,1.821872
0.511750,0.436765
0.512250,1.104080
0.512750,1.950155
0.513250,-0.008228
0.513750,-0.143533
0.514250,-0.119346
0.514750,2.775314
0.515250,1.704252
0.515750,1.662331
0.516250,2.797564
0.516750,0.233987
0.517250,0.662860
0.517750,2.030037
0.518250,1.756606
0.518750,1.092273
0.519250,0.516745
0.519750,1.665285
0.520250,1.985352
0.520750,1.765186
0.521250,2.046672
0.521750,1.965726
0.522250,2.421214
0.522750,1.446256
0.523250,2.056458
0.523750,0.151714
0.524250,1.294869
0.524750,2.126684
0.525250,1.657529
0.525750,2.584777
0.526250,2.584564
0.526750,2.095572
0.527250,1.878204
0.527750,0.006343
0.528250,1.811325
0.528750,1.345380
0.529250,1.072245
0.529750,0.717000
0.530250,0.822945
0.530750,1.977915
0.531250,0.174798
0.531750,0.570978
0.532250,0.655928
0.532750,0.450627
0.533250,1.318200
0.533750,0.384584
0.534250,0.961417
0.534750,0.124385
0.535250,0.743639
0.535750,1.633999
0.536250,0.654583
0.536750,0.146119
0.537250,1.886306
0.537750,2.440297
0.538250,3.832393
0.538750,0.001636
0.539250,0.851256
0.539750,1.242213
0.540250,2.328345
0.540750,1.564968
0.541250,1.622829
0.541750,1.520537
0.542250,2.655547
0.542750,2.321786
0.543250,1.863933
0.543750,1.826251
0.544250,1.249591
0.544750,0.249723
0.545250,0.473336
0.545750,2.218530
0.546250,1.329260
0.546750,1.251499
0.547250,0.193689
0.547750,1.437783
0.548250,3.317945
0.548750,2.848890
0.549250,0.632459
0.549750,2.465281
0.550250,0.495224
0.550750,0.471253
0.551250,1.336068
0.551750,2.175304
0.552250,1.970526
0.552750,1.312167
0.553250,0.457071
0.553750,0.578488
0.554250,1.275938
0.554750,1.747067
0.555250,0.360197
0.555750,3.193536
0.556250,2.219497
0.556750,0.762967
0.557250,-0.121318
0.557750,0.627174
0.558250,0.499107
0.558750,1.103191
0.559250,2.046727
0.559750,0.983963
0.560250,0.202782
0.560750,2.747836
0.561250,1.086169
0.561750,1.008716
0.562250,-0.694221
0.562750,0.585061
0.563250,0.962141
0.563750,2.616797
0.564250,-0.186303
0.564750,1.385717
0.565250,0.095749
0.565750,1.103688
0.566250,-0.230839
0.566750,1.162648
0.567250,1.677653
0.567750,1.473833
0.568250,-0.511263
0.568750,0.116639
0.569250,-0.592407
0.569750,0.295329
0.570250,2.258077
0.570750,0.768077
0.571250,1.777536
0.571750,1.257907
0.572250,0.690123
0.572750,-1.063729
0.573250,-0.853492
0.573750,-1.317292
0.574250,0.030156
0.574750,0.137082
0.575250,0.245617
0.575750,1.380294
0.576250,-1.821610
0.576750,0.501929
0.577250,0.729737
0.577750,1.042559
0.578250,-0.769013
0.578750,-0.348422
0.579250,-1.759018
0.579750,-0.599443
0.580250,1.154782
0.580750,0.153904
0.581250,1.007370
0.581750,1.693553
0.582250,-0.770000
0.582750,-1.955454
0.583250,0.404331
0.583750,-2.300320
0.584250,0.659958
0.584750,-0.371819
0.585250,-0.534398
0.585750,-1.024295
0.586250,-1.366076
0.586750,-0.200307
0.587250,1.362381
0.587750,-0.747434
0.588250,0.373226
0.588750,-1.269488
0.589250,-1.312310
0.589750,-0.870901
0.590250,-1.000703
0.590750,-2.218333
0.591250,-0.708477
0.591750,-1.615991
0.592250,0.777265
0.592750,-0.898623
0.593250,0.684228
0.593750,-1.446877
0.594250,-0.990524
0.594750,0.598668
0.595250,-0.522399
0.595750,0.530100
0.596250,0.412928
0.596750,0.061799
0.597250,-0.072666
0.597750,0.731550
0.598250,-0.086945
0.598750,0.863803
0.599250,0.652586
0.599750,0.830493
0.600250,0.178591
0.600750,-0.615780
0.601250,-0.142235
0.601750,-0.467052
0.602250,-1.292638
0.602750,1.014778
0.603250,-0.974713
0.603750,1.093076
0.604250,-0.301948
0.604750,0.966503
0.605250,-0.585006
0.605750,-0.248788
0.606250,-1.430602
0.606750,-0.682687
0.607250,-1.299281
0.607750,-0.895615
0.608250,0.510311
0.608750,1.426212
0.609250,-1.698207
0.609750,1.208534
0.610250,0.879555
0.610750,0.422388
0.611250,-0.724300
0.611750,0.304452
0.612250,-0.219271
0.612750,-0.781865
0.613250,-0.511559
0.613750,-0.305465
0.614250,-0.544965
0.614750,1.342289
0.615250,0.746152
0.615750,-1.328129
0.616250,-1.387247
0.616750,0.935877
0.617250,-0.642936
0.617750,-0.714140
0.618250,0.162078
0.618750,-0.819248
0.619250,-0.861928
0.619750,0.195304
0.620250,-1.353179
0.620750,0.375838
0.621250,0.151272
0.621750,-0.942838
0.622250,2.804981
0.622750,-0.387255
0.623250,0.406706
0.623750,0.472065
0.624250,-0.512205
0.624750,1.130930
0.625250,1.534034
0.625750,-0.930667
0.626250,0.552393
0.626750,-0.096763
0.627250,0.981310
0.627750,1.556624
0.628250,0.684731
0.628750,1.202263
0.629250,1.091646
0.629750,1.687140
0.630250,1.218339
0.630750,-0.471931
0.631250,0.374096
0.631750,0.165687
0.632250,0.372804
0.632750,0.320830
0.633250,2.028662
0.633750,-0.186912
0.634250,-1.357148
0.634750,-0.037929
0.635250,0.865405
0.635750,0.140865
0.636250,-0.327461
0.636750,2.773746
0.637250,1.825455
0.637750,0.839700
0.638250,0.275399
0.638750,1.334161
0.639250,2.026214
0.639750,1.105239
0.640250,0.911424
0.640750,3.718345
0.641250,0.559748
0.641750,-0.292052
0.642250,0.259736
0.642750,1.274938
0.643250,1.427158
0.643750,0.178514
0.644250,-0.604396
0.644750,-0.416838
0.645250,-0.184486
0.645750,-0.676571
0.646250,0.547059
0.646750,1.710060
0.647250,1.852643
0.647750,1.204673
0.648250,2.147870
0.648750,0.181669
0.649250,0.091473
0.649750,1.310878
0.650250,0.418753
0.650750,2.376314
0.651250,-0.484064
0.651750,1.478950
0.652250,1.724613
0.652750,1.222742
0.653250,1.504866
0.653750,-0.424581
0.654250,0.262603
0.654750,-0.368277
0.655250,-0.472226
0.655750,1.055421
0.656250,1.197421
0.656750,0.650166
0.657250,-0.680797
0.657750,-0.950679
0.658250,0.051189
0.658750,1.425527
0.659250,0.758411
0.659750,-0.541890
0.660250,0.178235
0.660750,1.375002
0.661250,-0.264091
0.661750,0.123793
0.662250,-1.650991
0.662750,0.798296
0.663250,-1.216704
0.663750,0.364374
0.664250,-0.606955
0.664750,0.589409
0.665250,-0.050417
0.665750,-1.274176
0.666250,-0.255408
0.666750,0.043932
0.667250,1.700597
0.667750,0.604511
0.668250,-1.383420
0.668750,-0.940790
0.669250,-1.383082
0.669750,1.099550
0.670250,-1.660434
0.670750,0.318869
0.671250,1.866128
0.671750,-1.019340
0.672250,-0.442761
0.672750,0.213788
0.673250,-1.247596
0.673750,-1.299560
0.674250,-1.266946
0.674750,-1.440442
0.675250,-1.811179
0.675750,-1.651824
0.676250,-1.676077
0.676750,-0.286232
0.677250,-2.083292
0.677750,-1.551806
0.678250,-0.108461
0.678750,-1.763788
0.679250,0.188631
0.679750,-4.478943
0.680250,-1.411334
0.680750,-1.844048
0.681250,-1.155167
0.681750,-2.899409
0.682250,-1.131489
0.682750,-2.918935
0.683250,-2.433308
0.683750,-0.729393
0.684250,-0.833963
0.684750,-1.609054
0.685250,-0.964587
0.685750,-0.327476
0.686250,-1.299239
0.686750,0.948545
0.687250,-0.340758
0.687750,-1.320485
0.688250,-1.357839
0.688750,-1.316715
0.689250,-2.421613
0.689750,0.514085
0.690250,1.172194
0.690750,1.127912
0.691250,-0.186012
0.691750,-1.574082
0.692250,-1.266827
0.692750,-0.859356
0.693250,-1.494869
0.693750,0.357856
0.694250,-1.748382
0.694750,0.000828
0.695250,-2.976011
0.695750,-1.297557
0.696250,-0.324921
0.696750,-1.022851
0.697250,-1.597185
0.697750,-1.187378
0.698250,-1.215285
0.698750,-2.196127
0.699250,-2.372365
0.699750,1.183436
0.700250,0.232916
0.700750,-2.203283
0.701250,-1.271860
0.701750,-0.579620
0.702250,-0.041092
0.702750,-2.350197
0.703250,-1.271691
0.703750,-1.566431
0.704250,-0.915163
0.704750,-1.791480
0.705250,-0.947636
0.705750,-0.986483
0.706250,-1.357163
0.706750,-1.771134
0.707250,-2.029090
0.707750,-1.424280
0.708250,-2.003608
0.708750,-3.617932
0.709250,-0.703131
0.709750,-0.958688
0.710250,-0.903044
0.710750,0.501158
0.711250,-1.314300
0.711750,-1.889400
0.712250,-1.729494
0.712750,0.593943
0.713250,-2.010602
0.713750,-0.608257
0.714250,1.488537
0.714750,-1.136604
0.715250,0.184955
0.715750,-1.903555
0.716250,-2.823272
0.716750,-3.183467
0.717250,-1.576557
0.717750,-0.563921
0.718250,0.425297
0.718750,-0.029605
0.719250,0.120383
0.719750,0.929314
0.720250,-0.561276
0.720750,0.236015
0.721250,-1.265279
0.721750,-1.803103
0.722250,-0.263006
0.722750,-0.342092
0.723250,-0.109718
0.723750,-0.717080
0.724250,0.350217
0.724750,-0.365354
0.725250,0.289231
0.725750,0.962222
0.726250,-0.231859
0.726750,-0.374424
0.727250,-0.331373
0.727750,-0.118023
0.728250,-1.906807
0.728750,0.783052
0.729250,-1.104981
0.729750,-2.011524
0.730250,-0.875610
0.730750,-1.181840
0.731250,0.522020
0.731750,-0.609679
0.732250,-2.770917
0.732750,-0.420167
0.733250,0.476067
0.733750,0.512162
0.734250,-1.349838
0.734750,-2.888868
0.735250,-1.415546
0.735750,-1.580048
0.736250,-1.715207
0.736750,-0.852258
0.737250,-1.107130
0.737750,-1.684225
0.738250,-3.570895
0.738750,-0.104517
0.739250,-0.810174
0.739750,-1.146299
0.740250,-1.859005
0.740750,-2.582379
0.741250,-0.234280
0.741750,-1.860487
0.742250,-0.682102
0.742750,-0.236211
0.743250,-0.261068
0.743750,-3.036417
0.744250,-1.408761
0.744750,-3.269282
0.745250,-3.329716
0.745750,-2.270038
0.746250,-2.553512
0.746750,-1.519778
0.747250,-1.472230
0.747750,-0.544873
0.748250,-2.550821
0.748750,-1.022934
0.749250,-2.322785
0.749750,-0.999282
0.750250,0.440608
0.750750,-1.496811
0.751250,-1.502101
0.751750,-3.234940
0.752250,-2.104193
0.752750,-1.239943
0.753250,-1.027299
0.753750,0.121007
0.754250,-0.968240
0.754750,-2.650249
0.755250,-3.594225
0.755750,-1.091471
0.756250,-0.383066
0.756750,-2.038778
0.757250,-2.132140
0.757750,-2.527690
0.758250,-2.479076
0.758750,-2.157894
0.759250,-3.816516
0.759750,-4.401489
0.760250,-1.849506
0.760750,-1.189153
0.761250,-1.996892
0.761750,-1.067778
0.762250,-3.576130
0.762750,-0.646355
0.763250,-2.354636
0.763750,-4.229974
0.764250,-2.032490
0.764750,-3.403050
0.765250,-3.738545
0.765750,-3.276476
0.766250,-2.234729
0.766750,-4.300131
0.767250,-3.856113
0.767750,-3.573173
0.768250,-4.180594
0.768750,-3.637916
0.769250,-1.653596
0.769750,-1.972523
0.770250,-1.982538
0.770750,-3.736199
0.771250,-1.825151
0.771750,-3.506260
0.772250,-1.203107
0.772750,-0.857635
0.773250,-3.777530
0.773750,-1.583268
0.774250,-1.809038
0.774750,-3.304924
0.775250,-1.563662
0.775750,-2.380480
0.776250,-3.925389
0.776750,-3.466679
0.777250,-1.765700
0.777750,-4.224306
0.778250,-3.417743
0.778750,-4.474141
0.779250,-4.600900
0.779750,-3.561496
0.780250,-4.123782
0.780750,-3.545093
0.781250,-2.389008
0.781750,-3.439850
0.782250,-3.803196
0.782750,-1.932583
0.783250,-1.230464
0.783750,-1.128979
0.784250,-0.659222
0.784750,-3.434193
0.785250,-1.453248
0.785750,-1.010919
0.786250,-1.643984
0.786750,-1.935562
0.787250,-3.940227
0.787750,-3.359216
0.788250,-1.510339
0.788750,-2.974337
0.789250,-3.046015
0.789750,-2.167319
0.790250,-3.429148
0.790750,-2.625145
0.791250,-0.731370
0.791750,-2.552807
0.792250,-5.420559
0.792750,-1.319852
0.793250,-3.259855
0.793750,-3.117258
0.794250,-4.324784
0.794750,-3.302060
0.795250,-1.784251
0.795750,-4.376809
0.796250,-2.503646
0.796750,-2.875928
0.797250,-1.999939
0.797750,0.060075
0.798250,-3.164626
0.798750,-2.802985
0.799250,-4.537558
0.799750,-4.274129
0.800250,-2.841328
0.800750,-2.253056
0.801250,-1.375994
0.801750,-0.381625
0.802250,-1.720481
0.802750,-2.114013
0.803250,-4.071570
0.803750,-2.869929
0.804250,-2.527046
0.804750,-1.448879
0.805250,-4.364176
0.805750,-0.833715
0.806250,-3.587863
0.806750,-1.626353
0.807250,-2.389763
0.807750,-1.574323
0.808250,-3.661826
0.808750,-0.953457
0.809250,-2.292074
0.809750,-1.328887
0.810250,-2.076918
0.810750,-3.139573
0.811250,-2.649426
0.811750,-1.585527
0.812250,-1.638092
0.812750,-1.587635
0.813250,-1.898183
0.813750,-3.895363
0.814250,-2.358467
0.814750,-2.127801
0.815250,-0.643134
0.815750,-1.127005
0.816250,-2.173437
0.816750,-0.222931
0.817250,-0.721556
0.817750,-0.222941
0.818250,-1.261183
0.818750,-0.449077
0.819250,-1.285463
0.819750,-2.071321
0.820250,-1.232519
0.820750,-1.367568
0.821250,0.850427
0.821750,-0.057999
0.822250,-0.731327
0.822750,-0.251493
0.823250,-0.372637
0.823750,-0.348942
0.824250,-1.253396
0.824750,-0.856086
0.825250,0.183794
0.825750,-2.916141
0.826250,-0.119192
0.826750,0.786458
0.827250,-2.208399
0.827750,0.363522
0.828250,-2.092828
0.828750,0.387618
0.829250,-0.700786
0.829750,-0.771827
0.830250,-0.023019
0.830750,-0.766511
0.831250,-0.886739
0.831750,-2.515133
0.832250,-1.558427
0.832750,-1.479560
0.833250,-0.063172
0.833750,-1.528375
0.834250,-0.144991
0.834750,0.271185
0.835250,-0.653506
0.835750,-0.557064
0.836250,-1.226359
0.836750,-2.275185
0.837250,-0.523836
0.837750,-2.067604
0.838250,-1.558654
0.838750,-2.496325
0.839250,-0.299831
0.839750,-1.216280
0.840250,-2.084352
0.840750,-0.238632
0.841250,-1.512095
0.841750,-0.872556
0.842250,-1.923680
0.842750,-2.000046
0.843250,-0.829967
0.843750,-0.938089
0.844250,-3.222357
0.844750,-2.299824
0.845250,-2.649197
0.845750,-3.111183
0.846250,-2.512455
0.846750,-0.926908
0.847250,-1.243938
0.847750,-2.617142
0.848250,-0.721599
0.848750,-0.765702
0.849250,-2.436964
0.849750,-1.025523
0.850250,-1.454281
0.850750,-0.791381
0.851250,-1.495608
0.851750,-2.624204
0.852250,0.079780
0.852750,-0.526627
0.853250,1.019203
0.853750,0.256585
0.854250,-1.581883
0.854750,0.109087
0.855250,0.024701
0.855750,-1.298923
0.856250,-0.461313
0.856750,0.552908
0.857250,0.720556
0.857750,-0.061535
0.858250,-1.534993
0.858750,-3.952059
0.859250,-2.277806
0.859750,-1.033617
0.860250,-2.358278
0.860750,-3.406431
0.861250,-1.242579
0.861750,0.599056
0.862250,-1.571544
0.862750,-2.535983
0.863250,-0.476736
0.863750,-1.405138
0.864250,-2.717411
0.864750,-0.027392
0.865250,-0.427308
0.865750,-1.521774
0.866250,-0.629242
0.866750,-2.156054
0.867250,-3.458186
0.867750,-1.798214
0.868250,-0.314960
0.868750,-2.782424
0.869250,-2.364953
0.869750,-4.473896
0.870250,-4.362115
0.870750,-2.099507
0.871250,-3.258201
0.871750,-0.400844
0.872250,-0.899636
0.872750,-0.604752
0.873250,-3.387170
0.873750,-2.251525
0.874250,-2.738717
0.874750,-5.004184
0.875250,-1.944499
0.875750,-2.409053
0.876250,0.092491
0.876750,-1.730958
0.877250,-2.246929
0.877750,-0.588752
0.878250,-0.127557
0.878750,-2.407845
0.879250,-0.950847
0.879750,-2.992995
0.880250,-1.774780
0.880750,-1.918413
0.881250,-2.588028
0.881750,-1.592274
0.882250,-1.894068
0.882750,-3.088805
0.883250,-1.463526
0.883750,-0.548660
0.884250,-0.006819
0.884750,0.050509
0.885250,-2.305648
0.885750,-1.644039
0.886250,0.522078
0.886750,-1.154148
0.887250,-2.367904
0.887750,-1.743791
0.888250,-1.342719
0.888750,-2.321133
0.889250,-1.661566
0.889750,-2.142355
0.890250,-2.383177
0.890750,-1.796080
0.891250,-0.885609
0.891750,-0.917419
0.892250,-2.300911
0.892750,-2.870538
0.893250,-3.742529
0.893750,-2.255803
0.894250,-1.620793
0.894750,-0.862334
0.895250,0.021426
0.895750,-1.401029
0.896250,-1.303490
0.896750,0.434323
0.897250,-2.574227
0.897750,-1.417310
0.898250,-3.858575
0.898750,-0.537473
0.899250,-0.537775
0.899750,-1.880641
0.900250,-2.816038
0.900750,0.306488
0.901250,-4.100592
0.901750,-2.580702
0.902250,-1.795078
0.902750,-0.892290
0.903250,-0.427542
0.903750,-1.685300
0.904250,-3.602889
0.904750,-1.936890
0.905250,-2.267133
0.905750,-0.863643
0.906250,-1.918582
0.906750,-0.987350
0.907250,-0.302996
0.907750,-1.942642
0.908250,-3.183639
0.908750,1.332945
0.909250,0.863207
0.909750,-0.930755
0.910250,-2.391900
0.910750,-1.966459
0.911250,-1.840941
0.911750,-1.788889
0.912250,-1.361684
0.912750,-0.019760
0.913250,-0.173754
0.913750,0.277503
0.914250,-0.273482
0.914750,0.736732
0.915250,0.093617
0.915750,0.685387
0.916250,-0.713362
0.916750,-0.732338
0.917250,0.839556
0.917750,0.329124
0.918250,2.606679
0.918750,0.647274
0.919250,-0.398173
0.919750,-0.495720
0.920250,1.348921
0.920750,1.142125
0.921250,-0.411958
0.921750,-0.259112
0.922250,1.012306
0.922750,0.504717
0.923250,0.867240
0.923750,0.953361
0.924250,-1.006584
0.924750,-2.305086
0.925250,-0.103080
0.925750,-0.823338
0.926250,-2.216290
0.926750,0.051657
0.927250,0.713021
0.927750,-1.957164
0.928250,0.575418
0.928750,-1.301283
0.929250,-0.318180
0.929750,-0.271834
0.930250,0.377129
0.930750,1.210459
0.931250,-0.601374
0.931750,-0.552402
0.932250,0.107342
0.932750,2.281581
0.933250,0.748542
0.933750,0.958895
0.934250,-0.077952
0.934750,-1.173341
0.935250,-1.774516
0.935750,-1.351544
0.936250,-0.734052
0.936750,1.251847
0.937250,-0.603547
0.937750,0.274077
0.938250,-0.229418
0.938750,-0.117235
0.939250,-0.850683
0.939750,-1.339642
0.940250,-2.686505
0.940750,-2.192272
0.941250,-0.136238
0.941750,-2.652168
0.942250,0.382007
0.942750,-2.145333
0.943250,1.422881
0.943750,-0.911711
0.944250,-0.740813
0.944750,-2.451171
0.945250,0.504124
0.945750,-0.864647
0.946250,0.749426
0.946750,-1.986903
0.947250,-0.496831
0.947750,-0.540235
0.948250,-0.099230
0.948750,-1.290187
0.949250,0.199370
0.949750,-2.098658
0.950250,0.632658
0.950750,-0.853965
0.951250,-0.812865
0.951750,-1.042220
0.952250,-1.860791
0.952750,-0.867617
0.953250,1.853688
0.953750,-0.942563
0.954250,-0.457861
0.954750,-0.904500
0.955250,-0.259992
0.955750,0.435109
0.956250,-2.567861
0.956750,-3.022969
0.957250,-2.204003
0.957750,-1.270048
0.958250,-0.612828
0.958750,-0.059964
0.959250,-0.192391
0.959750,-3.486314
0.960250,-2.431569
0.960750,-1.358489
0.961250,-1.950173
0.961750,-2.178154
0.962250,-1.667904
0.962750,2.172078
0.963250,-2.213106
0.963750,0.010245
0.964250,-0.236001
0.964750,-1.013722
0.965250,-2.067007
0.965750,-2.495526
0.966250,-0.945338
0.966750,-1.496271
0.967250,-2.519291
0.967750,-1.366503
0.968250,-3.027601
0.968750,-2.511798
0.969250,-0.982038
0.969750,-1.806922
0.970250,-2.739725
0.970750,-2.581080
0.971250,-3.354665
0.971750,-0.858443
0.972250,-3.474099
0.972750,-1.268797
0.973250,-1.427756
0.973750,-1.100715
0.974250,-4.036018
0.974750,-2.056537
0.975250,-4.615000
0.975750,-2.802380
0.976250,-1.426775
0.976750,-2.757863
0.977250,-1.929611
0.977750,-1.834586
0.978250,-3.398574
0.978750,-2.440752
0.979250,-3.736112
0.979750,-1.146940
0.980250,-1.435289
0.980750,-1.812656
0.981250,-1.453755
0.981750,-0.840059
0.982250,-0.829660
0.982750,-3.972935
0.983250,-1.724332
0.983750,-1.304170
0.984250,-2.831901
0.984750,0.395324
0.985250,0.058704
0.985750,-1.645430
0.986250,-0.546450
0.986750,-0.390236
0.987250,-3.452539
0.987750,-0.522861
0.988250,-1.228225
0.988750,-3.333397
0.989250,-1.347040
0.989750,-1.531838
0.990250,-0.164415
0.990750,2.080072
0.991250,0.602991
0.991750,-1.495638
0.992250,-0.684263
0.992750,-2.000432
0.993250,-2.770593
0.993750,-1.365047
0.994250,-1.872474
0.994750,-1.228305
0.995250,-1.177744
0.995750,1.007215
0.996250,-2.089162
0.996750,-0.921477
0.997250,-2.069522
0.997750,0.142603
0.998250,-1.091833
0.998750,-1.948013
0.999250,-2.201585
0.999750,-1.215795
