0.000250,0.033409
0.000750,0.155454
0.001250,0.242677
0.001750,-0.203089
0.002250,-0.361408
0.002750,-0.151126
0.003250,-0.151700
0.003750,0.115973
0.004250,0.543047
0.004750,0.238257
0.005250,0.668447
0.005750,-0.039275
0.006250,-0.424297
0.006750,-0.221644
0.007250,0.055461
0.007750,0.245019
0.008250,-0.018848
0.008750,0.239609
0.009250,0.380528
0.009750,-0.017258
0.010250,-0.383484
0.010750,-0.222016
0.011250,0.559715
0.011750,-0.029725
0.012250,-0.089916
0.012750,-0.059464
0.013250,0.125087
0.013750,1.318068
0.014250,0.123947
0.014750,1.232648
0.015250,1.106978
0.015750,1.088686
0.016250,0.526355
0.016750,0.637862
0.017250,1.405317
0.017750,1.059561
0.018250,0.436269
0.018750,1.072292
0.019250,1.633134
0.019750,1.661922
0.020250,1.906287
0.020750,1.370866
0.021250,0.840650
0.021750,0.196944
0.022250,0.552869
0.022750,0.739672
0.023250,1.037087
0.023750,-0.574038
0.024250,0.057903
0.024750,0.816724
0.025250,1.152474
0.025750,0.680476
0.026250,-0.774333
0.026750,2.728798
0.027250,0.056360
0.027750,1.383289
0.028250,1.132668
0.028750,1.257934
0.029250,1.920517
0.029750,0.894329
0.030250,0.407854
0.030750,1.154950
0.031250,0.984314
0.031750,1.806108
0.032250,0.766124
0.032750,0.902896
0.033250,0.787928
0.033750,1.165049
0.034250,1.028369
0.034750,1.504835
0.035250,2.130190
0.035750,1.647953
0.036250,0.100780
0.036750,1.607663
0.037250,0.447936
0.037750,0.603250
0.038250,1.268836
0.038750,1.114527
0.039250,2.247335
0.039750,0.825332
0.040250,0.495875
0.040750,1.091081
0.041250,0.183927
0.041750,0.364215
0.042250,1.505822
0.042750,0.690273
0.043250,0.999959
0.043750,0.178294
0.044250,0.042239
0.044750,2.488617
0.045250,0.760681
0.045750,1.991574
0.046250,0.693826
0.046750,-0.030781
0.047250,1.695179
0.047750,-0.180218
0.048250,0.541598
0.048750,0.695936
0.049250,0.014593
0.049750,1.046122
0.050250,0.860314
0.050750,1.636061
0.051250,-0.242415
0.051750,1.361545
0.052250,-0.505451
0.052750,1.065668
0.053250,1.268264
0.053750,-0.428067
0.054250,0.502542
0.054750,1.172155
0.055250,0.925488
0.055750,1.546609
0.056250,1.095759
0.056750,2.839648
0.057250,0.936190
0.057750,2.611515
0.058250,0.898320
0.058750,2.050591
0.059250,2.579199
0.059750,2.144027
0.060250,0.600885
0.060750,1.970652
0.061250,0.810773
0.061750,0.374402
0.062250,0.545991
0.062750,3.066551
0.063250,0.825147
0.063750,1.891111
0.064250,2.365076
0.064750,2.663300
0.065250,1.410430
0.065750,-0.717463
0.066250,1.856985
0.066750,2.918070
0.067250,2.274862
0.067750,1.942717
0.068250,1.318568
0.068750,1.688952
0.069250,0.588501
0.069750,1.119012
0.070250,-0.757946
0.070750,1.673391
0.071250,-0.511223
0.071750,0.611945
0.072250,0.099587
0.072750,1.396148
0.073250,-2.488766
0.073750,1.158262
0.074250,0.211674
0.074750,-0.462062
0.075250,1.760808
0.075750,1.789525
0.076250,-0.767874
0.076750,1.590497
0.077250,2.055993
0.077750,2.349871
0.078250,0.904298
0.078750,1.887927
0.079250,0.642143
0.079750,2.381512
0.080250,0.949017
0.080750,0.843615
0.081250,-0.223960
0.081750,0.438226
0.082250,-0.353737
0.082750,0.979549
0.083250,1.529963
0.083750,1.650493
0.084250,4.367482
0.084750,0.260841
0.085250,0.961001
0.085750,2.204662
0.086250,0.991566
0.086750,0.766231
0.087250,1.778981
0.087750,0.740412
0.088250,0.902282
0.088750,1.815020
0.089250,2.033699
0.089750,3.647066
0.090250,-0.686654
0.090750,0.372795
0.091250,0.121149
0.091750,2.942519
0.092250,2.012555
0.092750,1.083819
0.093250,-0.546430
0.093750,1.549855
0.094250,1.458738
0.094750,0.531244
0.095250,0.520235
0.095750,1.626016
0.096250,2.718944
0.096750,-0.689392
0.097250,-0.120095
0.097750,2.345525
0.098250,1.883378
0.098750,-0.071090
0.099250,0.136000
0.099750,1.274494
0.100250,-2.316072
0.100750,-1.579108
0.101250,0.752584
0.101750,-1.222819
0.102250,-0.780759
0.102750,1.238634
0.103250,-1.951250
0.103750,-1.454420
0.104250,-0.547932
0.104750,-0.297409
0.105250,-0.824335
0.105750,1.022303
0.106250,1.323070
0.106750,-0.631782
0.107250,0.525667
0.107750,0.545272
0.108250,-0.442424
0.108750,1.106344
0.109250,0.789153
0.109750,0.232271
0.110250,0.929421
0.110750,1.525246
0.111250,1.603053
0.111750,-1.693140
0.112250,0.499448
0.112750,-1.301717
0.113250,-1.561013
0.113750,0.533405
0.114250,0.107427
0.114750,0.411559
0.115250,1.772147
0.115750,-0.832537
0.116250,0.082677
0.116750,-1.765565
0.117250,0.753063
0.117750,-0.299418
0.118250,0.880507
0.118750,0.440593
0.119250,-1.494034
0.119750,1.795019
0.120250,2.054778
0.120750,0.193676
0.121250,1.240278
0.121750,0.125572
0.122250,1.016938
0.122750,0.296122
0.123250,-0.937673
0.123750,-0.401810
0.124250,3.523662
0.124750,3.092622
0.125250,1.269094
0.125750,0.965375
0.126250,0.215364
0.126750,-0.016478
0.127250,0.148840
0.127750,-0.886860
0.128250,0.012673
0.128750,-1.474393
0.129250,-0.458147
0.129750,1.919372
0.130250,-0.334311
0.130750,0.159256
0.131250,-0.814225
0.131750,-0.754432
0.132250,0.794179
0.132750,0.713552
0.133250,3.569180
0.133750,-1.297352
0.134250,4.029456
0.134750,0.306767
0.135250,-0.990969
0.135750,-0.952535
0.136250,-2.448646
0.136750,-0.095261
0.137250,-0.261932
0.137750,-0.765025
0.138250,0.043570
0.138750,-1.760207
0.139250,-0.185716
0.139750,-0.126258
0.140250,-3.000093
0.140750,-0.325425
0.141250,-0.330317
0.141750,-0.081857
0.142250,-3.399155
0.142750,-0.770485
0.143250,0.793702
0.143750,0.305730
0.144250,0.018692
0.144750,-1.350850
0.145250,-0.662849
0.145750,-1.834913
0.146250,-2.319244
0.146750,-0.569755
0.147250,1.127214
0.147750,0.561956
0.148250,-0.789674
0.148750,1.656389
0.149250,0.243364
0.149750,-1.784391
0.150250,-0.824926
0.150750,2.618667
0.151250,2.049604
0.151750,-0.406248
0.152250,-0.770366
0.152750,-0.712818
0.153250,-0.443495
0.153750,-2.809865
0.154250,0.101247
0.154750,-1.179874
0.155250,-1.653380
0.155750,-1.861351
0.156250,-1.070202
0.156750,-0.834427
0.157250,0.261363
0.157750,-0.580812
0.158250,0.724498
0.158750,-1.306997
0.159250,0.563058
0.159750,0.844934
0.160250,-0.642694
0.160750,-1.781985
0.161250,-1.390241
0.161750,-1.278951
0.162250,0.493057
0.162750,0.034177
0.163250,-0.061237
0.163750,-2.627759
0.164250,-0.650774
0.164750,0.977469
0.165250,-1.436998
0.165750,-1.538488
0.166250,-1.653356
0.166750,0.390898
0.167250,-1.560605
0.167750,0.445543
0.168250,0.603388
0.168750,-0.424099
0.169250,1.516483
0.169750,0.097764
0.170250,-1.281346
0.170750,1.081131
0.171250,0.945226
0.171750,0.469385
0.172250,0.838350
0.172750,-1.499583
0.173250,0.707633
0.173750,0.569793
0.174250,-1.442199
0.174750,-1.199295
0.175250,-1.518473
0.175750,-1.972895
0.176250,-1.521460
0.176750,-0.029303
0.177250,0.228993
0.177750,-0.966244
0.178250,0.664462
0.178750,-2.420729
0.179250,-1.706113
0.179750,-0.457997
0.180250,-0.106864
0.180750,0.834318
0.181250,1.017253
0.181750,1.705646
0.182250,-1.261116
0.182750,-1.019566
0.183250,-3.294233
0.183750,1.487959
0.184250,-0.054406
0.184750,0.264244
0.185250,-1.001406
0.185750,-1.947284
0.186250,-2.594339
0.186750,0.565463
0.187250,-0.879996
0.187750,-0.426476
0.188250,-0.638357
0.188750,0.387272
0.189250,-2.641346
0.189750,-0.531326
0.190250,-1.486619
0.190750,-3.796445
0.191250,2.080552
0.191750,-1.515085
0.192250,0.668891
0.192750,-1.732147
0.193250,-0.764687
0.193750,-1.449828
0.194250,-0.795357
0.194750,-1.103359
0.195250,-3.800312
0.195750,-1.187345
0.196250,-0.655421
0.196750,-0.551208
0.197250,2.189686
0.197750,-2.639426
0.198250,-2.314180
0.198750,-0.411385
0.199250,0.597174
0.199750,-1.471028
0.200250,2.182354
0.200750,-3.948426
0.201250,-2.050552
0.201750,-0.089072
0.202250,-2.787293
0.202750,-0.453186
0.203250,-2.383024
0.203750,-0.672488
0.204250,-1.510618
0.204750,-0.126693
0.205250,0.703305
0.205750,-2.722417
0.206250,-1.613156
0.206750,0.680618
0.207250,-0.890707
0.207750,-0.352607
0.208250,-0.366472
0.208750,-0.078099
0.209250,1.048997
0.209750,0.446207
0.210250,-2.939602
0.210750,-1.250756
0.211250,0.949673
0.211750,0.634962
0.212250,1.082539
0.212750,-0.156155
0.213250,0.311524
0.213750,0.126479
0.214250,-2.287588
0.214750,0.298551
0.215250,0.479829
0.215750,0.756607
0.216250,0.701620
0.216750,3.184956
0.217250,-2.979107
0.217750,0.977023
0.218250,-1.793621
0.218750,2.251302
0.219250,1.034739
0.219750,-1.532942
0.220250,2.791592
0.220750,0.389997
0.221250,-2.539051
0.221750,-3.005933
0.222250,2.637466
0.222750,0.824961
0.223250,-0.523702
0.223750,0.844468
0.224250,0.224563
0.224750,1.627899
0.225250,2.032732
0.225750,-1.603621
0.226250,0.766507
0.226750,2.074231
0.227250,0.995707
0.227750,-0.703830
0.228250,0.391968
0.228750,-0.217387
0.229250,-1.901800
0.229750,4.199467
0.230250,-0.962045
0.230750,1.604347
0.231250,1.346652
0.231750,1.545817
0.232250,1.692405
0.232750,-1.048955
0.233250,1.238504
0.233750,0.554800
0.234250,1.121921
0.234750,-1.923348
0.235250,0.126455
0.235750,-1.234893
0.236250,-1.513624
0.236750,0.961052
0.237250,1.695290
0.237750,-0.027117
0.238250,-1.257348
0.238750,2.436956
0.239250,-1.721071
0.239750,-1.107462
0.240250,-2.633784
0.240750,0.152356
0.241250,0.061941
0.241750,-1.332084
0.242250,-1.249156
0.242750,-2.351897
0.243250,0.450320
0.243750,0.464658
0.244250,-6.038541
0.244750,-4.257051
0.245250,-2.950175
0.245750,1.213750
0.246250,-0.767018
0.246750,-0.858181
0.247250,2.348354
0.247750,-3.759756
0.248250,-0.238557
0.248750,-0.805466
0.249250,-0.437707
0.249750,-0.039162
0.250250,2.699547
0.250750,-2.612454
0.251250,-1.058362
0.251750,4.211014
0.252250,1.328173
0.252750,-0.481492
0.253250,-4.167822
0.253750,-1.116503
0.254250,-1.625979
0.254750,0.724565
0.255250,0.727788
0.255750,-2.656054
0.256250,-0.676183
0.256750,2.485298
0.257250,-1.388288
0.257750,-1.950410
0.258250,2.461532
0.258750,-1.964159
0.259250,3.048029
0.259750,1.354958
0.260250,1.358596
0.260750,-0.639219
0.261250,0.590963
0.261750,-0.687584
0.262250,1.607371
0.262750,0.453283
0.263250,0.185520
0.263750,0.527598
0.264250,0.416547
0.264750,3.622146
0.265250,-0.756938
0.265750,0.267434
0.266250,0.744693
0.266750,-3.353187
0.267250,0.242550
0.267750,2.182293
0.268250,2.038597
0.268750,-0.374144
0.269250,-3.349351
0.269750,-0.147430
0.270250,-0.723080
0.270750,0.760557
0.271250,1.098213
0.271750,5.207095
0.272250,-1.355272
0.272750,-0.027553
0.273250,1.840027
0.273750,4.103175
0.274250,4.186420
0.274750,0.113704
0.275250,3.178647
0.275750,0.327069
0.276250,-0.521112
0.276750,2.911502
0.277250,-1.802740
0.277750,1.604081
0.278250,-1.337744
0.278750,2.261594
0.279250,0.926362
0.279750,-1.031319
0.280250,-2.787122
0.280750,1.980516
0.281250,-2.427844
0.281750,0.904139
0.282250,3.762975
0.282750,2.601847
0.283250,-0.683456
0.283750,-0.697268
0.284250,3.354021
0.284750,0.980172
0.285250,3.913624
0.285750,0.468543
0.286250,1.686876
0.286750,-0.450199
0.287250,0.991193
0.287750,-1.035556
0.288250,-1.051808
0.288750,-1.108229
0.289250,1.960984
0.289750,3.411196
0.290250,-2.168131
0.290750,-4.193763
0.291250,2.380368
0.291750,2.290783
0.292250,-2.644080
0.292750,-0.553324
0.293250,1.656048
0.293750,-1.125641
0.294250,1.745809
0.294750,1.054270
0.295250,1.843672
0.295750,-4.253553
0.296250,-0.636790
0.296750,0.188760
0.297250,-0.803217
0.297750,-1.634103
0.298250,2.466669
0.298750,2.100876
0.299250,1.272348
0.299750,-1.503965
0.300250,0.315918
0.300750,0.203490
0.301250,1.067801
0.301750,2.787967
0.302250,-1.013415
0.302750,-1.977312
0.303250,-0.559874
0.303750,-1.477387
0.304250,1.873868
0.304750,0.572847
0.305250,-3.545421
0.305750,-0.473400
0.306250,-2.505591
0.306750,-0.907725
0.307250,-1.907428
0.307750,0.671488
0.308250,-2.282641
0.308750,-0.512427
0.309250,-1.757378
0.309750,3.813738
0.310250,-3.314623
0.310750,-1.275050
0.311250,-2.161089
0.311750,0.103549
0.312250,2.073955
0.312750,-1.179410
0.313250,-2.794999
0.313750,-2.536367
0.314250,1.909382
0.314750,1.775619
0.315250,1.043139
0.315750,-0.302562
0.316250,1.955106
0.316750,1.228365
0.317250,-1.448194
0.317750,2.951409
0.318250,-4.892237
0.318750,-1.953748
0.319250,1.078101
0.319750,-4.817820
0.320250,1.328537
0.320750,1.595322
0.321250,-0.678086
0.321750,-2.243942
0.322250,1.196185
0.322750,-0.656169
0.323250,-1.887895
0.323750,2.581455
0.324250,0.204921
0.324750,0.711558
0.325250,1.148669
0.325750,3.014472
0.326250,3.657937
0.326750,2.979555
0.327250,2.874060
0.327750,0.981427
0.328250,0.921795
0.328750,1.638058
0.329250,1.798753
0.329750,-1.790884
0.330250,0.925069
0.330750,-0.301426
0.331250,1.311424
0.331750,-1.273716
0.332250,0.188725
0.332750,-2.814299
0.333250,-0.010764
0.333750,0.837187
0.334250,-4.002647
0.334750,-1.101201
0.335250,-0.809582
0.335750,0.288878
0.336250,2.287086
0.336750,-2.079692
0.337250,0.374619
0.337750,3.532843
0.338250,0.397008
0.338750,1.679369
0.339250,1.178289
0.339750,0.992032
0.340250,0.447823
0.340750,1.713995
0.341250,1.955566
0.341750,-2.370854
0.342250,2.318230
0.342750,-1.459413
0.343250,2.344903
0.343750,4.327996
0.344250,0.672382
0.344750,4.004222
0.345250,1.146905
0.345750,-0.491184
0.346250,-1.286694
0.346750,1.014931
0.347250,0.534528
0.347750,-1.530707
0.348250,3.069055
0.348750,1.449467
0.349250,0.603944
0.349750,-3.648435
0.350250,4.956015
0.350750,1.909885
0.351250,2.684035
0.351750,0.946515
0.352250,0.635363
0.352750,1.595497
0.353250,2.245276
0.353750,1.904183
0.354250,-0.198923
0.354750,4.987094
0.355250,0.815551
0.355750,3.248740
0.356250,5.343495
0.356750,3.120356
0.357250,-0.504016
0.357750,-0.710420
0.358250,3.835426
0.358750,2.999117
0.359250,6.263528
0.359750,0.687999
0.360250,-0.924359
0.360750,-0.465890
0.361250,0.322519
0.361750,1.839747
0.362250,1.521869
0.362750,1.124884
0.363250,-0.019186
0.363750,3.121862
0.364250,-4.054254
0.364750,-0.311858
0.365250,3.953741
0.365750,4.074867
0.366250,1.199338
0.366750,3.651416
0.367250,-1.080217
0.367750,3.132461
0.368250,3.307022
0.368750,-0.383799
0.369250,-1.393171
0.369750,0.304229
0.370250,3.374168
0.370750,0.180486
0.371250,3.314082
0.371750,2.512171
0.372250,2.684972
0.372750,-1.530994
0.373250,2.384908
0.373750,-1.797440
0.374250,-2.886925
0.374750,1.383467
0.375250,1.885888
0.375750,2.352404
0.376250,2.418751
0.376750,1.560914
0.377250,0.631177
0.377750,-1.199569
0.378250,2.079063
0.378750,1.043999
0.379250,-3.794987
0.379750,1.779856
0.380250,-0.054947
0.380750,4.804577
0.381250,3.110118
0.381750,-1.331513
0.382250,0.714655
0.382750,0.442863
0.383250,-2.894055
0.383750,-0.164918
0.384250,-0.613125
0.384750,3.738133
0.385250,-0.585923
0.385750,5.567579
0.386250,-0.016298
0.386750,2.043770
0.387250,0.298704
0.387750,1.657187
0.388250,-1.232208
0.388750,1.100774
0.389250,2.152739
0.389750,-0.701709
0.390250,2.765022
0.390750,6.180751
0.391250,-0.875414
0.391750,0.781314
0.392250,3.162534
0.392750,0.036270
0.393250,-0.504612
0.393750,1.300446
0.394250,2.931576
0.394750,3.073741
0.395250,2.157113
0.395750,1.490486
0.396250,1.521854
0.396750,0.646638
0.397250,4.436731
0.397750,-1.996407
0.398250,6.666069
0.398750,-0.936899
0.399250,2.887019
0.399750,4.257726
0.400250,2.646024
0.400750,5.205656
0.401250,2.974497
0.401750,0.773482
0.402250,1.447330
0.402750,-2.474895
0.403250,-0.394480
0.403750,1.152026
0.404250,4.268719
0.404750,4.831590
0.405250,1.636965
0.405750,-1.406628
0.406250,3.906268
0.406750,2.683373
0.407250,3.422841
0.407750,2.197373
0.408250,2.250695
0.408750,4.811624
0.409250,2.324838
0.409750,2.334156
0.410250,1.456547
0.410750,0.271686
0.411250,2.707454
0.411750,-0.006262
0.412250,-1.162498
0.412750,4.048592
0.413250,-3.836888
0.413750,-0.067355
0.414250,1.323751
0.414750,8.525158
0.415250,2.687278
0.415750,3.347918
0.416250,4.569554
0.416750,8.365428
0.417250,0.052019
0.417750,-0.898156
0.418250,2.826851
0.418750,-3.074427
0.419250,2.206161
0.419750,-2.011109
0.420250,1.192829
0.420750,1.704012
0.421250,1.462338
0.421750,2.614618
0.422250,4.029533
0.422750,-2.867292
0.423250,-3.171861
0.423750,1.309840
0.424250,1.942679
0.424750,3.477922
0.425250,-1.993813
0.425750,0.577628
0.426250,0.894089
0.426750,0.976913
0.427250,0.671359
0.427750,-1.244674
0.428250,1.700029
0.428750,3.017069
0.429250,3.662486
0.429750,0.333948
0.430250,1.132192
0.430750,-0.112184
0.431250,-1.016590
0.431750,-1.914043
0.432250,1.200001
0.432750,-0.176741
0.433250,2.037222
0.433750,2.296668
0.434250,-0.817665
0.434750,4.548028
0.435250,2.299915
0.435750,-0.256779
0.436250,-1.134294
0.436750,5.039561
0.437250,1.977749
0.437750,-2.182802
0.438250,1.233696
0.438750,2.879617
0.439250,1.097180
0.439750,-0.826581
0.440250,0.879441
0.440750,-3.204615
0.441250,4.760166
0.441750,-0.158428
0.442250,0.115831
0.442750,1.276681
0.443250,-1.613369
0.443750,-0.537679
0.444250,3.038560
0.444750,2.403457
0.445250,2.028118
0.445750,-1.719607
0.446250,3.744176
0.446750,-0.576565
0.447250,4.171953
0.447750,1.266647
0.448250,1.903102
0.448750,2.870704
0.449250,1.008189
0.449750,1.936242
0.450250,4.064165
0.450750,5.601763
0.451250,0.868502
0.451750,0.562938
0.452250,8.179127
0.452750,3.718710
0.453250,2.681785
0.453750,0.878744
0.454250,0.531643
0.454750,3.480786
0.455250,4.436690
0.455750,8.000350
0.456250,1.837380
0.456750,-1.961094
0.457250,-0.841111
0.457750,2.669997
0.458250,-2.337330
0.458750,1.110065
0.459250,-2.850853
0.459750,3.338076
0.460250,1.221555
0.460750,0.050635
0.461250,3.377850
0.461750,1.096525
0.462250,-2.557710
0.462750,1.711618
0.463250,-0.095915
0.463750,4.765240
0.464250,0.601395
0.464750,1.137726
0.465250,8.390332
0.465750,5.166391
0.466250,5.324541
0.466750,0.089445
0.467250,4.697633
0.467750,2.041103
0.468250,7.390710
0.468750,3.232173
0.469250,3.071757
0.469750,6.019126
0.470250,5.187015
0.470750,-0.446076
0.471250,0.798047
0.471750,0.897809
0.472250,-0.117923
0.472750,2.338106
0.473250,2.622372
0.473750,4.651486
0.474250,5.981397
0.474750,-1.512405
0.475250,3.866601
0.475750,5.300365
0.476250,-2.436627
0.476750,3.959866
0.477250,6.952783
0.477750,-0.317020
0.478250,1.312179
0.478750,2.388734
0.479250,0.129895
0.479750,1.998299
0.480250,0.488852
0.480750,3.733142
0.481250,3.754861
0.481750,2.388504
0.482250,8.094722
0.482750,2.635774
0.483250,-3.909129
0.483750,1.944452
0.484250,2.838145
0.484750,3.022307
0.485250,3.007454
0.485750,1.409393
0.486250,5.152910
0.486750,3.264312
0.487250,-0.942589
0.487750,4.169126
0.488250,-1.590014
0.488750,0.810935
0.489250,-2.358086
0.489750,0.398965
0.490250,-1.731605
0.490750,0.338302
0.491250,1.321188
0.491750,1.880868
0.492250,4.227292
0.492750,2.226520
0.493250,-0.415847
0.493750,2.990719
0.494250,4.791757
0.494750,5.452284
0.495250,0.384546
0.495750,0.094010
0.496250,8.739103
0.496750,1.644541
0.497250,-0.504310
0.497750,3.918454
0.498250,7.938628
0.498750,0.717470
0.499250,-0.906556
0.499750,1.081480
0.500250,-2.190699
0.500750,3.397642
0.501250,3.552002
0.501750,-0.394904
0.502250,4.195693
0.502750,0.169798
0.503250,1.822749
0.503750,-1.559516
0.504250,4.998679
0.504750,0.287771
0.505250,-0.983377
0.505750,5.446698
0.506250,0.089792
0.506750,1.165765
0.507250,1.635094
0.507750,-1.155565
0.508250,-0.109372
0.508750,0.979317
0.509250,3.365143
0.509750,2.707000
0.510250,-0.906060
0.510750,3.219948
0.511250,-0.600668
0.511750,-0.705981
0.512250,3.249684
0.512750,-0.333772
0.513250,-1.144416
0.513750,1.096100
0.514250,0.180622
0.514750,0.935072
0.515250,3.090607
0.515750,1.248419
0.516250,5.221432
0.516750,-0.400524
0.517250,-1.554783
0.517750,1.101795
0.518250,2.133981
0.518750,-0.198729
0.519250,-2.097498
0.519750,0.576938
0.520250,4.238461
0.520750,1.717852
0.521250,2.401146
0.521750,3.359159
0.522250,2.582344
0.522750,-2.429432
0.523250,4.065488
0.523750,3.289826
0.524250,-0.706985
0.524750,1.541301
0.525250,-1.969664
0.525750,3.494925
0.526250,-0.933175
0.526750,-3.135934
0.527250,2.898392
0.527750,2.091638
0.528250,1.227061
0.528750,2.009302
0.529250,2.091950
0.529750,1.289838
0.530250,2.845211
0.530750,2.739153
0.531250,0.835232
0.531750,2.497583
0.532250,-3.551339
0.532750,2.197040
0.533250,1.143786
0.533750,1.246339
0.534250,-0.773548
0.534750,0.639000
0.535250,2.883422
0.535750,5.476823
0.536250,-1.314891
0.536750,-1.469147
0.537250,4.800390
0.537750,4.181245
0.538250,5.288821
0.538750,2.133927
0.539250,1.733863
0.539750,-0.295248
0.540250,3.851041
0.540750,-0.896774
0.541250,-0.350525
0.541750,6.327897
0.542250,-0.527348
0.542750,-2.733108
0.543250,0.851850
0.543750,-1.418361
0.544250,1.976604
0.544750,-0.848754
0.545250,-2.490320
0.545750,2.533745
0.546250,-0.352257
0.546750,5.131472
0.547250,-1.029905
0.547750,2.436642
0.548250,2.129560
0.548750,5.141610
0.549250,0.270028
0.549750,6.134079
0.550250,-2.344356
0.550750,-2.242627
0.551250,1.549776
0.551750,-1.910008
0.552250,3.367735
0.552750,1.393489
0.553250,1.276348
0.553750,-0.955595
0.554250,0.887613
0.554750,5.191123
0.555250,-0.659645
0.555750,2.023955
0.556250,-2.784259
0.556750,-2.547859
0.557250,0.766783
0.557750,4.349728
0.558250,0.144701
0.558750,-5.500412
0.559250,3.875508
0.559750,0.010065
0.560250,4.311497
0.560750,3.451597
0.561250,-0.015806
0.561750,2.934068
0.562250,-3.170143
0.562750,1.214670
0.563250,2.080003
0.563750,3.982521
0.564250,-0.156845
0.564750,2.379567
0.565250,0.872515
0.565750,-2.576132
0.566250,1.530074
0.566750,4.103298
0.567250,3.417211
0.567750,2.472422
0.568250,-2.930988
0.568750,2.969398
0.569250,0.015720
0.569750,1.372931
0.570250,4.154108
0.570750,-0.135861
0.571250,-1.540333
0.571750,4.346672
0.572250,-0.328321
0.572750,2.354951
0.573250,-5.523214
0.573750,-2.723931
0.574250,1.517907
0.574750,0.091873
0.575250,-2.667606
0.575750,1.779049
0.576250,0.492420
0.576750,0.713168
0.577250,5.862272
0.577750,1.027352
0.578250,-1.902360
0.578750,-1.218072
0.579250,0.563971
0.579750,-0.690253
0.580250,-0.293913
0.580750,-0.470018
0.581250,0.647148
0.581750,4.071515
0.582250,2.987497
0.582750,-0.014803
0.583250,0.106037
0.583750,-1.815647
0.584250,1.770173
0.584750,-0.665578
0.585250,1.702105
0.585750,-4.265965
0.586250,-1.273622
0.586750,1.063166
0.587250,0.461017
0.587750,-0.346800
0.588250,-2.818212
0.588750,-6.122230
0.589250,-0.870323
0.589750,-0.357186
0.590250,-1.423463
0.590750,2.856569
0.591250,-2.653802
0.591750,0.139817
0.592250,0.594404
0.592750,-0.952940
0.593250,1.124983
0.593750,-3.819080
0.594250,-1.689722
0.594750,3.949215
0.595250,-0.656942
0.595750,1.892740
0.596250,4.390365
0.596750,4.174138
0.597250,-1.640706
0.597750,-4.734638
0.598250,-0.618841
0.598750,3.500987
0.599250,1.787983
0.599750,-2.528395
0.600250,0.137467
0.600750,0.574916
0.601250,0.445092
0.601750,-2.374241
0.602250,0.900057
0.602750,-0.998589
0.603250,-4.953876
0.603750,2.445453
0.604250,-5.845698
0.604750,0.588447
0.605250,-1.697006
0.605750,3.889172
0.606250,1.207418
0.606750,1.180515
0.607250,-1.830781
0.607750,-9.726185
0.608250,0.522397
0.608750,3.191130
0.609250,-1.523883
0.609750,1.270750
0.610250,-2.635077
0.610750,-0.127560
0.611250,-1.629111
0.611750,1.195914
0.612250,-3.507074
0.612750,0.272147
0.613250,-6.648040
0.613750,4.862473
0.614250,-2.264586
0.614750,0.316430
0.615250,-1.115189
0.615750,-3.088290
0.616250,-1.842643
0.616750,-0.926656
0.617250,-3.334882
0.617750,-2.609290
0.618250,-3.714120
0.618750,-1.727282
0.619250,-0.641312
0.619750,1.157532
0.620250,-6.456483
0.620750,-3.457086
0.621250,-2.258590
0.621750,1.285990
0.622250,0.080750
0.622750,-4.781790
0.623250,0.768168
0.623750,0.933001
0.624250,0.879675
0.624750,-3.191319
0.625250,5.276161
0.625750,6.725624
0.626250,0.785326
0.626750,-0.767701
0.627250,1.026411
0.627750,0.870162
0.628250,1.858642
0.628750,-0.550696
0.629250,3.616534
0.629750,6.033858
0.630250,5.107383
0.630750,-0.845274
0.631250,-3.196232
0.631750,-3.279183
0.632250,2.120042
0.632750,3.108004
0.633250,4.294102
0.633750,-0.332721
0.634250,-1.441459
0.634750,0.687754
0.635250,3.716483
0.635750,-0.934019
0.636250,1.726116
0.636750,4.150133
0.637250,4.786929
0.637750,-1.290083
0.638250,-2.006469
0.638750,-2.900970
0.639250,6.482795
0.639750,4.058615
0.640250,0.639761
0.640750,1.981371
0.641250,1.045714
0.641750,2.294823
0.642250,3.343715
0.642750,-2.208598
0.643250,3.793975
0.643750,4.314087
0.644250,-3.884975
0.644750,-4.708266
0.645250,0.351147
0.645750,-0.831462
0.646250,2.285321
0.646750,1.262696
0.647250,4.144593
0.647750,1.040272
0.648250,-2.280384
0.648750,0.694731
0.649250,0.476393
0.649750,4.076315
0.650250,-1.641051
0.650750,2.744935
0.651250,-5.362773
0.651750,-1.334843
0.652250,2.825696
0.652750,-5.217586
0.653250,1.890377
0.653750,-1.060665
0.654250,-3.254281
0.654750,2.630274
0.655250,-4.991208
0.655750,6.474324
0.656250,-0.728545
0.656750,-1.504182
0.657250,-1.622765
0.657750,3.326033
0.658250,-1.213935
0.658750,0.796440
0.659250,-2.862363
0.659750,-3.804527
0.660250,-0.864057
0.660750,-1.821909
0.661250,2.424812
0.661750,-7.105392
0.662250,0.796074
0.662750,-0.983561
0.663250,1.074183
0.663750,1.260754
0.664250,-2.203307
0.664750,-8.817405
0.665250,-0.965252
0.665750,-5.731454
0.666250,-2.210957
0.666750,2.213019
0.667250,8.132333
0.667750,2.617759
0.668250,-0.136622
0.668750,-4.062764
0.669250,1.698835
0.669750,4.881602
0.670250,-4.965085
0.670750,3.238415
0.671250,5.199819
0.671750,-0.868945
0.672250,-2.979014
0.672750,-6.460395
0.673250,0.380894
0.673750,-5.162918
0.674250,-5.935854
0.674750,-0.645797
0.675250,-7.670312
0.675750,3.585586
0.676250,-3.471997
0.676750,6.563249
0.677250,1.114895
0.677750,0.649029
0.678250,-2.894484
0.678750,-3.791258
0.679250,0.608056
0.679750,-7.640134
0.680250,-2.685497
0.680750,-2.148196
0.681250,4.434746
0.681750,-3.477515
0.682250,2.513196
0.682750,-2.184485
0.683250,-1.576527
0.683750,-1.455506
0.684250,-0.193868
0.684750,-2.188085
0.685250,-2.196927
0.685750,5.195649
0.686250,1.980998
0.686750,5.368236
0.687250,2.995777
0.687750,-5.641024
0.688250,-2.638311
0.688750,-3.643621
0.689250,-4.012485
0.689750,-3.244530
0.690250,2.395019
0.690750,0.750207
0.691250,-3.617614
0.691750,-3.758498
0.692250,-2.994588
0.692750,-0.495438
0.693250,-1.289193
0.693750,0.491562
0.694250,0.379194
0.694750,-1.876953
0.695250,-5.552964
0.695750,-5.515232
0.696250,-3.454735
0.696750,1.782256
0.697250,-3.282907
0.697750,-5.123745
0.698250,1.614937
0.698750,-5.806317
0.699250,-1.011697
0.699750,0.912869
0.700250,3.590518
0.700750,2.993001
0.701250,-2.956691
0.701750,0.800086
0.702250,-2.303231
0.702750,-4.962798
0.703250,-0.476476
0.703750,2.290566
0.704250,0.186642
0.704750,0.093741
0.705250,-3.781821
0.705750,-0.657714
0.706250,-3.082835
0.706750,-1.676012
0.707250,-4.484544
0.707750,0.288261
0.708250,0.257924
0.708750,-2.496161
0.709250,-3.701873
0.709750,-5.300616
0.710250,-1.328116
0.710750,5.940109
0.711250,-6.952189
0.711750,-4.683606
0.712250,0.779004
0.712750,-0.836057
0.713250,-2.901153
0.713750,-3.926616
0.714250,-6.249617
0.714750,-0.031421
0.715250,2.040869
0.715750,-1.039857
0.716250,-6.412965
0.716750,0.495128
0.717250,-3.424716
0.717750,-0.273484
0.718250,-3.303435
0.718750,-3.510128
0.719250,3.591584
0.719750,3.790065
0.720250,2.056921
0.720750,-0.133366
0.721250,-2.529739
0.721750,-2.430416
0.722250,2.803812
0.722750,2.180165
0.723250,-1.834022
0.723750,6.834715
0.724250,1.001129
0.724750,-0.381781
0.725250,-0.937679
0.725750,5.360796
0.726250,-0.871675
0.726750,0.500870
0.727250,-0.185055
0.727750,-0.713100
0.728250,1.921122
0.728750,0.330691
0.729250,-0.744377
0.729750,-2.873629
0.730250,-2.481531
0.730750,3.354878
0.731250,2.937166
0.731750,-1.385547
0.732250,-4.012457
0.732750,-1.303263
0.733250,-0.011821
0.733750,1.241455
0.734250,-1.082078
0.734750,-5.888339
0.735250,-4.038285
0.735750,-0.510618
0.736250,-2.892604
0.736750,-4.092342
0.737250,-1.859343
0.737750,-4.437759
0.738250,-0.322976
0.738750,0.676554
0.739250,-0.475870
0.739750,-1.571821
0.740250,-6.481436
0.740750,2.569651
0.741250,3.294456
0.741750,-0.004671
0.742250,1.223080
0.742750,4.324185
0.743250,2.420234
0.743750,-3.636496
0.744250,-1.573316
0.744750,1.070819
0.745250,0.080674
0.745750,1.014724
0.746250,-5.622901
0.746750,-4.280571
0.747250,-4.194141
0.747750,-3.426039
0.748250,-6.280014
0.748750,-4.234502
0.749250,-4.777204
0.749750,-0.627338
0.750250,-0.008911
0.750750,-6.890759
0.751250,-8.239605
0.751750,-6.503262
0.752250,-7.817756
0.752750,-3.409887
0.753250,-7.336843
0.753750,3.198629
0.754250,-2.227540
0.754750,-5.340176
0.755250,-5.707301
0.755750,-3.549831
0.756250,3.808905
0.756750,-4.214805
0.757250,-8.746851
0.757750,1.884475
0.758250,-4.499070
0.758750,-4.461917
0.759250,-1.538948
0.759750,-3.740528
0.760250,-1.476149
0.760750,-3.248275
0.761250,0.135676
0.761750,1.999605
0.762250,-7.717729
0.762750,-4.963380
0.763250,-1.711148
0.763750,-6.816983
0.764250,-2.674741
0.764750,-6.970200
0.765250,-1.928519
0.765750,-11.433146
0.766250,-4.257182
0.766750,-4.681782
0.767250,-4.557610
0.767750,-4.129457
0.768250,-1.461047
0.768750,3.130910
0.769250,-2.486558
0.769750,0.657011
0.770250,2.381147
0.770750,-3.614423
0.771250,-3.894690
0.771750,-6.810007
0.772250,-5.506491
0.772750,-7.167427
0.773250,-4.052753
0.773750,-4.760737
0.774250,-4.893921
0.774750,-6.033428
0.775250,-8.299470
0.775750,-1.675180
0.776250,0.990032
0.776750,5.732912
0.777250,-0.812126
0.777750,-4.990633
0.778250,-4.869759
0.778750,-6.363108
0.779250,-9.716410
0.779750,-1.727765
0.780250,-2.580352
0.780750,-6.323777
0.781250,-6.067620
0.781750,-3.758671
0.782250,-10.876236
0.782750,1.525287
0.783250,1.190853
0.783750,1.789734
0.784250,-0.480723
0.784750,-5.979001
0.785250,0.018414
0.785750,-6.479673
0.786250,3.199401
0.786750,0.659057
0.787250,-3.356063
0.787750,-2.776598
0.788250,-1.982683
0.788750,-7.579381
0.789250,-3.765382
0.789750,-1.889762
0.790250,-2.483801
0.790750,-5.886614
0.791250,-3.648576
0.791750,-2.344571
0.792250,-3.563367
0.792750,1.808043
0.793250,-5.317370
0.793750,2.032925
0.794250,-4.153437
0.794750,-2.509139
0.795250,-6.562296
0.795750,-4.596115
0.796250,-3.499070
0.796750,-2.007053
0.797250,-0.759867
0.797750,0.400042
0.798250,1.869031
0.798750,-6.569384
0.799250,-4.637787
0.799750,0.078454
0.800250,-7.563331
0.800750,-4.277578
0.801250,-3.951649
0.801750,1.771263
0.802250,0.754733
0.802750,-4.355496
0.803250,-9.295680
0.803750,-6.629723
0.804250,-5.708573
0.804750,-5.792167
0.805250,-3.100132
0.805750,-5.205800
0.806250,-5.391281
0.806750,-5.650565
0.807250,-4.819742
0.807750,-1.733345
0.808250,-9.664694
0.808750,1.296601
0.809250,-1.032107
0.809750,-1.316571
0.810250,1.898293
0.810750,-9.651630
0.811250,-5.128766
0.811750,0.063852
0.812250,0.163920
0.812750,-2.199195
0.813250,2.169480
0.813750,0.954170
0.814250,-0.388462
0.814750,0.891860
0.815250,3.810844
0.815750,0.216818
0.816250,-6.222709
0.816750,5.981627
0.817250,-4.866788
0.817750,0.060966
0.818250,-0.636252
0.818750,-5.607923
0.819250,-1.356286
0.819750,-6.569976
0.820250,-0.962701
0.820750,0.405756
0.821250,-4.526850
0.821750,-4.472762
0.822250,0.608322
0.822750,-5.140886
0.823250,-0.034496
0.823750,-5.145656
0.824250,-6.477133
0.824750,0.047788
0.825250,0.253538
0.825750,-2.811864
0.826250,-3.374065
0.826750,3.924814
0.827250,-3.399026
0.827750,-0.571045
0.828250,-1.453561
0.828750,-3.051645
0.829250,-0.056199
0.829750,-0.308908
0.830250,-1.938433
0.830750,2.530864
0.831250,-0.916311
0.831750,-5.566085
0.832250,-0.379537
0.832750,-0.379678
0.833250,1.127558
0.833750,4.796446
0.834250,1.374586
0.834750,0.912935
0.835250,-3.742978
0.835750,-8.032918
0.836250,4.057767
0.836750,-5.789470
0.837250,-2.785476
0.837750,-1.626428
0.838250,-7.155412
0.838750,1.595366
0.839250,3.046235
0.839750,1.071977
0.840250,-1.643149
0.840750,-2.951671
0.841250,0.287554
0.841750,1.020035
0.842250,-1.173732
0.842750,-5.610630
0.843250,-1.208836
0.843750,0.407323
0.844250,-7.958099
0.844750,-1.752514
0.845250,-5.199639
0.845750,-0.307577
0.846250,-0.581327
0.846750,4.857429
0.847250,-0.576385
0.847750,-4.574593
0.848250,-1.981398
0.848750,2.157321
0.849250,-9.465723
0.849750,1.653323
0.850250,-1.718751
0.850750,2.762178
0.851250,-2.134583
0.851750,-7.142543
0.852250,-2.183316
0.852750,1.008515
0.853250,-0.252168
0.853750,1.328493
0.854250,-1.800754
0.854750,-0.802753
0.855250,-11.311312
0.855750,-1.782488
0.856250,-0.823055
0.856750,1.150734
0.857250,-3.638720
0.857750,3.975417
0.858250,5.043227
0.858750,-6.092769
0.859250,-2.865341
0.859750,-7.312295
0.860250,-2.334668
0.860750,-3.820588
0.861250,0.037316
0.861750,0.102509
0.862250,1.504252
0.862750,-1.597795
0.863250,0.057093
0.863750,-0.538545
0.864250,-4.751798
0.864750,1.456382
0.865250,-2.248333
0.865750,3.894948
0.866250,2.927611
0.866750,4.471025
0.867250,-3.607664
0.867750,-1.797948
0.868250,0.264081
0.868750,-0.568133
0.869250,-1.020333
0.869750,-5.889282
0.870250,-1.307883
0.870750,-3.034199
0.871250,3.474717
0.871750,1.282429
0.872250,-2.556351
0.872750,-2.303431
0.873250,5.826874
0.873750,-3.168713
0.874250,-4.480774
0.874750,-5.441074
0.875250,-1.288702
0.875750,-1.453044
0.876250,-2.476037
0.876750,-2.838054
0.877250,-5.160618
0.877750,5.771660
0.878250,1.342771
0.878750,-8.749721
0.879250,-1.392290
0.879750,3.160731
0.880250,-4.975546
0.880750,2.730031
0.881250,-9.914115
0.881750,-6.095697
0.882250,-2.574527
0.882750,-5.103084
0.883250,-2.192889
0.883750,-1.611490
0.884250,-2.723898
0.884750,-2.142759
0.885250,-1.102514
0.885750,-2.419192
0.886250,-0.155535
0.886750,0.495913
0.887250,0.195017
0.887750,2.347397
0.888250,-4.790242
0.888750,-3.185770
0.889250,0.619228
0.889750,-5.193217
0.890250,-1.971907
0.890750,-0.874332
0.891250,-0.667241
0.891750,-0.929537
0.892250,-3.593519
0.892750,-3.409126
0.893250,-4.679318
0.893750,-4.518916
0.894250,-3.195913
0.894750,2.994087
0.895250,6.050377
0.895750,6.562678
0.896250,1.127991
0.896750,3.011586
0.897250,1.280919
0.897750,-4.551564
0.898250,-3.720294
0.898750,1.365049
0.899250,-3.968582
0.899750,5.501393
0.900250,-8.176887
0.900750,-0.120739
0.901250,-8.625703
0.901750,-6.358415
0.902250,0.445660
0.902750,4.035559
0.903250,-3.961571
0.903750,4.440411
0.904250,-5.697127
0.904750,-2.601673
0.905250,-4.777163
0.905750,-4.287677
0.906250,6.025493
0.906750,4.280123
0.907250,-3.807075
0.907750,-4.691911
0.908250,-6.215717
0.908750,2.929882
0.909250,0.812914
0.909750,5.855584
0.910250,-4.620098
0.910750,-4.565788
0.911250,1.941954
0.911750,-2.284114
0.912250,0.043109
0.912750,-6.660582
0.913250,0.227778
0.913750,1.339435
0.914250,-1.986830
0.914750,-4.277398
0.915250,-1.963071
0.915750,7.189623
0.916250,2.216809
0.916750,-0.484465
0.917250,-2.327703
0.917750,0.480378
0.918250,4.441871
0.918750,6.474289
0.919250,-0.262875
0.919750,-0.630694
0.920250,-1.017004
0.920750,4.121422
0.921250,-0.648295
0.921750,-10.284303
0.922250,-0.488679
0.922750,-0.950242
0.923250,2.884669
0.923750,3.241162
0.924250,-2.994243
0.924750,-1.882914
0.925250,-3.944978
0.925750,3.722331
0.926250,-2.395934
0.926750,3.989477
0.927250,0.571494
0.927750,4.612745
0.928250,5.427530
0.928750,2.477822
0.929250,1.418080
0.929750,1.289017
0.930250,2.515515
0.930750,2.208094
0.931250,-1.988294
0.931750,-3.740216
0.932250,0.096573
0.932750,-1.343900
0.933250,3.234156
0.933750,-0.118337
0.934250,-2.088411
0.934750,2.567540
0.935250,-6.019325
0.935750,-3.668941
0.936250,0.568273
0.936750,-4.706514
0.937250,-3.004686
0.937750,1.907132
0.938250,3.450303
0.938750,3.352882
0.939250,-0.423404
0.939750,-4.548220
0.940250,-5.587502
0.940750,-1.660709
0.941250,3.255578
0.941750,2.862571
0.942250,0.296231
0.942750,-4.771673
0.943250,2.358255
0.943750,3.180258
0.944250,-1.045852
0.944750,-8.925600
0.945250,-0.134501
0.945750,5.596194
0.946250,2.483278
0.946750,-5.752872
0.947250,1.287234
0.947750,-2.782008
0.948250,-5.337831
0.948750,3.716205
0.949250,0.350976
0.949750,0.765642
0.950250,7.701254
0.950750,2.222950
0.951250,-2.254241
0.951750,2.064589
0.952250,2.292825
0.952750,2.310026
0.953250,-1.469178
0.953750,-0.540223
0.954250,-3.676375
0.954750,2.747779
0.955250,0.696229
0.955750,2.011213
0.956250,-7.452481
0.956750,-1.245891
0.957250,1.304683
0.957750,2.574808
0.958250,-1.938639
0.958750,1.361140
0.959250,7.033883
0.959750,-2.229897
0.960250,-3.098067
0.960750,5.350911
0.961250,-3.278891
0.961750,-0.585503
0.962250,-4.156730
0.962750,3.228531
0.963250,-9.551012
0.963750,-7.092938
0.964250,-0.519493
0.964750,-2.796291
0.965250,2.723652
0.965750,-5.977751
0.966250,-5.201478
0.966750,-1.011758
0.967250,-5.488241
0.967750,-2.923630
0.968250,-0.473480
0.968750,-2.838603
0.969250,-2.011101
0.969750,-1.125991
0.970250,-6.509983
0.970750,-4.886929
0.971250,0.380080
0.971750,-2.664911
0.972250,-4.939275
0.972750,-5.121738
0.973250,-2.232079
0.973750,-2.873164
0.974250,-8.441378
0.974750,-8.029768
0.975250,-1.102058
0.975750,-5.782231
0.976250,-1.703485
0.976750,-6.024914
0.977250,-3.936635
0.977750,4.583434
0.978250,-2.831455
0.978750,-6.945835
0.979250,-4.986798
0.979750,-3.123855
0.980250,-2.813768
0.980750,-5.962216
0.981250,-1.223533
0.981750,-6.074826
0.982250,2.107994
0.982750,-2.740590
0.983250,-2.083092
0.983750,-2.159171
0.984250,-0.561230
0.984750,-4.355879
0.985250,-1.159571
0.985750,-1.591693
0.986250,-4.791321
0.986750,-2.062473
0.987250,-1.368773
0.987750,-3.763100
0.988250,-1.686720
0.988750,-0.464947
0.989250,-2.721676
0.989750,0.145601
0.990250,1.081382
0.990750,2.515150
0.991250,2.307455
0.991750,-3.668590
0.992250,7.396781
0.992750,-3.247803
0.993250,-1.287366
0.993750,4.105394
0.994250,-1.575991
0.994750,3.473293
0.995250,-0.228405
0.995750,4.117310
0.996250,-4.012533
0.996750,-0.611307
0.997250,-6.102591
0.997750,4.546782
0.998250,-1.976629
0.998750,-1.430780
0.999250,-2.823258
0.999750,-3.305135
