0.000250,0.004177
0.000750,0.000552
0.001250,0.020600
0.001750,-0.021553
0.002250,-0.004557
0.002750,0.040661
0.003250,0.091968
0.003750,0.098650
0.004250,0.100700
0.004750,0.049434
0.005250,0.186404
0.005750,0.085616
0.006250,0.120503
0.006750,0.292403
0.007250,0.280236
0.007750,0.186897
0.008250,0.322748
0.008750,0.284233
0.009250,0.462177
0.009750,0.320887
0.010250,0.462371
0.010750,0.376675
0.011250,0.366554
0.011750,0.363311
0.012250,0.411263
0.012750,0.631266
0.013250,0.617274
0.013750,0.574021
0.014250,0.705939
0.014750,0.524086
0.015250,0.410910
0.015750,0.603735
0.016250,0.663135
0.016750,0.682014
0.017250,0.630485
0.017750,0.719447
0.018250,0.546864
0.018750,0.682264
0.019250,0.539872
0.019750,0.764203
0.020250,0.711340
0.020750,0.991213
0.021250,0.694227
0.021750,0.810020
0.022250,0.796720
0.022750,0.843058
0.023250,1.017324
0.023750,0.788108
0.024250,0.864147
0.024750,0.777607
0.025250,0.965341
0.025750,0.969396
0.026250,0.864907
0.026750,0.817639
0.027250,0.791628
0.027750,0.976416
0.028250,0.938155
0.028750,0.853713
0.029250,0.877736
0.029750,1.044523
0.030250,1.028248
0.030750,1.175808
0.031250,1.216443
0.031750,1.194979
0.032250,1.162653
0.032750,1.190067
0.033250,1.029730
0.033750,1.369990
0.034250,1.048500
0.034750,1.101064
0.035250,1.017496
0.035750,1.018621
0.036250,1.234020
0.036750,1.130143
0.037250,1.134334
0.037750,1.187423
0.038250,1.111894
0.038750,1.331964
0.039250,1.395825
0.039750,1.097957
0.040250,0.947159
0.040750,1.067594
0.041250,0.956566
0.041750,0.943119
0.042250,1.319199
0.042750,1.397055
0.043250,1.159061
0.043750,1.311701
0.044250,1.134271
0.044750,1.107835
0.045250,1.204992
0.045750,1.144443
0.046250,1.161540
0.046750,1.099483
0.047250,1.139777
0.047750,1.189908
0.048250,1.288501
0.048750,1.232975
0.049250,1.288460
0.049750,1.305349
0.050250,1.080112
0.050750,1.258869
0.051250,1.256672
0.051750,1.034834
0.052250,0.867577
0.052750,1.142101
0.053250,1.397405
0.053750,1.146609
0.054250,0.955278
0.054750,0.982367
0.055250,0.962721
0.055750,0.835764
0.056250,1.298105
0.056750,1.398302
0.057250,1.272510
0.057750,0.903303
0.058250,1.237242
0.058750,1.274516
0.059250,1.056096
0.059750,1.230305
0.060250,1.352568
0.060750,1.234305
0.061250,1.399127
0.061750,1.040668
0.062250,1.309674
0.062750,1.136704
0.063250,1.084518
0.063750,0.963133
0.064250,0.980930
0.064750,1.483746
0.065250,1.274696
0.065750,0.926661
0.066250,1.194522
0.066750,1.010442
0.067250,1.003368
0.067750,1.214903
0.068250,1.034174
0.068750,1.223712
0.069250,0.957633
0.069750,0.994639
0.070250,1.181057
0.070750,1.114329
0.071250,1.088309
0.071750,1.144640
0.072250,1.461748
0.072750,1.292797
0.073250,0.768399
0.073750,0.889138
0.074250,0.938471
0.074750,1.173461
0.075250,0.912794
0.075750,1.067543
0.076250,1.226142
0.076750,1.173016
0.077250,0.944208
0.077750,0.905196
0.078250,0.782889
0.078750,1.024974
0.079250,0.614433
0.079750,0.842640
0.080250,0.881136
0.080750,1.358508
0.081250,1.003127
0.081750,1.060402
0.082250,0.724445
0.082750,1.137615
0.083250,1.453965
0.083750,1.079599
0.084250,0.755344
0.084750,0.703544
0.085250,1.132762
0.085750,1.021138
0.086250,0.871879
0.086750,0.708463
0.087250,0.667970
0.087750,0.808665
0.088250,0.661467
0.088750,0.600037
0.089250,0.746396
0.089750,0.685532
0.090250,0.935996
0.090750,0.960085
0.091250,0.478301
0.091750,1.002428
0.092250,1.076973
0.092750,0.779291
0.093250,0.800111
0.093750,0.595914
0.094250,0.742495
0.094750,0.865812
0.095250,0.858159
0.095750,0.545816
0.096250,0.482719
0.096750,0.468999
0.097250,0.826653
0.097750,0.782658
0.098250,0.920638
0.098750,0.962394
0.099250,1.066726
0.099750,1.027771
0.100250,0.736670
0.100750,0.542073
0.101250,0.623313
0.101750,0.395336
0.102250,0.369143
0.102750,0.293327
0.103250,0.296849
0.103750,0.226758
0.104250,0.759204
0.104750,0.736120
0.105250,0.361359
0.105750,0.348208
0.106250,0.067803
0.106750,0.716003
0.107250,0.105122
0.107750,1.024438
0.108250,0.486435
0.108750,0.313230
0.109250,0.722557
0.109750,0.826500
0.110250,0.874039
0.110750,0.148894
0.111250,0.418155
0.111750,0.744045
0.112250,0.511191
0.112750,0.892366
0.113250,0.504188
0.113750,0.682050
0.114250,0.253416
0.114750,0.875213
0.115250,0.694775
0.115750,0.244620
0.116250,0.256120
0.116750,0.063598
0.117250,0.089704
0.117750,0.246946
0.118250,0.243362
0.118750,0.250960
0.119250,0.169363
0.119750,0.607284
0.120250,0.873092
0.120750,0.748608
0.121250,0.539150
0.121750,0.204266
0.122250,0.304922
0.122750,0.686934
0.123250,0.431000
0.123750,0.100315
0.124250,0.613151
0.124750,0.668714
0.125250,0.424180
0.125750,0.076081
0.126250,-0.174840
0.126750,0.203135
0.127250,0.078885
0.127750,0.047639
0.128250,0.258807
0.128750,0.449381
0.129250,0.276642
0.129750,-0.168070
0.130250,0.262093
0.130750,0.537059
0.131250,0.203694
0.131750,0.430566
0.132250,0.253104
0.132750,0.337295
0.133250,0.334789
0.133750,0.830821
0.134250,0.563419
0.134750,0.480660
0.135250,0.479363
0.135750,0.204225
0.136250,-0.011255
0.136750,0.142312
0.137250,0.403909
0.137750,0.252433
0.138250,0.173532
0.138750,-0.366042
0.139250,-0.483472
0.139750,0.294517
0.140250,0.361763
0.140750,0.303413
0.141250,-0.034636
0.141750,0.285196
0.142250,-0.159911
0.142750,0.356392
0.143250,0.385014
0.143750,-0.037469
0.144250,-0.050374
0.144750,0.045024
0.145250,0.242187
0.145750,-0.018846
0.146250,0.062399
0.146750,0.389451
0.147250,-0.194573
0.147750,0.033087
0.148250,0.107151
0.148750,-0.392784
0.149250,-0.088671
0.149750,-0.165864
0.150250,-0.051193
0.150750,-0.377641
0.151250,-0.190446
0.151750,0.135566
0.152250,-0.199014
0.152750,0.104960
0.153250,-0.245659
0.153750,-0.419656
0.154250,-0.206531
0.154750,0.190627
0.155250,-0.141460
0.155750,-0.203417
0.156250,-0.329009
0.156750,-0.091996
0.157250,-0.350351
0.157750,-0.276903
0.158250,0.028583
0.158750,0.145463
0.159250,-0.042387
0.159750,-0.585272
0.160250,-0.196790
0.160750,-0.263463
0.161250,-0.116954
0.161750,-0.302891
0.162250,-0.272093
0.162750,-0.457745
0.163250,-0.494466
0.163750,-0.263819
0.164250,-0.206064
0.164750,-0.114652
0.165250,-0.381260
0.165750,0.174395
0.166250,-0.861260
0.166750,-0.385830
0.167250,-0.244048
0.167750,0.008286
0.168250,0.070117
0.168750,0.164996
0.169250,-0.303154
0.169750,-0.553257
0.170250,-0.503624
0.170750,-0.111207
0.171250,-0.135514
0.171750,-0.222834
0.172250,-0.479635
0.172750,-0.396967
0.173250,-0.237601
0.173750,-0.226008
0.174250,-0.381696
0.174750,-0.480874
0.175250,-0.012948
0.175750,-0.750754
0.176250,-0.546906
0.176750,-0.244067
0.177250,0.002729
0.177750,0.315058
0.178250,0.114688
0.178750,-0.200391
0.179250,-0.004330
0.179750,-0.266531
0.180250,0.061729
0.180750,-0.264522
0.181250,-0.517381
0.181750,-0.033430
0.182250,-0.189995
0.182750,-0.234435
0.183250,-0.118323
0.183750,0.410814
0.184250,-0.230447
0.184750,0.051820
0.185250,-0.226340
0.185750,-0.341135
0.186250,-0.231988
0.186750,0.044579
0.187250,0.081657
0.187750,0.341526
0.188250,-0.144749
0.188750,0.013712
0.189250,-0.203333
0.189750,-0.155757
0.190250,0.318265
0.190750,-0.274200
0.191250,0.119033
0.191750,0.429633
0.192250,-0.339978
0.192750,-0.523468
0.193250,-0.065973
0.193750,0.072447
0.194250,0.138904
0.194750,-0.408129
0.195250,-0.016714
0.195750,0.126302
0.196250,-0.971038
0.196750,-0.169642
0.197250,0.112245
0.197750,0.066920
0.198250,-0.096930
0.198750,-0.230798
0.199250,0.150967
0.199750,-0.289281
0.200250,-0.317132
0.200750,-0.027420
0.201250,-0.029685
0.201750,-0.342801
0.202250,0.279603
0.202750,-0.042931
0.203250,-0.148099
0.203750,-0.035117
0.204250,0.679079
0.204750,0.011256
0.205250,0.053424
0.205750,-0.239939
0.206250,-0.255401
0.206750,-0.329084
0.207250,-0.341139
0.207750,0.237755
0.208250,0.336713
0.208750,-0.123292
0.209250,0.062443
0.209750,0.298502
0.210250,0.143190
0.210750,0.093872
0.211250,0.473859
0.211750,0.433946
0.212250,0.097319
0.212750,0.716003
0.213250,0.036824
0.213750,-0.137157
0.214250,-0.091018
0.214750,0.230458
0.215250,0.850896
0.215750,0.305096
0.216250,0.256754
0.216750,-0.352282
0.217250,-0.723276
0.217750,-0.010021
0.218250,-0.469841
0.218750,0.181916
0.219250,0.225408
0.219750,0.251155
0.220250,-0.279646
0.220750,0.184897
0.221250,-0.334287
0.221750,-0.011851
0.222250,0.120000
0.222750,0.151078
0.223250,-0.172397
0.223750,0.301478
0.224250,0.030241
0.224750,-0.082182
0.225250,-0.129082
0.225750,0.162495
0.226250,0.413640
0.226750,0.172550
0.227250,0.319688
0.227750,0.298965
0.228250,-0.597143
0.228750,-0.110794
0.229250,-0.143742
0.229750,0.728448
0.230250,0.228256
0.230750,0.662702
0.231250,-0.004482
0.231750,0.051798
0.232250,-0.152805
0.232750,-0.481471
0.233250,0.544049
0.233750,0.416792
0.234250,0.537080
0.234750,-0.086735
0.235250,0.787013
0.235750,0.268369
0.236250,0.132536
0.236750,0.674697
0.237250,0.893672
0.237750,0.160197
0.238250,0.201760
0.238750,0.535070
0.239250,0.146484
0.239750,0.146858
0.240250,0.269552
0.240750,-0.275915
0.241250,0.492860
0.241750,0.095123
0.242250,0.651341
0.242750,0.010044
0.243250,-0.100265
0.243750,0.133805
0.244250,0.728652
0.244750,0.388823
0.245250,0.892899
0.245750,0.271806
0.246250,0.359775
0.246750,0.123462
0.247250,0.058718
0.247750,-0.050753
0.248250,0.039766
0.248750,0.580948
0.249250,0.833643
0.249750,-0.053599
0.250250,0.768446
0.250750,0.102114
0.251250,0.295041
0.251750,0.294830
0.252250,0.202383
0.252750,0.538379
0.253250,0.489501
0.253750,0.475047
0.254250,0.194199
0.254750,0.372181
0.255250,0.265503
0.255750,0.054168
0.256250,0.089822
0.256750,1.207533
0.257250,1.078826
0.257750,0.409441
0.258250,0.120432
0.258750,0.036046
0.259250,-0.090014
0.259750,-0.010379
0.260250,0.127106
0.260750,0.054816
0.261250,-0.326033
0.261750,0.385853
0.262250,0.279108
0.262750,-0.045450
0.263250,-0.184351
0.263750,0.292685
0.264250,0.268893
0.264750,0.297346
0.265250,-0.000149
0.265750,0.415263
0.266250,-0.120499
0.266750,0.379581
0.267250,0.063125
0.267750,0.275371
0.268250,0.257218
0.268750,0.643951
0.269250,0.126619
0.269750,0.393466
0.270250,0.298893
0.270750,0.218041
0.271250,0.089002
0.271750,0.236460
0.272250,0.873446
0.272750,0.591308
0.273250,0.847161
0.273750,0.545341
0.274250,1.041117
0.274750,0.577030
0.275250,0.872740
0.275750,0.650227
0.276250,0.089127
0.276750,0.990826
0.277250,0.437455
0.277750,0.020005
0.278250,0.169188
0.278750,-0.191120
0.279250,-0.045851
0.279750,0.500468
0.280250,0.278158
0.280750,0.744932
0.281250,0.731693
0.281750,1.004168
0.282250,0.913367
0.282750,0.177774
0.283250,0.085450
0.283750,0.405881
0.284250,-0.570752
0.284750,0.262722
0.285250,0.696891
0.285750,0.770230
0.286250,0.072551
0.286750,0.377314
0.287250,0.609470
0.287750,0.324837
0.288250,0.342752
0.288750,0.555605
0.289250,0.211087
0.289750,0.264076
0.290250,0.640161
0.290750,0.410038
0.291250,0.184296
0.291750,0.429184
0.292250,0.305129
0.292750,0.718888
0.293250,0.428617
0.293750,0.179674
0.294250,0.616161
0.294750,0.676950
0.295250,0.297585
0.295750,0.277092
0.296250,-0.029314
0.296750,-0.087227
0.297250,0.671201
0.297750,-0.237678
0.298250,0.327317
0.298750,0.726444
0.299250,0.494840
0.299750,1.075399
0.300250,0.524591
0.300750,0.299856
0.301250,0.753216
0.301750,0.310811
0.302250,1.086876
0.302750,1.170069
0.303250,0.800247
0.303750,0.705477
0.304250,1.261207
0.304750,0.584024
0.305250,-0.202734
0.305750,0.449667
0.306250,0.834994
0.306750,0.863702
0.307250,0.254501
0.307750,1.143321
0.308250,0.836077
0.308750,0.460860
0.309250,0.396161
0.309750,0.031215
0.310250,0.498678
0.310750,0.527014
0.311250,0.614147
0.311750,0.081410
0.312250,0.937127
0.312750,0.751889
0.313250,0.654485
0.313750,0.958190
0.314250,0.620281
0.314750,0.856461
0.315250,0.461491
0.315750,1.285877
0.316250,0.541292
0.316750,1.292709
0.317250,1.173334
0.317750,0.839674
0.318250,0.429592
0.318750,1.314485
0.319250,1.028340
0.319750,0.845959
0.320250,0.690760
0.320750,0.614897
0.321250,0.660660
0.321750,0.924647
0.322250,1.102168
0.322750,0.736861
0.323250,0.393096
0.323750,2.191046
0.324250,1.254290
0.324750,0.964762
0.325250,0.611484
0.325750,0.970223
0.326250,0.707072
0.326750,0.436650
0.327250,1.430904
0.327750,1.018582
0.328250,0.840174
0.328750,0.954065
0.329250,0.679262
0.329750,0.312564
0.330250,1.390013
0.330750,1.014030
0.331250,0.671663
0.331750,0.533935
0.332250,0.129677
0.332750,1.276572
0.333250,0.784909
0.333750,0.830721
0.334250,0.935259
0.334750,0.854038
0.335250,0.373412
0.335750,0.841040
0.336250,1.291853
0.336750,0.384836
0.337250,1.419885
0.337750,0.456747
0.338250,1.172197
0.338750,1.197161
0.339250,1.276990
0.339750,1.497855
0.340250,1.145454
0.340750,0.637557
0.341250,0.596145
0.341750,0.950417
0.342250,0.552235
0.342750,0.620035
0.343250,1.123843
0.343750,0.678068
0.344250,0.967387
0.344750,1.037678
0.345250,0.857496
0.345750,0.293433
0.346250,1.741840
0.346750,1.108870
0.347250,1.004248
0.347750,0.654287
0.348250,0.898168
0.348750,0.771853
0.349250,1.017737
0.349750,1.015165
0.350250,1.115073
0.350750,0.711667
0.351250,0.835302
0.351750,1.615114
0.352250,1.001060
0.352750,0.966312
0.353250,0.863070
0.353750,1.520059
0.354250,0.334157
0.354750,1.573156
0.355250,1.388153
0.355750,2.022322
0.356250,1.192356
0.356750,1.966924
0.357250,1.385026
0.357750,1.506163
0.358250,1.806409
0.358750,1.288730
0.359250,1.050782
0.359750,1.578502
0.360250,0.995966
0.360750,1.182695
0.361250,1.000069
0.361750,1.052849
0.362250,0.868716
0.362750,1.558565
0.363250,1.144154
0.363750,1.254808
0.364250,0.780775
0.364750,1.541432
0.365250,2.000174
0.365750,1.368524
0.366250,1.795618
0.366750,1.472510
0.367250,1.082707
0.367750,1.889920
0.368250,0.990593
0.368750,0.794784
0.369250,1.094242
0.369750,2.021369
0.370250,1.665504
0.370750,1.231357
0.371250,1.239358
0.371750,1.364306
0.372250,1.347288
0.372750,1.914852
0.373250,1.708345
0.373750,0.641262
0.374250,0.755673
0.374750,1.558213
0.375250,1.839418
0.375750,1.298096
0.376250,1.199162
0.376750,1.583225
0.377250,1.190315
0.377750,0.571185
0.378250,1.504623
0.378750,1.217864
0.379250,1.312233
0.379750,1.737277
0.380250,1.402382
0.380750,1.352378
0.381250,1.881711
0.381750,1.639247
0.382250,0.929376
0.382750,1.193078
0.383250,1.173029
0.383750,1.733589
0.384250,1.849742
0.384750,1.849715
0.385250,1.069249
0.385750,1.950154
0.386250,1.899317
0.386750,1.389457
0.387250,1.817916
0.387750,1.935808
0.388250,1.942372
0.388750,1.275268
0.389250,1.897345
0.389750,1.109894
0.390250,2.129392
0.390750,1.654081
0.391250,1.625595
0.391750,1.406773
0.392250,2.108534
0.392750,1.681301
0.393250,1.090518
0.393750,2.136475
0.394250,2.728219
0.394750,2.320800
0.395250,2.420017
0.395750,2.471788
0.396250,1.471791
0.396750,0.825277
0.397250,1.628686
0.397750,1.183857
0.398250,1.685939
0.398750,2.167678
0.399250,1.684762
0.399750,1.738740
0.400250,2.151667
0.400750,1.783307
0.401250,1.586102
0.401750,1.534395
0.402250,1.862077
0.402750,1.453362
0.403250,1.395805
0.403750,1.708844
0.404250,1.532601
0.404750,1.932425
0.405250,1.497449
0.405750,1.894423
0.406250,2.154163
0.406750,2.020889
0.407250,1.264438
0.407750,0.901253
0.408250,1.497444
0.408750,1.753569
0.409250,1.726394
0.409750,1.257901
0.410250,1.560726
0.410750,1.573448
0.411250,1.293902
0.411750,1.036087
0.412250,1.783273
0.412750,1.914362
0.413250,1.939497
0.413750,2.245904
0.414250,1.329763
0.414750,2.095296
0.415250,1.813594
0.415750,2.002983
0.416250,1.675039
0.416750,2.051080
0.417250,1.854976
0.417750,1.619661
0.418250,1.750584
0.418750,1.244342
0.419250,2.314984
0.419750,2.776489
0.420250,1.444534
0.420750,1.947302
0.421250,1.572284
0.421750,2.155328
0.422250,2.570999
0.422750,1.280952
0.423250,0.996485
0.423750,2.114239
0.424250,1.549375
0.424750,1.838341
0.425250,1.838426
0.425750,1.949139
0.426250,2.014558
0.426750,2.042089
0.427250,1.527897
0.427750,1.551384
0.428250,0.871900
0.428750,1.522488
0.429250,1.103821
0.429750,2.067854
0.430250,1.528125
0.430750,1.816375
0.431250,1.019333
0.431750,1.618897
0.432250,1.578745
0.432750,1.453495
0.433250,1.951564
0.433750,1.456209
0.434250,2.110567
0.434750,1.986208
0.435250,2.528687
0.435750,1.349309
0.436250,1.731429
0.436750,1.265540
0.437250,1.009743
0.437750,0.798974
0.438250,1.889842
0.438750,1.463748
0.439250,1.444285
0.439750,2.402416
0.440250,1.912253
0.440750,1.640495
0.441250,1.835164
0.441750,2.305295
0.442250,1.443688
0.442750,1.863616
0.443250,1.271059
0.443750,2.025784
0.444250,1.153214
0.444750,1.911741
0.445250,2.061473
0.445750,1.443104
0.446250,1.347707
0.446750,2.736733
0.447250,1.411396
0.447750,1.543169
0.448250,1.594218
0.448750,0.852508
0.449250,1.525896
0.449750,1.742949
0.450250,2.154051
0.450750,2.687940
0.451250,1.115159
0.451750,1.239692
0.452250,1.306996
0.452750,1.786213
0.453250,1.948242
0.453750,1.573674
0.454250,2.660076
0.454750,2.255783
0.455250,2.198217
0.455750,1.526756
0.456250,1.845264
0.456750,2.053738
0.457250,1.581100
0.457750,2.288504
0.458250,1.174255
0.458750,2.171604
0.459250,1.354536
0.459750,1.540609
0.460250,1.960882
0.460750,2.198451
0.461250,1.996385
0.461750,1.991046
0.462250,2.602138
0.462750,1.778694
0.463250,3.075365
0.463750,1.065942
0.464250,0.999716
0.464750,1.935099
0.465250,1.883036
0.465750,2.929182
0.466250,2.412168
0.466750,1.515925
0.467250,1.373318
0.467750,2.576491
0.468250,2.286229
0.468750,2.193091
0.469250,1.449952
0.469750,1.925096
0.470250,1.116787
0.470750,1.439747
0.471250,1.482069
0.471750,1.630416
0.472250,0.818236
0.472750,1.775634
0.473250,1.073723
0.473750,2.074527
0.474250,1.879257
0.474750,1.756040
0.475250,2.000342
0.475750,2.593679
0.476250,2.667505
0.476750,1.884422
0.477250,2.413297
0.477750,2.040672
0.478250,1.898499
0.478750,1.967674
0.479250,1.752185
0.479750,1.120330
0.480250,2.157751
0.480750,1.519353
0.481250,2.068609
0.481750,2.276142
0.482250,1.185906
0.482750,1.880917
0.483250,1.772994
0.483750,1.216095
0.484250,1.331265
0.484750,1.622084
0.485250,1.489462
0.485750,1.390708
0.486250,1.352182
0.486750,0.934216
0.487250,1.554093
0.487750,1.995599
0.488250,2.099056
0.488750,1.002417
0.489250,1.496497
0.489750,1.533621
0.490250,2.042140
0.490750,1.785239
0.491250,1.323979
0.491750,1.549637
0.492250,2.126790
0.492750,1.503178
0.493250,1.790795
0.493750,1.693157
0.494250,1.714610
0.494750,2.060242
0.495250,1.209895
0.495750,1.902852
0.496250,1.974743
0.496750,0.836408
0.497250,1.387624
0.497750,1.194933
0.498250,2.064972
0.498750,1.597866
0.499250,2.073484
0.499750,1.989068
0.500250,1.394573
0.500750,1.774262
0.501250,1.103967
0.501750,1.702034
0.502250,1.087080
0.502750,1.202381
0.503250,1.051471
0.503750,1.109780
0.504250,1.665534
0.504750,1.427695
0.505250,1.160873
0.505750,1.943298
0.506250,2.630045
0.506750,0.933190
0.507250,1.944868
0.507750,1.391472
0.508250,1.011113
0.508750,1.755084
0.509250,2.407656
0.509750,1.639123
0.510250,2.225363
0.510750,1.815931
0.511250,1.465172
0.511750,1.160875
0.512250,2.259741
0.512750,1.935175
0.513250,1.222861
0.513750,1.142235
0.514250,1.921764
0.514750,1.826487
0.515250,1.359282
0.515750,0.905016
0.516250,2.243103
0.516750,0.859497
0.517250,1.416926
0.517750,2.191737
0.518250,1.700672
0.518750,0.661390
0.519250,1.528504
0.519750,1.406839
0.520250,1.823384
0.520750,1.468321
0.521250,1.649353
0.521750,1.008222
0.522250,1.871043
0.522750,1.491000
0.523250,1.355981
0.523750,2.322189
0.524250,0.788340
0.524750,2.232548
0.525250,1.640048
0.525750,2.365894
0.526250,1.807127
0.526750,1.211766
0.527250,1.357063
0.527750,2.080177
0.528250,0.857093
0.528750,1.329326
0.529250,0.798494
0.529750,1.355024
0.530250,1.153198
0.530750,1.901034
0.531250,1.688455
0.531750,0.238594
0.532250,0.887975
0.532750,1.490374
0.533250,1.322256
0.533750,0.507090
0.534250,1.404847
0.534750,1.183841
0.535250,1.598893
0.535750,1.073523
0.536250,1.187246
0.536750,0.176425
0.537250,1.310804
0.537750,1.723553
0.538250,1.858185
0.538750,1.225892
0.539250,0.531308
0.539750,1.725013
0.540250,0.767707
0.540750,0.827607
0.541250,1.950904
0.541750,1.286218
0.542250,1.176610
0.542750,0.780078
0.543250,1.551275
0.543750,1.133665
0.544250,0.803447
0.544750,1.638199
0.545250,1.788354
0.545750,1.537100
0.546250,1.022126
0.546750,0.509586
0.547250,0.752244
0.547750,1.144651
0.548250,1.674422
0.548750,1.049870
0.549250,1.448184
0.549750,1.095738
0.550250,1.152560
0.550750,0.437851
0.551250,0.629403
0.551750,1.376750
0.552250,1.324682
0.552750,1.212375
0.553250,1.017091
0.553750,1.037036
0.554250,2.201519
0.554750,1.874788
0.555250,1.693137
0.555750,1.236241
0.556250,1.457186
0.556750,0.850348
0.557250,0.506546
0.557750,0.935130
0.558250,1.156674
0.558750,0.909224
0.559250,0.452172
0.559750,1.196688
0.560250,1.037483
0.560750,0.916736
0.561250,0.797827
0.561750,0.322969
0.562250,0.680209
0.562750,0.764152
0.563250,0.795497
0.563750,0.438002
0.564250,0.493031
0.564750,1.493331
0.565250,1.230099
0.565750,1.526579
0.566250,0.347769
0.566750,1.448349
0.567250,0.636670
0.567750,1.217457
0.568250,2.012877
0.568750,1.176815
0.569250,0.722777
0.569750,1.915485
0.570250,0.470565
0.570750,0.318342
0.571250,0.457973
0.571750,0.932663
0.572250,1.624903
0.572750,1.051925
0.573250,1.197827
0.573750,0.726584
0.574250,0.944569
0.574750,1.103648
0.575250,1.566193
0.575750,0.537124
0.576250,0.644538
0.576750,0.482158
0.577250,0.629549
0.577750,1.211291
0.578250,0.965733
0.578750,1.909406
0.579250,0.764397
0.579750,-0.033636
0.580250,0.765872
0.580750,0.128962
0.581250,0.333123
0.581750,0.526125
0.582250,1.125742
0.582750,0.667455
0.583250,1.034339
0.583750,0.669584
0.584250,0.804482
0.584750,0.828321
0.585250,0.533715
0.585750,0.015327
0.586250,0.705277
0.586750,0.604453
0.587250,1.278024
0.587750,0.501814
0.588250,-0.303164
0.588750,0.191493
0.589250,1.011863
0.589750,0.401048
0.590250,0.439538
0.590750,0.538363
0.591250,1.454120
0.591750,1.018938
0.592250,1.343201
0.592750,1.251838
0.593250,0.763621
0.593750,0.191125
0.594250,0.330247
0.594750,0.149576
0.595250,0.681180
0.595750,0.749820
0.596250,0.504527
0.596750,0.532990
0.597250,1.208472
0.597750,0.536722
0.598250,1.029528
0.598750,0.422589
0.599250,-0.100299
0.599750,0.191062
0.600250,0.676715
0.600750,-0.118186
0.601250,0.511460
0.601750,0.330518
0.602250,0.402407
0.602750,0.850486
0.603250,0.748281
0.603750,0.748065
0.604250,0.840740
0.604750,0.656535
0.605250,-0.379508
0.605750,1.131466
0.606250,0.245656
0.606750,0.028388
0.607250,-0.575662
0.607750,-0.128451
0.608250,0.326697
0.608750,-0.056881
0.609250,1.092689
0.609750,1.166628
0.610250,0.303821
0.610750,0.586646
0.611250,0.879867
0.611750,0.763241
0.612250,1.475109
0.612750,-0.478985
0.613250,0.804263
0.613750,0.315521
0.614250,-0.213093
0.614750,0.484285
0.615250,-0.309957
0.615750,0.020232
0.616250,0.181013
0.616750,-0.194942
0.617250,0.448082
0.617750,-0.275683
0.618250,-0.014104
0.618750,-0.753965
0.619250,-0.154786
0.619750,-0.195527
0.620250,-0.257513
0.620750,-0.121116
0.621250,0.130924
0.621750,0.803564
0.622250,-0.097394
0.622750,-0.300822
0.623250,-0.063243
0.623750,-0.565887
0.624250,-0.302451
0.624750,-0.381229
0.625250,-1.373008
0.625750,-0.589569
0.626250,-0.218065
0.626750,-0.283015
0.627250,-0.208873
0.627750,-0.084483
0.628250,0.114429
0.628750,0.052946
0.629250,-0.443019
0.629750,0.026662
0.630250,-0.478678
0.630750,-0.273186
0.631250,-0.079261
0.631750,-0.162527
0.632250,1.155039
0.632750,-0.183941
0.633250,0.438886
0.633750,-0.356062
0.634250,-0.119868
0.634750,-0.265496
0.635250,0.200027
0.635750,-0.035814
0.636250,-0.320168
0.636750,-0.033955
0.637250,-0.004764
0.637750,-0.918927
0.638250,-0.987003
0.638750,0.289370
0.639250,0.201297
0.639750,0.180231
0.640250,-0.263727
0.640750,-0.248046
0.641250,0.558450
0.641750,0.141118
0.642250,-0.810634
0.642750,-0.206676
0.643250,1.032226
0.643750,0.440843
0.644250,-0.078103
0.644750,-0.367325
0.645250,-0.742915
0.645750,-0.040757
0.646250,-0.672652
0.646750,0.029529
0.647250,-0.482716
0.647750,-0.017857
0.648250,-1.309511
0.648750,0.033089
0.649250,-0.638771
0.649750,-1.368007
0.650250,-0.353289
0.650750,-0.295669
0.651250,-0.111891
0.651750,-0.632238
0.652250,0.122795
0.652750,0.040815
0.653250,0.335343
0.653750,-0.446014
0.654250,-0.467796
0.654750,-1.128906
0.655250,-0.313643
0.655750,-0.631746
0.656250,-0.332642
0.656750,-1.183396
0.657250,-0.442999
0.657750,-1.150698
0.658250,-1.234363
0.658750,-0.551661
0.659250,-0.762732
0.659750,-0.895972
0.660250,0.300591
0.660750,-0.300634
0.661250,-0.189163
0.661750,-0.591834
0.662250,-0.805666
0.662750,-1.113537
0.663250,-0.160846
0.663750,0.023671
0.664250,0.721804
0.664750,0.639123
0.665250,0.783979
0.665750,0.117637
0.666250,-0.338753
0.666750,-0.282282
0.667250,0.393917
0.667750,0.115590
0.668250,-0.600951
0.668750,-0.653349
0.669250,-0.842953
0.669750,-0.432118
0.670250,-0.629154
0.670750,-0.353174
0.671250,-0.930035
0.671750,-0.443297
0.672250,-0.618801
0.672750,-0.628873
0.673250,-0.112108
0.673750,-1.043925
0.674250,-0.833393
0.674750,-0.765163
0.675250,-1.083442
0.675750,-1.201128
0.676250,-0.799188
0.676750,-0.991795
0.677250,-0.126522
0.677750,-1.256993
0.678250,-0.451480
0.678750,-1.693734
0.679250,-0.771055
0.679750,-1.633238
0.680250,-0.522657
0.680750,-0.712615
0.681250,-1.653823
0.681750,-1.036967
0.682250,-0.948406
0.682750,-1.671719
0.683250,-0.187296
0.683750,-0.694669
0.684250,-0.648104
0.684750,-1.156450
0.685250,-0.636708
0.685750,-0.600905
0.686250,-1.423010
0.686750,-1.663343
0.687250,-1.549168
0.687750,-0.803623
0.688250,-2.413140
0.688750,-1.749847
0.689250,-1.249996
0.689750,-1.474484
0.690250,-1.642555
0.690750,-0.447570
0.691250,-0.662486
0.691750,-0.475188
0.692250,0.071558
0.692750,-0.958460
0.693250,-0.351693
0.693750,-1.467577
0.694250,-1.036991
0.694750,-1.010704
0.695250,-0.850078
0.695750,-1.830547
0.696250,-1.414994
0.696750,-0.846903
0.697250,-0.905453
0.697750,-0.718632
0.698250,-1.390244
0.698750,-0.466714
0.699250,-1.609254
0.699750,-1.245122
0.700250,-0.552804
0.700750,-0.933829
0.701250,-1.502461
0.701750,-1.969168
0.702250,-0.985472
0.702750,-0.895491
0.703250,-0.456617
0.703750,-0.907824
0.704250,-1.172318
0.704750,-1.110175
0.705250,-0.596506
0.705750,-1.314830
0.706250,-1.886199
0.706750,-1.251333
0.707250,-1.374537
0.707750,-1.369782
0.708250,-0.731472
0.708750,-0.783016
0.709250,-1.128782
0.709750,-0.775409
0.710250,-0.869357
0.710750,-1.744251
0.711250,-1.017727
0.711750,-0.739197
0.712250,-1.091430
0.712750,-0.281005
0.713250,-1.637041
0.713750,-2.016849
0.714250,-0.590146
0.714750,-1.259222
0.715250,-2.523919
0.715750,-1.160362
0.716250,-0.668100
0.716750,-1.255417
0.717250,-1.831757
0.717750,-1.189354
0.718250,-0.782323
0.718750,-0.635123
0.719250,-1.102124
0.719750,-0.403767
0.720250,-0.317677
0.720750,-1.098135
0.721250,-1.669420
0.721750,-0.369923
0.722250,-0.755471
0.722750,-1.088229
0.723250,-1.529649
0.723750,-0.664105
0.724250,-0.693984
0.724750,-0.557208
0.725250,-1.871322
0.725750,-2.009626
0.726250,-1.581741
0.726750,-1.066352
0.727250,-2.442416
0.727750,-1.335707
0.728250,-1.958109
0.728750,-1.474367
0.729250,-1.521940
0.729750,-0.860497
0.730250,-1.860420
0.730750,-2.202639
0.731250,-1.711417
0.731750,-0.917801
0.732250,-1.166858
0.732750,-0.563000
0.733250,-0.600827
0.733750,-1.666872
0.734250,-2.012771
0.734750,-0.637904
0.735250,-1.558097
0.735750,-1.543507
0.736250,-1.673801
0.736750,-1.708717
0.737250,-0.897381
0.737750,-0.647450
0.738250,-1.709146
0.738750,-2.220866
0.739250,-2.359712
0.739750,-2.337672
0.740250,-1.533116
0.740750,-1.202035
0.741250,-1.704893
0.741750,-1.487445
0.742250,-2.283139
0.742750,-1.724751
0.743250,-0.943079
0.743750,-1.683836
0.744250,-0.928546
0.744750,-0.694042
0.745250,-1.693542
0.745750,-2.212583
0.746250,-1.934574
0.746750,-2.462758
0.747250,-1.691514
0.747750,-1.644296
0.748250,-2.143041
0.748750,-1.249857
0.749250,-0.891839
0.749750,-1.136122
0.750250,-1.084616
0.750750,-1.177059
0.751250,-0.678269
0.751750,-1.106640
0.752250,-2.165321
0.752750,-0.856066
0.753250,-2.191343
0.753750,-1.414529
0.754250,-1.216713
0.754750,-1.997764
0.755250,-1.854816
0.755750,-1.697739
0.756250,-0.742474
0.756750,-1.291636
0.757250,-0.686140
0.757750,-1.723533
0.758250,-1.767058
0.758750,-1.707325
0.759250,-1.836207
0.759750,-1.958358
0.760250,-2.745227
0.760750,-2.356850
0.761250,-2.175199
0.761750,-1.602090
0.762250,-2.042810
0.762750,-2.726530
0.763250,-1.806599
0.763750,-1.723895
0.764250,-1.784978
0.764750,-2.458430
0.765250,-1.281814
0.765750,-1.871566
0.766250,-2.452839
0.766750,-0.995615
0.767250,-1.245224
0.767750,-1.836280
0.768250,-1.556592
0.768750,-1.690743
0.769250,-2.092297
0.769750,-2.624246
0.770250,-1.562426
0.770750,-0.642597
0.771250,-1.182491
0.771750,-2.016071
0.772250,-0.627232
0.772750,-1.036354
0.773250,-2.386266
0.773750,-1.791999
0.774250,-1.562281
0.774750,-2.234710
0.775250,-1.388696
0.775750,-0.503531
0.776250,-2.610738
0.776750,-1.648226
0.777250,-1.997716
0.777750,-1.385155
0.778250,-0.444808
0.778750,-2.078320
0.779250,-2.435532
0.779750,-2.249045
0.780250,-1.868512
0.780750,-2.383636
0.781250,-2.405329
0.781750,-2.629142
0.782250,-2.401007
0.782750,-2.148570
0.783250,-2.614025
0.783750,-2.361980
0.784250,-1.632123
0.784750,-2.383726
0.785250,-1.383087
0.785750,-2.296877
0.786250,-1.883418
0.786750,-2.233405
0.787250,-3.099942
0.787750,-1.861522
0.788250,-1.898847
0.788750,-2.471121
0.789250,-3.090048
0.789750,-2.245729
0.790250,-1.782135
0.790750,-0.891514
0.791250,-2.041034
0.791750,-2.091067
0.792250,-2.998524
0.792750,-3.052240
0.793250,-1.990054
0.793750,-1.837103
0.794250,-2.056036
0.794750,-2.113870
0.795250,-1.525569
0.795750,-2.090327
0.796250,-2.653198
0.796750,-2.556150
0.797250,-2.020812
0.797750,-1.278215
0.798250,-1.942127
0.798750,-1.846230
0.799250,-2.323960
0.799750,-2.363619
0.800250,-2.610284
0.800750,-1.629516
0.801250,-2.397551
0.801750,-1.451381
0.802250,-2.697293
0.802750,-2.778529
0.803250,-2.583336
0.803750,-1.686739
0.804250,-1.968232
0.804750,-1.792018
0.805250,-2.379270
0.805750,-1.652432
0.806250,-2.074107
0.806750,-1.464582
0.807250,-1.716175
0.807750,-1.964025
0.808250,-2.257382
0.808750,-1.208444
0.809250,-2.253979
0.809750,-2.475315
0.810250,-2.580118
0.810750,-2.097682
0.811250,-2.396690
0.811750,-1.239868
0.812250,-1.240901
0.812750,-2.079154
0.813250,-1.851449
0.813750,-2.342958
0.814250,-2.259983
0.814750,-2.239412
0.815250,-2.513173
0.815750,-1.581231
0.816250,-2.557900
0.816750,-2.003001
0.817250,-2.553828
0.817750,-2.341073
0.818250,-2.168511
0.818750,-2.823516
0.819250,-1.336797
0.819750,-2.230378
0.820250,-2.056043
0.820750,-1.788531
0.821250,-2.521025
0.821750,-2.001551
0.822250,-2.419442
0.822750,-1.212537
0.823250,-1.539655
0.823750,-2.279024
0.824250,-2.465450
0.824750,-1.923126
0.825250,-2.640346
0.825750,-2.756419
0.826250,-1.730485
0.826750,-1.826550
0.827250,-3.079142
0.827750,-3.280057
0.828250,-1.562988
0.828750,-2.462067
0.829250,-1.414022
0.829750,-2.067728
0.830250,-2.081730
0.830750,-3.291032
0.831250,-2.139103
0.831750,-2.517507
0.832250,-2.947346
0.832750,-2.530837
0.833250,-2.456937
0.833750,-1.786600
0.834250,-1.959977
0.834750,-1.183612
0.835250,-1.146275
0.835750,-2.524091
0.836250,-1.506397
0.836750,-2.193758
0.837250,-1.604636
0.837750,-3.355172
0.838250,-2.747902
0.838750,-2.390962
0.839250,-2.094544
0.839750,-3.020788
0.840250,-1.201352
0.840750,-1.603730
0.841250,-2.412613
0.841750,-1.521575
0.842250,-1.858113
0.842750,-2.157353
0.843250,-2.049218
0.843750,-2.336955
0.844250,-2.630731
0.844750,-3.215790
0.845250,-3.081396
0.845750,-2.969260
0.846250,-2.191094
0.846750,-1.964185
0.847250,-2.782681
0.847750,-2.060658
0.848250,-1.369541
0.848750,-3.052082
0.849250,-2.764646
0.849750,-0.934617
0.850250,-1.868994
0.850750,-1.024308
0.851250,-2.312780
0.851750,-2.809605
0.852250,-1.466183
0.852750,-1.648426
0.853250,-1.687133
0.853750,-2.975945
0.854250,-1.568485
0.854750,-1.476278
0.855250,-1.730509
0.855750,-1.187153
0.856250,-2.189024
0.856750,-1.784610
0.857250,-2.143256
0.857750,-3.236312
0.858250,-0.973378
0.858750,-1.395745
0.859250,-2.832148
0.859750,-1.800343
0.860250,-1.617836
0.860750,-1.337846
0.861250,-2.309524
0.861750,-1.460189
0.862250,-1.527032
0.862750,-1.889961
0.863250,-1.739899
0.863750,-1.146588
0.864250,-2.930177
0.864750,-1.897075
0.865250,-0.720986
0.865750,-2.952212
0.866250,-0.937385
0.866750,-1.443055
0.867250,-3.716037
0.867750,-2.602411
0.868250,-0.954241
0.868750,-2.033338
0.869250,-1.007434
0.869750,-2.529450
0.870250,-1.971613
0.870750,-2.319598
0.871250,-1.950161
0.871750,-0.908809
0.872250,-1.177318
0.872750,-2.572716
0.873250,-2.835433
0.873750,-2.317466
0.874250,-2.026321
0.874750,-3.135277
0.875250,-1.490468
0.875750,-2.185425
0.876250,-0.659870
0.876750,-0.984000
0.877250,-0.871736
0.877750,-2.422774
0.878250,-2.406681
0.878750,-1.602367
0.879250,-1.601202
0.879750,-1.818296
0.880250,-0.673611
0.880750,-1.580462
0.881250,-3.311609
0.881750,-1.595744
0.882250,-2.601171
0.882750,-2.507702
0.883250,-1.439910
0.883750,-2.225666
0.884250,-1.548646
0.884750,-2.219831
0.885250,-3.049257
0.885750,-1.865483
0.886250,-0.917855
0.886750,-2.571172
0.887250,-1.662767
0.887750,-1.854587
0.888250,-2.551060
0.888750,-3.204907
0.889250,-2.827621
0.889750,-2.890105
0.890250,-2.022541
0.890750,-1.887889
0.891250,-2.203900
0.891750,-1.425456
0.892250,-1.108178
0.892750,-2.301044
0.893250,-2.373188
0.893750,-1.798355
0.894250,-2.145948
0.894750,-3.148562
0.895250,-1.995407
0.895750,-1.450295
0.896250,-1.649048
0.896750,-1.824065
0.897250,-1.299439
0.897750,-1.982089
0.898250,-1.601212
0.898750,-1.319397
0.899250,-1.939105
0.899750,-2.402089
0.900250,-2.635722
0.900750,-2.137853
0.901250,-2.442309
0.901750,-2.577220
0.902250,-1.118555
0.902750,-2.517541
0.903250,-1.662377
0.903750,-1.617429
0.904250,-2.130551
0.904750,-2.388644
0.905250,-2.289156
0.905750,-2.405782
0.906250,-2.727449
0.906750,-0.804433
0.907250,-2.515197
0.907750,-2.381387
0.908250,-1.389480
0.908750,-1.794722
0.909250,-2.185229
0.909750,-1.837015
0.910250,-2.040843
0.910750,-2.154928
0.911250,-2.372487
0.911750,-2.842715
0.912250,-2.064886
0.912750,-1.517416
0.913250,-1.602184
0.913750,-1.384545
0.914250,-1.965409
0.914750,-1.184245
0.915250,-1.603573
0.915750,-2.517929
0.916250,-1.088872
0.916750,-2.101412
0.917250,-0.792087
0.917750,-1.338979
0.918250,-1.933298
0.918750,-1.369108
0.919250,-2.409204
0.919750,-1.238498
0.920250,-0.949799
0.920750,-1.647584
0.921250,-1.193775
0.921750,-1.501472
0.922250,-1.079977
0.922750,-1.498792
0.923250,-2.225876
0.923750,-2.022724
0.924250,-0.287621
0.924750,-2.947152
0.925250,-1.740362
0.925750,-1.869352
0.926250,-1.695398
0.926750,-2.817324
0.927250,-1.361416
0.927750,-2.312128
0.928250,-1.655553
0.928750,-1.506659
0.929250,-1.644851
0.929750,-1.610250
0.930250,-1.347228
0.930750,-0.917274
0.931250,-1.369833
0.931750,-1.237746
0.932250,-2.483647
0.932750,-1.544593
0.933250,-0.542120
0.933750,-1.982393
0.934250,-2.481621
0.934750,-1.566215
0.935250,-2.072019
0.935750,-1.277061
0.936250,-2.216994
0.936750,-1.444796
0.937250,-0.590815
0.937750,-2.039203
0.938250,-2.117614
0.938750,-0.227963
0.939250,-1.110823
0.939750,-1.602725
0.940250,-0.988065
0.940750,-2.044383
0.941250,-0.896953
0.941750,-1.288029
0.942250,-1.196814
0.942750,-0.719426
0.943250,-1.439889
0.943750,-0.973232
0.944250,-2.722237
0.944750,-1.342610
0.945250,-1.288334
0.945750,-1.726142
0.946250,-2.048759
0.946750,-1.367277
0.947250,-1.661567
0.947750,-2.022778
0.948250,-1.789058
0.948750,-1.656901
0.949250,-2.294422
0.949750,-1.920938
0.950250,-2.215844
0.950750,-2.211239
0.951250,-0.857793
0.951750,-1.434728
0.952250,-1.157702
0.952750,-1.955067
0.953250,-1.009455
0.953750,-1.624846
0.954250,-1.307192
0.954750,-1.717941
0.955250,-0.858295
0.955750,-2.211483
0.956250,-1.619122
0.956750,-1.934512
0.957250,-1.426041
0.957750,-1.418394
0.958250,-0.711462
0.958750,-1.058526
0.959250,-1.509210
0.959750,-2.194709
0.960250,-1.244286
0.960750,-0.747566
0.961250,-1.388050
0.961750,0.836925
0.962250,-1.039818
0.962750,-1.172870
0.963250,-0.808623
0.963750,-2.575232
0.964250,-1.404028
0.964750,-1.386152
0.965250,-0.761108
0.965750,0.135393
0.966250,-1.674568
0.966750,-1.330198
0.967250,-1.310331
0.967750,-1.798725
0.968250,-2.055759
0.968750,-1.425288
0.969250,-1.754903
0.969750,-1.818734
0.970250,0.310923
0.970750,-3.019843
0.971250,-1.525028
0.971750,-1.405178
0.972250,-2.464507
0.972750,-2.353037
0.973250,-1.772697
0.973750,-1.999039
0.974250,-0.466373
0.974750,-2.823404
0.975250,-1.318562
0.975750,-1.585695
0.976250,-1.249931
0.976750,-0.845483
0.977250,-0.890034
0.977750,-0.708526
0.978250,-1.725771
0.978750,-1.408814
0.979250,-0.884628
0.979750,-0.724472
0.980250,-1.121056
0.980750,-0.243705
0.981250,-1.705503
0.981750,-0.727020
0.982250,-1.109414
0.982750,-0.912644
0.983250,-1.497525
0.983750,-0.546975
0.984250,0.028564
0.984750,-1.590714
0.985250,-1.078291
0.985750,-0.161709
0.986250,-0.273907
0.986750,-0.080999
0.987250,-0.718020
0.987750,-0.678101
0.988250,-0.974980
0.988750,-0.720675
0.989250,-0.987054
0.989750,-0.652497
0.990250,0.129010
0.990750,0.112915
0.991250,-1.032844
0.991750,-1.145492
0.992250,-0.444442
0.992750,-1.724036
0.993250,-0.650257
0.993750,-1.039847
0.994250,-2.074980
0.994750,-0.722484
0.995250,-1.723446
0.995750,-1.703974
0.996250,-1.591267
0.996750,-1.738581
0.997250,-0.584043
0.997750,-0.998988
0.998250,-1.473632
0.998750,-2.500290
0.999250,-0.635395
0.999750,-0.426800
