0.000250,0.005939
0.000750,-0.002327
0.001250,0.017512
0.001750,-0.028485
0.002250,0.009285
0.002750,0.077362
0.003250,0.091661
0.003750,0.091834
0.004250,0.122068
0.004750,0.086596
0.005250,0.152154
0.005750,0.120716
0.006250,0.138830
0.006750,0.303046
0.007250,0.187471
0.007750,0.226593
0.008250,0.319439
0.008750,0.307661
0.009250,0.492958
0.009750,0.386929
0.010250,0.463877
0.010750,0.429291
0.011250,0.415644
0.011750,0.386039
0.012250,0.457701
0.012750,0.635008
0.013250,0.653934
0.013750,0.612082
0.014250,0.647932
0.014750,0.552803
0.015250,0.449588
0.015750,0.631993
0.016250,0.693447
0.016750,0.629349
0.017250,0.615875
0.017750,0.709040
0.018250,0.580059
0.018750,0.632764
0.019250,0.475843
0.019750,0.698624
0.020250,0.661948
0.020750,0.911313
0.021250,0.700203
0.021750,0.851145
0.022250,0.819895
0.022750,0.899034
0.023250,0.993672
0.023750,0.756123
0.024250,0.871117
0.024750,0.691546
0.025250,0.977804
0.025750,1.009334
0.026250,0.877107
0.026750,0.874889
0.027250,0.849165
0.027750,0.952722
0.028250,0.969962
0.028750,0.930929
0.029250,1.002253
0.029750,0.990876
0.030250,1.091679
0.030750,1.172143
0.031250,1.143145
0.031750,1.228946
0.032250,1.094814
0.032750,1.029098
0.033250,1.110711
0.033750,1.274003
0.034250,1.047581
0.034750,1.112688
0.035250,0.967790
0.035750,0.995353
0.036250,1.270871
0.036750,1.181365
0.037250,1.135805
0.037750,1.268607
0.038250,1.090083
0.038750,1.250520
0.039250,1.370729
0.039750,1.140972
0.040250,1.036717
0.040750,0.992101
0.041250,1.042391
0.041750,1.017674
0.042250,1.203430
0.042750,1.331729
0.043250,1.053778
0.043750,1.400693
0.044250,1.266357
0.044750,1.312781
0.045250,1.137954
0.045750,1.297635
0.046250,1.339405
0.046750,1.101140
0.047250,1.194188
0.047750,1.360279
0.048250,1.349048
0.048750,1.166582
0.049250,1.346264
0.049750,1.289763
0.050250,1.132911
0.050750,1.182896
0.051250,1.170128
0.051750,1.116234
0.052250,0.873822
0.052750,1.173401
0.053250,1.341126
0.053750,0.995564
0.054250,0.867611
0.054750,1.140396
0.055250,1.075263
0.055750,1.058663
0.056250,1.172273
0.056750,1.316873
0.057250,1.238294
0.057750,0.951813
0.058250,1.213104
0.058750,1.183338
0.059250,1.213906
0.059750,1.348161
0.060250,1.308402
0.060750,1.173919
0.061250,1.361629
0.061750,1.237478
0.062250,1.342851
0.062750,1.196273
0.063250,1.008647
0.063750,1.193531
0.064250,1.074932
0.064750,1.351493
0.065250,1.370011
0.065750,0.997228
0.066250,1.249647
0.066750,1.295833
0.067250,0.980744
0.067750,1.155440
0.068250,0.877346
0.068750,0.998351
0.069250,1.035589
0.069750,0.858908
0.070250,1.106822
0.070750,1.051050
0.071250,0.966928
0.071750,1.184624
0.072250,1.491396
0.072750,1.192334
0.073250,0.846718
0.073750,0.971477
0.074250,0.967192
0.074750,1.162887
0.075250,0.968594
0.075750,1.082188
0.076250,1.303209
0.076750,1.124432
0.077250,1.063511
0.077750,0.944873
0.078250,0.982843
0.078750,0.992285
0.079250,0.767693
0.079750,0.827895
0.080250,0.836522
0.080750,1.259135
0.081250,1.078355
0.081750,1.009324
0.082250,0.931278
0.082750,1.082921
0.083250,1.180110
0.083750,1.100746
0.084250,0.757865
0.084750,0.718694
0.085250,1.088319
0.085750,0.878758
0.086250,0.791348
0.086750,0.513733
0.087250,0.604888
0.087750,0.858711
0.088250,0.813825
0.088750,0.696326
0.089250,0.773697
0.089750,0.941260
0.090250,1.038281
0.090750,1.051288
0.091250,0.541222
0.091750,1.041871
0.092250,0.698395
0.092750,1.094289
0.093250,0.873804
0.093750,0.517879
0.094250,0.666138
0.094750,1.022647
0.095250,0.870787
0.095750,0.628486
0.096250,0.542491
0.096750,0.557683
0.097250,0.708726
0.097750,0.771978
0.098250,0.869743
0.098750,0.824018
0.099250,0.929013
0.099750,1.045288
0.100250,0.731413
0.100750,0.641353
0.101250,0.645345
0.101750,0.350431
0.102250,0.412101
0.102750,0.307159
0.103250,0.460797
0.103750,0.336547
0.104250,0.682842
0.104750,0.614641
0.105250,0.471269
0.105750,0.319420
0.106250,0.068941
0.106750,0.634176
0.107250,0.263421
0.107750,0.851394
0.108250,0.625180
0.108750,0.147560
0.109250,0.613273
0.109750,0.820422
0.110250,0.845087
0.110750,0.312563
0.111250,0.229710
0.111750,0.564090
0.112250,0.374314
0.112750,0.708026
0.113250,0.555802
0.113750,0.626643
0.114250,0.375113
0.114750,0.869047
0.115250,0.579804
0.115750,0.306361
0.116250,0.399243
0.116750,0.126825
0.117250,0.219371
0.117750,0.305466
0.118250,0.076081
0.118750,0.308221
0.119250,0.322984
0.119750,0.515041
0.120250,0.852796
0.120750,0.633137
0.121250,0.471495
0.121750,0.256222
0.122250,0.257364
0.122750,0.618979
0.123250,0.469315
0.123750,0.181070
0.124250,0.701545
0.124750,0.536252
0.125250,0.350908
0.125750,0.229271
0.126250,-0.086570
0.126750,0.127372
0.127250,-0.072594
0.127750,0.163806
0.128250,0.225202
0.128750,0.383904
0.129250,0.230205
0.129750,0.154494
0.130250,0.187035
0.130750,0.526738
0.131250,0.445884
0.131750,0.351142
0.132250,0.353134
0.132750,0.181271
0.133250,0.296315
0.133750,0.470170
0.134250,0.544048
0.134750,0.239011
0.135250,0.346736
0.135750,0.328369
0.136250,0.084241
0.136750,0.121580
0.137250,0.278861
0.137750,0.429533
0.138250,0.102790
0.138750,-0.183674
0.139250,-0.230074
0.139750,0.147531
0.140250,0.307199
0.140750,-0.021186
0.141250,0.146257
0.141750,0.096864
0.142250,-0.200754
0.142750,0.422748
0.143250,0.333763
0.143750,-0.082780
0.144250,0.023382
0.144750,-0.080725
0.145250,-0.005540
0.145750,-0.181042
0.146250,-0.031050
0.146750,0.317099
0.147250,-0.184014
0.147750,0.118814
0.148250,0.115657
0.148750,-0.047321
0.149250,0.079968
0.149750,0.040653
0.150250,0.067367
0.150750,-0.450340
0.151250,-0.063780
0.151750,0.087213
0.152250,-0.077213
0.152750,0.148784
0.153250,-0.040781
0.153750,-0.543370
0.154250,-0.139429
0.154750,0.086751
0.155250,-0.068245
0.155750,-0.049009
0.156250,-0.444869
0.156750,-0.164124
0.157250,-0.215453
0.157750,-0.203454
0.158250,0.040119
0.158750,0.013299
0.159250,-0.004137
0.159750,-0.416868
0.160250,-0.178618
0.160750,-0.399940
0.161250,-0.111582
0.161750,-0.203621
0.162250,-0.429502
0.162750,-0.321114
0.163250,-0.289885
0.163750,-0.303018
0.164250,-0.129631
0.164750,-0.028154
0.165250,-0.259940
0.165750,0.003912
0.166250,-0.730934
0.166750,-0.199369
0.167250,-0.150687
0.167750,-0.084349
0.168250,-0.137838
0.168750,-0.045516
0.169250,-0.244106
0.169750,-0.192890
0.170250,-0.580443
0.170750,-0.247877
0.171250,-0.311102
0.171750,-0.294269
0.172250,-0.161445
0.172750,-0.394181
0.173250,-0.165905
0.173750,-0.133684
0.174250,-0.231163
0.174750,-0.476496
0.175250,0.047882
0.175750,-0.462272
0.176250,-0.289453
0.176750,-0.367551
0.177250,0.043065
0.177750,0.059241
0.178250,-0.046169
0.178750,-0.274505
0.179250,-0.235106
0.179750,-0.044136
0.180250,-0.142047
0.180750,-0.281577
0.181250,-0.361847
0.181750,-0.216893
0.182250,-0.495605
0.182750,-0.318587
0.183250,-0.018572
0.183750,0.167679
0.184250,-0.075647
0.184750,0.074718
0.185250,-0.087089
0.185750,-0.222030
0.186250,-0.072270
0.186750,-0.094320
0.187250,0.092386
0.187750,0.258538
0.188250,0.037510
0.188750,-0.107322
0.189250,-0.186654
0.189750,-0.199856
0.190250,0.117910
0.190750,-0.332733
0.191250,-0.013023
0.191750,0.331576
0.192250,-0.233701
0.192750,-0.365094
0.193250,-0.085015
0.193750,0.089179
0.194250,0.017494
0.194750,-0.194322
0.195250,0.121768
0.195750,0.050866
0.196250,-0.548600
0.196750,-0.082441
0.197250,0.158122
0.197750,0.047376
0.198250,-0.003239
0.198750,-0.095470
0.199250,0.229153
0.199750,-0.291593
0.200250,-0.226236
0.200750,0.234153
0.201250,-0.044237
0.201750,-0.111928
0.202250,0.107715
0.202750,-0.095423
0.203250,-0.191865
0.203750,-0.183352
0.204250,0.624488
0.204750,-0.250875
0.205250,-0.167595
0.205750,-0.183475
0.206250,-0.264832
0.206750,-0.446701
0.207250,-0.076159
0.207750,0.243843
0.208250,0.454701
0.208750,-0.028249
0.209250,0.208398
0.209750,0.348748
0.210250,0.015072
0.210750,0.035117
0.211250,0.300180
0.211750,0.419198
0.212250,0.067680
0.212750,0.405888
0.213250,-0.019605
0.213750,0.192982
0.214250,0.106116
0.214750,-0.085297
0.215250,0.619827
0.215750,0.058245
0.216250,0.431097
0.216750,-0.395819
0.217250,-0.722292
0.217750,0.157083
0.218250,-0.361512
0.218750,0.034839
0.219250,0.258531
0.219750,0.167417
0.220250,-0.134275
0.220750,-0.038585
0.221250,-0.128145
0.221750,0.059413
0.222250,0.180534
0.222750,0.159326
0.223250,0.004459
0.223750,0.445888
0.224250,-0.029716
0.224750,-0.259707
0.225250,-0.056365
0.225750,0.226555
0.226250,0.355331
0.226750,0.251561
0.227250,0.538025
0.227750,0.374982
0.228250,-0.515112
0.228750,-0.190112
0.229250,-0.030938
0.229750,0.546302
0.230250,0.294554
0.230750,0.290057
0.231250,0.048854
0.231750,0.254434
0.232250,-0.116647
0.232750,-0.047577
0.233250,0.350182
0.233750,0.326468
0.234250,0.667794
0.234750,-0.034705
0.235250,0.532681
0.235750,0.032481
0.236250,-0.092676
0.236750,0.378072
0.237250,0.899823
0.237750,0.137216
0.238250,0.422741
0.238750,0.746753
0.239250,0.711931
0.239750,0.171712
0.240250,0.313487
0.240750,0.129168
0.241250,0.496200
0.241750,-0.059276
0.242250,0.524843
0.242750,0.279524
0.243250,-0.132698
0.243750,0.371037
0.244250,0.649307
0.244750,0.253353
0.245250,0.539647
0.245750,0.593216
0.246250,0.344588
0.246750,0.077100
0.247250,0.258775
0.247750,0.100539
0.248250,-0.020442
0.248750,0.504975
0.249250,0.761718
0.249750,0.053307
0.250250,0.469235
0.250750,0.179009
0.251250,0.017313
0.251750,0.474299
0.252250,0.469826
0.252750,0.658622
0.253250,0.484284
0.253750,0.560590
0.254250,0.170406
0.254750,0.417450
0.255250,0.066110
0.255750,0.393954
0.256250,0.243544
0.256750,0.619610
0.257250,0.649680
0.257750,0.460437
0.258250,0.278481
0.258750,0.009068
0.259250,-0.018452
0.259750,-0.000896
0.260250,0.130473
0.260750,0.054144
0.261250,-0.309787
0.261750,-0.051111
0.262250,0.359097
0.262750,0.108550
0.263250,-0.141045
0.263750,0.316309
0.264250,-0.066919
0.264750,0.150264
0.265250,0.159644
0.265750,0.593610
0.266250,-0.085998
0.266750,0.285365
0.267250,0.162639
0.267750,0.272415
0.268250,0.517060
0.268750,0.589576
0.269250,0.454232
0.269750,0.287507
0.270250,0.105906
0.270750,0.342642
0.271250,0.108258
0.271750,0.018618
0.272250,0.477693
0.272750,0.523503
0.273250,0.506804
0.273750,0.643813
0.274250,0.929493
0.274750,0.787607
0.275250,0.513622
0.275750,0.280920
0.276250,0.070436
0.276750,0.847699
0.277250,0.515004
0.277750,0.093172
0.278250,0.210119
0.278750,0.083559
0.279250,0.352272
0.279750,0.704559
0.280250,0.223228
0.280750,1.012736
0.281250,0.637768
0.281750,0.576229
0.282250,0.435284
0.282750,0.391625
0.283250,0.323966
0.283750,-0.039169
0.284250,0.118309
0.284750,0.181606
0.285250,1.043559
0.285750,0.785311
0.286250,0.453090
0.286750,0.599107
0.287250,0.434415
0.287750,0.591607
0.288250,0.502240
0.288750,0.411403
0.289250,0.674910
0.289750,0.356334
0.290250,0.693599
0.290750,0.395800
0.291250,0.248017
0.291750,0.354219
0.292250,0.401342
0.292750,0.628392
0.293250,0.290099
0.293750,0.398783
0.294250,0.651590
0.294750,0.691520
0.295250,0.355647
0.295750,0.749125
0.296250,0.125496
0.296750,0.022237
0.297250,0.460932
0.297750,-0.125623
0.298250,0.244890
0.298750,0.530182
0.299250,0.492585
0.299750,0.869024
0.300250,0.808596
0.300750,0.000229
0.301250,0.639384
0.301750,0.480026
0.302250,0.896932
0.302750,1.016754
0.303250,1.017682
0.303750,0.887598
0.304250,0.860102
0.304750,0.763333
0.305250,-0.244837
0.305750,0.801920
0.306250,1.094987
0.306750,0.819356
0.307250,0.476053
0.307750,0.938237
0.308250,0.775812
0.308750,0.485694
0.309250,0.619172
0.309750,0.579348
0.310250,0.367755
0.310750,0.691941
0.311250,0.793690
0.311750,0.270019
0.312250,0.916438
0.312750,0.984366
0.313250,0.487234
0.313750,0.678057
0.314250,0.413379
0.314750,0.563011
0.315250,0.564354
0.315750,1.114650
0.316250,0.964574
0.316750,1.246800
0.317250,1.130917
0.317750,0.993777
0.318250,0.803019
0.318750,1.191695
0.319250,0.885225
0.319750,1.158776
0.320250,0.281277
0.320750,0.423642
0.321250,0.917547
0.321750,0.958404
0.322250,0.841067
0.322750,0.461658
0.323250,0.556969
0.323750,1.584802
0.324250,1.132879
0.324750,1.095005
0.325250,0.847096
0.325750,1.152962
0.326250,0.921716
0.326750,0.596351
0.327250,1.111381
0.327750,0.920885
0.328250,1.069801
0.328750,0.768483
0.329250,0.717557
0.329750,0.826794
0.330250,1.106888
0.330750,1.006661
0.331250,0.538292
0.331750,0.807833
0.332250,0.280408
0.332750,0.794411
0.333250,0.809763
0.333750,0.621311
0.334250,0.725604
0.334750,0.861504
0.335250,0.539546
0.335750,0.845530
0.336250,1.005300
0.336750,0.831468
0.337250,1.193533
0.337750,0.886375
0.338250,1.101388
0.338750,0.925107
0.339250,0.918760
0.339750,1.565448
0.340250,1.095001
0.340750,0.728222
0.341250,0.723958
0.341750,1.375467
0.342250,1.113632
0.342750,0.684879
0.343250,1.242890
0.343750,0.657236
0.344250,1.292842
0.344750,0.913171
0.345250,0.916228
0.345750,0.625041
0.346250,1.657638
0.346750,0.942040
0.347250,1.274764
0.347750,0.981586
0.348250,1.305011
0.348750,1.001451
0.349250,0.900889
0.349750,0.677169
0.350250,0.739713
0.350750,1.155634
0.351250,0.728062
0.351750,1.308359
0.352250,1.182567
0.352750,1.129396
0.353250,1.091232
0.353750,1.604736
0.354250,0.450590
0.354750,1.577289
0.355250,1.286601
0.355750,1.903475
0.356250,1.426879
0.356750,1.617139
0.357250,1.464896
0.357750,1.721174
0.358250,1.903660
0.358750,1.422030
0.359250,1.255280
0.359750,1.333567
0.360250,1.348071
0.360750,1.297210
0.361250,1.100565
0.361750,1.249078
0.362250,1.200216
0.362750,1.555309
0.363250,0.907535
0.363750,1.124045
0.364250,1.126736
0.364750,1.412601
0.365250,1.629873
0.365750,1.354451
0.366250,1.543658
0.366750,1.269392
0.367250,1.320918
0.367750,1.863225
0.368250,1.059439
0.368750,0.776261
0.369250,1.406030
0.369750,1.637880
0.370250,1.977888
0.370750,1.385737
0.371250,0.942208
0.371750,1.386792
0.372250,1.554699
0.372750,1.687377
0.373250,1.657815
0.373750,0.708310
0.374250,1.211411
0.374750,1.578508
0.375250,1.680777
0.375750,1.416549
0.376250,1.685324
0.376750,1.624750
0.377250,1.208980
0.377750,0.799350
0.378250,1.500293
0.378750,1.746595
0.379250,1.426584
0.379750,1.529841
0.380250,1.601928
0.380750,1.245052
0.381250,1.851176
0.381750,1.806250
0.382250,0.851833
0.382750,1.743869
0.383250,1.179743
0.383750,1.842237
0.384250,1.730100
0.384750,2.124714
0.385250,0.721836
0.385750,1.742137
0.386250,1.946621
0.386750,1.609284
0.387250,1.680106
0.387750,1.962553
0.388250,1.622590
0.388750,1.420998
0.389250,2.006708
0.389750,1.131245
0.390250,2.095081
0.390750,1.660563
0.391250,1.677675
0.391750,1.327637
0.392250,1.725820
0.392750,1.497392
0.393250,1.406115
0.393750,2.284032
0.394250,2.640129
0.394750,2.263921
0.395250,2.164420
0.395750,2.263804
0.396250,1.412837
0.396750,1.242022
0.397250,1.566071
0.397750,1.307618
0.398250,1.882257
0.398750,1.765679
0.399250,2.051510
0.399750,1.789118
0.400250,1.979452
0.400750,1.773580
0.401250,1.897607
0.401750,1.899911
0.402250,1.650111
0.402750,1.634202
0.403250,1.527934
0.403750,1.633700
0.404250,1.485680
0.404750,1.555385
0.405250,1.475772
0.405750,1.855528
0.406250,1.716241
0.406750,1.691786
0.407250,1.274009
0.407750,0.530145
0.408250,1.497524
0.408750,1.949530
0.409250,1.949276
0.409750,1.542999
0.410250,1.238144
0.410750,2.071592
0.411250,1.734494
0.411750,1.708831
0.412250,1.573569
0.412750,2.201252
0.413250,1.565021
0.413750,1.998368
0.414250,2.010266
0.414750,1.962665
0.415250,1.778374
0.415750,1.779126
0.416250,1.828548
0.416750,2.121882
0.417250,1.850771
0.417750,1.854941
0.418250,1.443629
0.418750,1.652101
0.419250,2.118980
0.419750,2.338445
0.420250,1.405510
0.420750,1.957553
0.421250,1.232769
0.421750,2.220990
0.422250,2.295949
0.422750,1.196964
0.423250,1.014152
0.423750,1.840066
0.424250,1.582073
0.424750,1.915516
0.425250,1.610676
0.425750,1.999437
0.426250,1.792515
0.426750,1.650521
0.427250,1.581594
0.427750,1.699161
0.428250,1.332162
0.428750,1.664027
0.429250,1.442430
0.429750,1.921261
0.430250,1.164723
0.430750,2.040208
0.431250,1.747627
0.431750,2.018747
0.432250,1.800903
0.432750,1.651954
0.433250,1.882304
0.433750,1.741031
0.434250,2.029087
0.434750,2.204645
0.435250,2.628179
0.435750,1.691357
0.436250,1.440672
0.436750,1.722385
0.437250,1.296237
0.437750,0.915029
0.438250,1.508065
0.438750,1.471406
0.439250,1.570523
0.439750,2.417861
0.440250,2.012136
0.440750,1.885202
0.441250,1.969401
0.441750,2.030647
0.442250,1.329353
0.442750,1.974983
0.443250,1.509797
0.443750,1.673011
0.444250,1.239495
0.444750,2.099629
0.445250,2.009062
0.445750,1.441956
0.446250,1.542787
0.446750,2.346742
0.447250,1.365949
0.447750,1.826221
0.448250,1.731208
0.448750,1.456834
0.449250,1.567320
0.449750,1.610036
0.450250,1.823326
0.450750,2.518243
0.451250,0.964522
0.451750,1.266153
0.452250,1.576224
0.452750,1.909383
0.453250,2.031299
0.453750,1.393629
0.454250,2.054550
0.454750,1.791184
0.455250,2.405291
0.455750,1.674150
0.456250,2.091220
0.456750,1.804681
0.457250,1.874554
0.457750,2.268938
0.458250,1.713801
0.458750,1.483192
0.459250,1.361438
0.459750,1.510163
0.460250,2.279477
0.460750,2.433837
0.461250,2.012850
0.461750,2.148597
0.462250,2.796099
0.462750,1.999861
0.463250,2.658749
0.463750,1.483990
0.464250,1.491320
0.464750,2.047251
0.465250,1.909405
0.465750,2.681480
0.466250,2.337161
0.466750,1.628990
0.467250,1.412479
0.467750,2.325827
0.468250,2.347844
0.468750,1.711691
0.469250,1.843985
0.469750,1.837642
0.470250,1.413958
0.470750,1.606427
0.471250,1.554540
0.471750,1.498822
0.472250,1.136833
0.472750,1.834643
0.473250,1.280395
0.473750,1.967268
0.474250,1.787406
0.474750,1.515544
0.475250,1.737736
0.475750,2.245667
0.476250,2.504286
0.476750,1.581969
0.477250,2.731360
0.477750,1.972633
0.478250,2.182131
0.478750,1.815249
0.479250,1.708068
0.479750,0.906394
0.480250,1.695991
0.480750,1.541278
0.481250,1.880799
0.481750,2.447675
0.482250,1.560186
0.482750,1.721687
0.483250,1.674483
0.483750,1.469800
0.484250,1.447273
0.484750,1.580653
0.485250,2.126081
0.485750,1.419291
0.486250,1.421817
0.486750,1.222109
0.487250,1.569224
0.487750,1.961952
0.488250,1.908142
0.488750,1.349844
0.489250,1.648216
0.489750,1.657199
0.490250,2.045681
0.490750,1.428536
0.491250,1.812982
0.491750,1.466545
0.492250,1.693475
0.492750,1.397022
0.493250,1.821242
0.493750,1.373592
0.494250,1.807201
0.494750,2.125209
0.495250,1.371591
0.495750,1.614075
0.496250,1.872173
0.496750,0.817888
0.497250,1.426916
0.497750,1.363123
0.498250,1.959101
0.498750,1.774740
0.499250,1.754869
0.499750,2.022560
0.500250,1.293152
0.500750,1.526452
0.501250,1.560557
0.501750,1.534431
0.502250,1.352341
0.502750,1.213761
0.503250,1.114745
0.503750,1.744579
0.504250,1.688322
0.504750,2.022475
0.505250,1.265666
0.505750,2.303572
0.506250,2.320746
0.506750,1.331953
0.507250,1.912958
0.507750,1.242097
0.508250,1.224837
0.508750,1.807630
0.509250,2.416846
0.509750,1.676348
0.510250,2.060869
0.510750,2.071816
0.511250,1.847139
0.511750,1.459223
0.512250,1.609162
0.512750,1.687752
0.513250,1.127562
0.513750,1.445956
0.514250,2.105871
0.514750,1.970396
0.515250,1.624390
0.515750,1.175697
0.516250,1.975535
0.516750,1.211392
0.517250,1.339690
0.517750,1.738513
0.518250,1.987518
0.518750,1.053987
0.519250,1.839600
0.519750,1.848289
0.520250,1.959358
0.520750,1.982845
0.521250,1.785810
0.521750,1.194715
0.522250,1.744337
0.522750,1.859611
0.523250,1.853427
0.523750,2.214493
0.524250,1.165440
0.524750,2.042949
0.525250,1.158373
0.525750,1.979491
0.526250,1.756885
0.526750,1.752335
0.527250,1.248775
0.527750,2.158413
0.528250,1.341858
0.528750,0.991984
0.529250,1.142010
0.529750,0.771683
0.530250,1.230019
0.530750,1.084606
0.531250,1.019411
0.531750,0.623939
0.532250,1.458189
0.532750,1.682559
0.533250,1.070821
0.533750,1.106707
0.534250,1.500468
0.534750,1.332384
0.535250,1.188426
0.535750,0.894756
0.536250,1.434796
0.536750,1.168931
0.537250,1.041347
0.537750,1.355698
0.538250,1.530607
0.538750,1.314240
0.539250,0.971487
0.539750,1.444111
0.540250,0.725048
0.540750,0.913164
0.541250,2.058764
0.541750,1.149938
0.542250,1.287441
0.542750,1.084874
0.543250,1.848214
0.543750,1.454623
0.544250,1.075211
0.544750,1.757274
0.545250,1.666302
0.545750,1.231983
0.546250,1.345723
0.546750,0.666739
0.547250,0.714974
0.547750,0.990615
0.548250,1.498224
0.548750,1.232155
0.549250,1.853689
0.549750,1.091991
0.550250,1.176872
0.550750,1.134667
0.551250,0.522676
0.551750,1.306927
0.552250,0.662254
0.552750,1.054137
0.553250,0.904385
0.553750,1.313601
0.554250,1.726632
0.554750,2.263605
0.555250,1.390357
0.555750,1.338613
0.556250,1.718454
0.556750,0.993261
0.557250,1.003663
0.557750,0.726624
0.558250,0.995028
0.558750,1.146363
0.559250,0.684735
0.559750,1.182462
0.560250,1.366490
0.560750,1.105744
0.561250,0.692101
0.561750,0.895121
0.562250,0.354007
0.562750,1.280871
0.563250,0.721095
0.563750,1.017433
0.564250,0.914474
0.564750,1.188254
0.565250,1.691267
0.565750,0.970498
0.566250,0.592920
0.566750,1.416518
0.567250,0.922751
0.567750,1.458349
0.568250,1.768047
0.568750,1.090458
0.569250,0.708059
0.569750,1.327263
0.570250,0.581585
0.570750,0.224956
0.571250,1.144133
0.571750,1.710872
0.572250,1.708190
0.572750,1.315274
0.573250,1.272535
0.573750,1.107933
0.574250,0.740779
0.574750,0.823513
0.575250,1.141265
0.575750,0.758876
0.576250,0.395203
0.576750,0.120914
0.577250,0.326906
0.577750,1.249905
0.578250,0.410058
0.578750,1.534831
0.579250,0.651745
0.579750,0.458783
0.580250,0.861813
0.580750,0.419900
0.581250,0.008413
0.581750,0.448298
0.582250,0.967221
0.582750,0.633664
0.583250,0.820769
0.583750,0.629602
0.584250,0.811453
0.584750,0.604294
0.585250,0.258352
0.585750,0.277128
0.586250,0.650849
0.586750,0.666198
0.587250,0.879925
0.587750,0.346854
0.588250,0.146021
0.588750,0.297941
0.589250,0.825193
0.589750,0.903290
0.590250,0.774355
0.590750,0.637413
0.591250,0.880854
0.591750,0.799172
0.592250,1.445546
0.592750,1.039126
0.593250,0.766935
0.593750,0.525849
0.594250,0.625745
0.594750,0.615788
0.595250,0.755700
0.595750,0.432305
0.596250,0.393111
0.596750,0.348164
0.597250,0.876572
0.597750,0.418944
0.598250,0.671634
0.598750,0.621136
0.599250,0.203065
0.599750,0.441365
0.600250,0.673460
0.600750,0.024034
0.601250,1.051997
0.601750,0.232797
0.602250,0.316875
0.602750,0.644025
0.603250,0.803662
0.603750,1.008558
0.604250,0.806751
0.604750,0.439719
0.605250,-0.245402
0.605750,0.754620
0.606250,0.433879
0.606750,0.326921
0.607250,-0.134276
0.607750,-0.174628
0.608250,0.862346
0.608750,0.613060
0.609250,1.100344
0.609750,0.400518
0.610250,0.137013
0.610750,0.063104
0.611250,0.783700
0.611750,0.256921
0.612250,0.681968
0.612750,0.039630
0.613250,0.245063
0.613750,0.085146
0.614250,-0.082123
0.614750,0.576336
0.615250,0.193058
0.615750,0.171014
0.616250,-0.371424
0.616750,-0.124260
0.617250,0.328883
0.617750,0.138302
0.618250,0.508324
0.618750,-0.759937
0.619250,0.152455
0.619750,-0.163530
0.620250,-0.010672
0.620750,-0.036423
0.621250,0.159460
0.621750,0.488400
0.622250,-0.457735
0.622750,-0.081805
0.623250,-0.445855
0.623750,-0.725173
0.624250,-0.347936
0.624750,-0.282013
0.625250,-1.287456
0.625750,-0.370562
0.626250,0.204418
0.626750,-0.116796
0.627250,0.074568
0.627750,0.213403
0.628250,0.230585
0.628750,-0.244970
0.629250,-0.342690
0.629750,0.095694
0.630250,-0.727876
0.630750,-0.370072
0.631250,-0.191322
0.631750,-0.165982
0.632250,0.533962
0.632750,-0.565076
0.633250,0.166500
0.633750,-0.030289
0.634250,-0.344368
0.634750,0.106641
0.635250,0.145494
0.635750,-0.033622
0.636250,0.241996
0.636750,0.163109
0.637250,-0.184974
0.637750,-0.908564
0.638250,-0.734066
0.638750,0.183519
0.639250,0.734111
0.639750,0.489318
0.640250,0.194738
0.640750,0.054671
0.641250,-0.109996
0.641750,-0.007087
0.642250,-0.465928
0.642750,-0.016249
0.643250,0.518159
0.643750,-0.303049
0.644250,0.215879
0.644750,0.176149
0.645250,-0.533738
0.645750,-0.212634
0.646250,-0.240434
0.646750,0.182639
0.647250,-0.468173
0.647750,0.197851
0.648250,-1.692227
0.648750,0.512786
0.649250,-0.159521
0.649750,-0.992923
0.650250,-0.177714
0.650750,-0.365914
0.651250,-0.049500
0.651750,-0.359974
0.652250,-0.061745
0.652750,-0.228966
0.653250,0.243516
0.653750,-0.400211
0.654250,-0.655481
0.654750,-0.413961
0.655250,-0.334384
0.655750,-0.550465
0.656250,-0.054117
0.656750,-0.970349
0.657250,-0.634066
0.657750,-0.976361
0.658250,-0.929892
0.658750,-0.483339
0.659250,-0.670792
0.659750,-0.560080
0.660250,-0.355360
0.660750,-0.524476
0.661250,0.099440
0.661750,-0.449067
0.662250,-0.994951
0.662750,-1.119666
0.663250,-0.039029
0.663750,0.458680
0.664250,0.416986
0.664750,0.535820
0.665250,0.390592
0.665750,-0.109813
0.666250,-0.393430
0.666750,-0.327396
0.667250,-0.056751
0.667750,0.042376
0.668250,-0.605491
0.668750,-1.041631
0.669250,-0.922015
0.669750,-0.529038
0.670250,-0.834432
0.670750,-0.575612
0.671250,-0.323042
0.671750,-0.760883
0.672250,-0.631519
0.672750,-0.677651
0.673250,-0.045485
0.673750,-1.270401
0.674250,-0.728427
0.674750,-1.397015
0.675250,-0.879544
0.675750,-0.647812
0.676250,-0.700691
0.676750,-0.718228
0.677250,0.043950
0.677750,-0.729817
0.678250,-0.606874
0.678750,-1.391141
0.679250,-0.619946
0.679750,-1.318589
0.680250,-0.992413
0.680750,-0.992854
0.681250,-1.198742
0.681750,-1.314555
0.682250,-1.822978
0.682750,-1.293318
0.683250,-0.563985
0.683750,-0.491451
0.684250,-0.644391
0.684750,-0.923847
0.685250,-0.948772
0.685750,-0.696688
0.686250,-1.109079
0.686750,-1.235307
0.687250,-1.284398
0.687750,-0.728664
0.688250,-1.355405
0.688750,-1.447548
0.689250,-1.867680
0.689750,-0.866535
0.690250,-1.516263
0.690750,-0.587420
0.691250,-0.870915
0.691750,-0.651891
0.692250,-0.417476
0.692750,-1.156173
0.693250,-0.517953
0.693750,-0.754785
0.694250,-0.959487
0.694750,-1.475943
0.695250,-1.631608
0.695750,-1.478134
0.696250,-0.922862
0.696750,-0.573566
0.697250,-0.887087
0.697750,-1.106101
0.698250,-1.083797
0.698750,-0.609329
0.699250,-1.183379
0.699750,-1.119534
0.700250,-0.629495
0.700750,-0.807426
0.701250,-1.482649
0.701750,-1.633373
0.702250,-0.592287
0.702750,-0.710794
0.703250,-0.384468
0.703750,-0.931366
0.704250,-1.006645
0.704750,-0.721640
0.705250,-0.726556
0.705750,-1.233351
0.706250,-1.267922
0.706750,-0.960129
0.707250,-0.784295
0.707750,-1.022050
0.708250,-1.043678
0.708750,-1.256835
0.709250,-0.930539
0.709750,-0.612779
0.710250,-0.611177
0.710750,-1.105653
0.711250,-0.944517
0.711750,-0.739326
0.712250,-1.546935
0.712750,-0.272573
0.713250,-1.010399
0.713750,-1.891621
0.714250,-0.686176
0.714750,-0.832378
0.715250,-1.869360
0.715750,-1.221981
0.716250,-1.233554
0.716750,-1.267086
0.717250,-1.353373
0.717750,-0.937226
0.718250,-0.662835
0.718750,-0.971253
0.719250,-1.376595
0.719750,-0.928774
0.720250,-0.820287
0.720750,-1.233028
0.721250,-1.248527
0.721750,-1.010220
0.722250,-0.670213
0.722750,-1.256298
0.723250,-1.165253
0.723750,-1.446536
0.724250,-0.892803
0.724750,-1.272727
0.725250,-1.280636
0.725750,-1.681551
0.726250,-1.587176
0.726750,-1.611717
0.727250,-2.443014
0.727750,-1.292118
0.728250,-1.325456
0.728750,-1.462416
0.729250,-1.690723
0.729750,-1.027765
0.730250,-1.850143
0.730750,-2.110637
0.731250,-1.618755
0.731750,-1.061913
0.732250,-1.269024
0.732750,-1.060205
0.733250,-1.154164
0.733750,-1.653184
0.734250,-1.969469
0.734750,-1.693971
0.735250,-1.747957
0.735750,-1.577991
0.736250,-1.204397
0.736750,-1.606624
0.737250,-1.139420
0.737750,-1.073003
0.738250,-1.174175
0.738750,-2.324726
0.739250,-2.253039
0.739750,-2.132371
0.740250,-1.155548
0.740750,-1.720098
0.741250,-1.579162
0.741750,-1.521104
0.742250,-2.064266
0.742750,-1.019359
0.743250,-0.535680
0.743750,-1.812909
0.744250,-1.260040
0.744750,-0.853271
0.745250,-1.357538
0.745750,-1.799121
0.746250,-1.529438
0.746750,-1.662147
0.747250,-1.941279
0.747750,-1.677174
0.748250,-2.246945
0.748750,-1.158926
0.749250,-1.529079
0.749750,-1.237115
0.750250,-0.556517
0.750750,-1.064746
0.751250,-1.414704
0.751750,-1.419716
0.752250,-2.395837
0.752750,-1.192511
0.753250,-1.995124
0.753750,-1.223507
0.754250,-1.015569
0.754750,-1.762225
0.755250,-1.563650
0.755750,-1.474064
0.756250,-0.967041
0.756750,-1.049538
0.757250,-0.984409
0.757750,-1.900828
0.758250,-1.752575
0.758750,-1.692886
0.759250,-1.273208
0.759750,-1.928972
0.760250,-2.701347
0.760750,-2.470188
0.761250,-2.300983
0.761750,-1.633730
0.762250,-1.375594
0.762750,-2.368229
0.763250,-2.077390
0.763750,-2.216162
0.764250,-2.168884
0.764750,-2.233381
0.765250,-1.326923
0.765750,-1.567678
0.766250,-2.412575
0.766750,-1.558111
0.767250,-1.780934
0.767750,-1.757240
0.768250,-1.712927
0.768750,-1.737656
0.769250,-1.552244
0.769750,-2.090440
0.770250,-1.911583
0.770750,-0.276584
0.771250,-1.108924
0.771750,-1.817999
0.772250,-1.113582
0.772750,-1.179873
0.773250,-1.986933
0.773750,-1.495972
0.774250,-1.883112
0.774750,-2.431462
0.775250,-1.961472
0.775750,-1.483864
0.776250,-2.565705
0.776750,-1.604138
0.777250,-2.192935
0.777750,-1.545789
0.778250,-0.872281
0.778750,-2.122356
0.779250,-1.693524
0.779750,-1.999256
0.780250,-2.080031
0.780750,-1.815008
0.781250,-2.035977
0.781750,-2.778203
0.782250,-2.539510
0.782750,-2.057277
0.783250,-1.870256
0.783750,-2.840467
0.784250,-1.258041
0.784750,-2.446859
0.785250,-1.542312
0.785750,-2.119994
0.786250,-2.120592
0.786750,-2.555396
0.787250,-2.536814
0.787750,-2.553915
0.788250,-2.361703
0.788750,-2.251004
0.789250,-2.279809
0.789750,-2.319730
0.790250,-2.361672
0.790750,-1.443653
0.791250,-1.955716
0.791750,-1.598477
0.792250,-3.000293
0.792750,-2.271226
0.793250,-1.833896
0.793750,-1.948897
0.794250,-1.821821
0.794750,-2.145452
0.795250,-1.329455
0.795750,-2.363100
0.796250,-1.866354
0.796750,-2.344272
0.797250,-2.224495
0.797750,-1.063113
0.798250,-2.710169
0.798750,-1.592857
0.799250,-1.838934
0.799750,-2.210555
0.800250,-2.297725
0.800750,-2.335340
0.801250,-1.891516
0.801750,-1.642800
0.802250,-2.327594
0.802750,-2.831239
0.803250,-2.525953
0.803750,-2.263861
0.804250,-2.346963
0.804750,-1.839891
0.805250,-2.136427
0.805750,-1.774716
0.806250,-1.969884
0.806750,-1.479032
0.807250,-1.711245
0.807750,-1.872790
0.808250,-1.969715
0.808750,-1.729778
0.809250,-1.974170
0.809750,-2.338583
0.810250,-2.081386
0.810750,-1.914013
0.811250,-1.873213
0.811750,-1.504465
0.812250,-0.698599
0.812750,-1.823767
0.813250,-1.736168
0.813750,-2.247316
0.814250,-1.886122
0.814750,-2.014903
0.815250,-2.369948
0.815750,-2.141635
0.816250,-2.620574
0.816750,-2.053174
0.817250,-2.387886
0.817750,-2.629657
0.818250,-2.286109
0.818750,-2.949476
0.819250,-1.204009
0.819750,-1.877107
0.820250,-1.911228
0.820750,-1.856052
0.821250,-2.492882
0.821750,-2.028197
0.822250,-2.589648
0.822750,-1.351629
0.823250,-1.817721
0.823750,-2.070108
0.824250,-2.627744
0.824750,-1.930450
0.825250,-2.383955
0.825750,-2.026529
0.826250,-1.254682
0.826750,-1.840508
0.827250,-2.538498
0.827750,-2.524909
0.828250,-1.158198
0.828750,-2.173527
0.829250,-1.558533
0.829750,-1.826396
0.830250,-1.944652
0.830750,-2.934856
0.831250,-1.579337
0.831750,-2.205675
0.832250,-2.699499
0.832750,-2.477812
0.833250,-2.303360
0.833750,-2.354659
0.834250,-1.714430
0.834750,-1.199905
0.835250,-1.695658
0.835750,-2.609782
0.836250,-1.676169
0.836750,-1.857679
0.837250,-1.952904
0.837750,-2.687307
0.838250,-2.314923
0.838750,-2.203496
0.839250,-1.898001
0.839750,-2.441906
0.840250,-1.659087
0.840750,-2.258794
0.841250,-2.097095
0.841750,-2.139319
0.842250,-2.197242
0.842750,-2.310601
0.843250,-2.010929
0.843750,-2.045553
0.844250,-2.529636
0.844750,-2.766850
0.845250,-2.813947
0.845750,-2.554597
0.846250,-1.655778
0.846750,-2.358918
0.847250,-2.035406
0.847750,-2.216505
0.848250,-1.563449
0.848750,-3.079594
0.849250,-2.677290
0.849750,-1.465320
0.850250,-1.363512
0.850750,-1.740149
0.851250,-2.467376
0.851750,-2.192703
0.852250,-1.777114
0.852750,-1.451334
0.853250,-1.554749
0.853750,-3.277686
0.854250,-1.619023
0.854750,-1.588934
0.855250,-2.130193
0.855750,-1.023649
0.856250,-2.458741
0.856750,-1.275847
0.857250,-2.274088
0.857750,-2.522742
0.858250,-1.859138
0.858750,-1.890439
0.859250,-2.446847
0.859750,-2.316136
0.860250,-1.870102
0.860750,-1.306396
0.861250,-2.328972
0.861750,-1.921385
0.862250,-1.502204
0.862750,-1.741892
0.863250,-1.732436
0.863750,-1.323683
0.864250,-2.343301
0.864750,-2.259134
0.865250,-0.750884
0.865750,-2.059179
0.866250,-1.170657
0.866750,-2.198819
0.867250,-3.026275
0.867750,-1.983323
0.868250,-1.659633
0.868750,-1.182747
0.869250,-1.163556
0.869750,-1.911480
0.870250,-1.614570
0.870750,-1.548554
0.871250,-1.783004
0.871750,-1.568572
0.872250,-1.351399
0.872750,-3.006645
0.873250,-2.477430
0.873750,-2.540165
0.874250,-2.233107
0.874750,-1.904555
0.875250,-1.989385
0.875750,-1.904920
0.876250,-0.494150
0.876750,-1.159252
0.877250,-1.289533
0.877750,-2.288696
0.878250,-1.869263
0.878750,-1.326883
0.879250,-1.224095
0.879750,-1.849800
0.880250,-1.081317
0.880750,-1.418290
0.881250,-2.812553
0.881750,-1.810937
0.882250,-2.160842
0.882750,-2.224343
0.883250,-1.403999
0.883750,-1.792306
0.884250,-1.219455
0.884750,-2.308755
0.885250,-2.448401
0.885750,-1.563256
0.886250,-1.804913
0.886750,-2.366026
0.887250,-1.888718
0.887750,-1.924880
0.888250,-2.464233
0.888750,-2.997806
0.889250,-2.734173
0.889750,-2.761914
0.890250,-2.126420
0.890750,-2.233610
0.891250,-1.669188
0.891750,-1.029681
0.892250,-1.267375
0.892750,-2.049824
0.893250,-1.700482
0.893750,-1.901282
0.894250,-2.065055
0.894750,-2.547547
0.895250,-2.338358
0.895750,-1.636449
0.896250,-1.846057
0.896750,-1.725384
0.897250,-1.375952
0.897750,-1.264759
0.898250,-1.787176
0.898750,-0.904582
0.899250,-1.712223
0.899750,-2.677521
0.900250,-2.247706
0.900750,-1.791416
0.901250,-2.399283
0.901750,-2.176981
0.902250,-1.310334
0.902750,-1.906513
0.903250,-1.431288
0.903750,-1.813084
0.904250,-2.205964
0.904750,-2.553859
0.905250,-2.271413
0.905750,-1.967575
0.906250,-2.300957
0.906750,-1.201050
0.907250,-1.947877
0.907750,-2.233599
0.908250,-1.757851
0.908750,-1.667744
0.909250,-2.511724
0.909750,-1.166937
0.910250,-1.856096
0.910750,-2.322303
0.911250,-2.492985
0.911750,-1.978597
0.912250,-2.066282
0.912750,-1.929966
0.913250,-1.751664
0.913750,-1.190944
0.914250,-1.711801
0.914750,-1.565611
0.915250,-1.406515
0.915750,-2.007862
0.916250,-1.483112
0.916750,-2.293834
0.917250,-1.499100
0.917750,-1.148373
0.918250,-2.394870
0.918750,-1.437542
0.919250,-2.438613
0.919750,-2.061876
0.920250,-1.081992
0.920750,-1.439981
0.921250,-0.716730
0.921750,-1.661530
0.922250,-1.229447
0.922750,-1.653249
0.923250,-1.653326
0.923750,-1.492719
0.924250,-0.384016
0.924750,-1.841476
0.925250,-2.009310
0.925750,-1.836831
0.926250,-1.930408
0.926750,-1.963027
0.927250,-1.859457
0.927750,-1.883177
0.928250,-1.463527
0.928750,-1.223010
0.929250,-1.520244
0.929750,-1.689245
0.930250,-0.867230
0.930750,-0.857696
0.931250,-1.200288
0.931750,-0.647582
0.932250,-2.384815
0.932750,-1.297218
0.933250,-0.598707
0.933750,-1.840991
0.934250,-2.701610
0.934750,-1.800835
0.935250,-1.806455
0.935750,-1.320558
0.936250,-2.039332
0.936750,-1.553476
0.937250,-1.395549
0.937750,-2.293657
0.938250,-1.744743
0.938750,-0.923079
0.939250,-1.531476
0.939750,-1.093241
0.940250,-1.359771
0.940750,-1.748641
0.941250,-1.295833
0.941750,-0.989651
0.942250,-1.229596
0.942750,-0.575190
0.943250,-1.389723
0.943750,-1.087122
0.944250,-2.009892
0.944750,-1.624404
0.945250,-1.472697
0.945750,-1.613585
0.946250,-2.180716
0.946750,-1.276198
0.947250,-1.106770
0.947750,-1.754895
0.948250,-1.654964
0.948750,-1.194656
0.949250,-2.300968
0.949750,-1.306584
0.950250,-1.765856
0.950750,-1.757502
0.951250,-0.767043
0.951750,-1.515990
0.952250,-1.313634
0.952750,-1.514200
0.953250,-1.523457
0.953750,-1.537614
0.954250,-1.219460
0.954750,-2.149791
0.955250,-1.414962
0.955750,-2.398319
0.956250,-1.864541
0.956750,-1.321911
0.957250,-1.587304
0.957750,-1.777198
0.958250,-0.831575
0.958750,-0.888242
0.959250,-1.876175
0.959750,-1.820907
0.960250,-1.432824
0.960750,-1.336080
0.961250,-1.196896
0.961750,0.456573
0.962250,-1.047764
0.962750,-1.183243
0.963250,-0.883161
0.963750,-1.542594
0.964250,-1.977449
0.964750,-1.276105
0.965250,-0.886920
0.965750,-0.025922
0.966250,-1.663413
0.966750,-1.401610
0.967250,-1.361373
0.967750,-2.053370
0.968250,-1.506497
0.968750,-1.647389
0.969250,-1.204104
0.969750,-1.926896
0.970250,-0.367892
0.970750,-2.424580
0.971250,-1.493872
0.971750,-1.901921
0.972250,-2.123405
0.972750,-1.777171
0.973250,-1.996492
0.973750,-1.790408
0.974250,-1.207216
0.974750,-2.124036
0.975250,-1.252865
0.975750,-1.647995
0.976250,-1.530664
0.976750,-1.137843
0.977250,-0.926386
0.977750,-0.927387
0.978250,-1.751348
0.978750,-1.258230
0.979250,-0.820552
0.979750,-1.127404
0.980250,-0.604124
0.980750,-0.482349
0.981250,-1.564421
0.981750,-0.501670
0.982250,-0.902677
0.982750,-1.261207
0.983250,-1.213389
0.983750,-0.436295
0.984250,0.002225
0.984750,-1.468594
0.985250,-0.481716
0.985750,-0.826372
0.986250,-0.298133
0.986750,-0.213205
0.987250,-1.611518
0.987750,-0.955430
0.988250,-0.630893
0.988750,-0.589323
0.989250,-1.176741
0.989750,-0.365534
0.990250,-0.204554
0.990750,0.264724
0.991250,-0.686967
0.991750,-0.747880
0.992250,-0.497675
0.992750,-1.611304
0.993250,-0.542880
0.993750,-0.692588
0.994250,-1.723814
0.994750,-1.018682
0.995250,-1.729242
0.995750,-0.956181
0.996250,-1.637190
0.996750,-1.624679
0.997250,-0.856892
0.997750,-1.476128
0.998250,-1.034747
0.998750,-1.537291
0.999250,-0.347369
0.999750,-1.148747
