0.000250,0.064964
0.000750,0.144412
0.001250,0.099104
0.001750,-0.162556
0.002250,-0.110665
0.002750,-0.132802
0.003250,0.023149
0.003750,-0.041425
0.004250,0.160560
0.004750,0.218081
0.005250,0.350793
0.005750,0.155095
0.006250,0.211915
0.006750,0.083179
0.007250,0.235935
0.007750,0.138043
0.008250,-0.160224
0.008750,0.290287
0.009250,0.048308
0.009750,-0.262242
0.010250,-0.074989
0.010750,0.012636
0.011250,0.385854
0.011750,0.285171
0.012250,0.088337
0.012750,0.379340
0.013250,0.525406
0.013750,0.343712
0.014250,0.464993
0.014750,0.763403
0.015250,0.743477
0.015750,0.841765
0.016250,1.114915
0.016750,0.775822
0.017250,1.248951
0.017750,0.722969
0.018250,0.928214
0.018750,0.847315
0.019250,1.312435
0.019750,1.019625
0.020250,1.235303
0.020750,1.418248
0.021250,1.083849
0.021750,0.983475
0.022250,0.881793
0.022750,1.104182
0.023250,0.979859
0.023750,0.624008
0.024250,0.590493
0.024750,0.409532
0.025250,0.789899
0.025750,0.945363
0.026250,0.545593
0.026750,1.070058
0.027250,1.146860
0.027750,0.983971
0.028250,0.961350
0.028750,1.030037
0.029250,1.342178
0.029750,1.012114
0.030250,0.848972
0.030750,1.261089
0.031250,1.262056
0.031750,1.267373
0.032250,1.405789
0.032750,1.659057
0.033250,1.648211
0.033750,1.224290
0.034250,1.604500
0.034750,1.604418
0.035250,1.147931
0.035750,1.648349
0.036250,1.477883
0.036750,1.406253
0.037250,1.033148
0.037750,0.864637
0.038250,0.607507
0.038750,1.033517
0.039250,1.839407
0.039750,1.226870
0.040250,0.673890
0.040750,0.920075
0.041250,0.796279
0.041750,0.693332
0.042250,1.005756
0.042750,0.821239
0.043250,0.513187
0.043750,0.333686
0.044250,0.413083
0.044750,0.597755
0.045250,0.382606
0.045750,0.900421
0.046250,0.445140
0.046750,1.182100
0.047250,1.252338
0.047750,1.053905
0.048250,0.592465
0.048750,0.925401
0.049250,1.129695
0.049750,1.042417
0.050250,0.660555
0.050750,1.100357
0.051250,0.536029
0.051750,0.628491
0.052250,0.677010
0.052750,0.802052
0.053250,1.019120
0.053750,0.831078
0.054250,0.905346
0.054750,1.096810
0.055250,0.976899
0.055750,1.290586
0.056250,1.787302
0.056750,1.442116
0.057250,1.046601
0.057750,1.497001
0.058250,1.442993
0.058750,1.967526
0.059250,2.054660
0.059750,1.425069
0.060250,1.268667
0.060750,1.666500
0.061250,1.283739
0.061750,1.307297
0.062250,1.300543
0.062750,2.066716
0.063250,1.612701
0.063750,1.963000
0.064250,1.552987
0.064750,1.900563
0.065250,1.769172
0.065750,1.271507
0.066250,1.356564
0.066750,2.082859
0.067250,1.525553
0.067750,1.255660
0.068250,1.640525
0.068750,1.381687
0.069250,0.288821
0.069750,0.620737
0.070250,0.617445
0.070750,0.588801
0.071250,0.393732
0.071750,0.594711
0.072250,1.049503
0.072750,0.666529
0.073250,0.390408
0.073750,0.905805
0.074250,0.793162
0.074750,1.144598
0.075250,0.975914
0.075750,0.709542
0.076250,1.327108
0.076750,1.320389
0.077250,1.318445
0.077750,0.782257
0.078250,0.952291
0.078750,1.234909
0.079250,0.476082
0.079750,0.945397
0.080250,0.775846
0.080750,0.805523
0.081250,1.227351
0.081750,0.472105
0.082250,0.883250
0.082750,1.353284
0.083250,1.671286
0.083750,1.571205
0.084250,1.865352
0.084750,1.418966
0.085250,1.865056
0.085750,1.312463
0.086250,1.787005
0.086750,1.184100
0.087250,1.366997
0.087750,1.399111
0.088250,1.206993
0.088750,1.375060
0.089250,1.025764
0.089750,1.788663
0.090250,0.577700
0.090750,0.737080
0.091250,0.412964
0.091750,1.273047
0.092250,0.903887
0.092750,0.787360
0.093250,0.946650
0.093750,0.443910
0.094250,1.263569
0.094750,0.875727
0.095250,1.165616
0.095750,1.347318
0.096250,1.110358
0.096750,0.675780
0.097250,1.311517
0.097750,1.677560
0.098250,0.325759
0.098750,-0.090109
0.099250,1.495495
0.099750,0.537042
0.100250,0.214147
0.100750,-0.208695
0.101250,0.179079
0.101750,0.481553
0.102250,0.058281
0.102750,-0.778171
0.103250,-0.110277
0.103750,-1.026431
0.104250,0.271379
0.104750,-0.437647
0.105250,0.288023
0.105750,-0.375368
0.106250,0.069044
0.106750,0.662546
0.107250,0.295987
0.107750,0.765512
0.108250,0.594934
0.108750,0.452583
0.109250,0.590861
0.109750,0.305540
0.110250,0.428933
0.110750,0.431465
0.111250,0.463573
0.111750,-0.437846
0.112250,0.087774
0.112750,0.162311
0.113250,-0.353792
0.113750,0.872897
0.114250,0.146251
0.114750,0.861692
0.115250,-0.014967
0.115750,-0.627194
0.116250,-0.040356
0.116750,0.137297
0.117250,0.471701
0.117750,0.162126
0.118250,0.821361
0.118750,0.448415
0.119250,0.390508
0.119750,0.756507
0.120250,1.559098
0.120750,1.376639
0.121250,0.047560
0.121750,0.395324
0.122250,1.155437
0.122750,0.651071
0.123250,1.340538
0.123750,0.326059
0.124250,1.022841
0.124750,1.033946
0.125250,1.432335
0.125750,0.490662
0.126250,0.911588
0.126750,0.039183
0.127250,0.523405
0.127750,0.197250
0.128250,0.529169
0.128750,0.736667
0.129250,0.773384
0.129750,1.272903
0.130250,0.732780
0.130750,1.020650
0.131250,1.341231
0.131750,0.768201
0.132250,1.383541
0.132750,1.101618
0.133250,1.044381
0.133750,1.457291
0.134250,1.953644
0.134750,0.151691
0.135250,-0.301847
0.135750,0.081187
0.136250,-0.517931
0.136750,0.321637
0.137250,-0.284226
0.137750,-0.344342
0.138250,0.241317
0.138750,-0.021956
0.139250,0.084276
0.139750,-0.445771
0.140250,-1.372532
0.140750,-0.413010
0.141250,-0.397004
0.141750,0.201635
0.142250,-1.327223
0.142750,-0.164781
0.143250,0.182507
0.143750,-0.377852
0.144250,-0.535331
0.144750,-0.730777
0.145250,-0.741471
0.145750,0.446794
0.146250,-0.388783
0.146750,-0.771253
0.147250,0.267835
0.147750,0.455990
0.148250,-0.317813
0.148750,0.790902
0.149250,0.662270
0.149750,-0.280035
0.150250,-0.033147
0.150750,-0.490702
0.151250,0.352663
0.151750,-0.755121
0.152250,-0.111330
0.152750,-0.000290
0.153250,0.252214
0.153750,-1.894721
0.154250,-0.401753
0.154750,-0.201701
0.155250,-0.592753
0.155750,-0.643435
0.156250,-0.400327
0.156750,0.222705
0.157250,0.106308
0.157750,0.675415
0.158250,-0.909990
0.158750,0.350860
0.159250,0.477171
0.159750,0.114274
0.160250,-1.149717
0.160750,-0.108168
0.161250,0.349683
0.161750,0.950447
0.162250,0.457337
0.162750,-0.404037
0.163250,0.762299
0.163750,0.308565
0.164250,0.602865
0.164750,-0.147166
0.165250,0.247856
0.165750,0.090243
0.166250,0.465656
0.166750,-0.037652
0.167250,0.489889
0.167750,-0.109996
0.168250,0.397945
0.168750,0.161588
0.169250,-0.451377
0.169750,-0.222625
0.170250,-0.336771
0.170750,0.769422
0.171250,-0.162081
0.171750,-0.175193
0.172250,0.162691
0.172750,-0.321381
0.173250,0.139948
0.173750,0.011923
0.174250,-1.043304
0.174750,-0.999215
0.175250,-0.330656
0.175750,-0.993573
0.176250,-1.399462
0.176750,-0.722659
0.177250,-0.280446
0.177750,-0.520747
0.178250,-0.911655
0.178750,-0.320841
0.179250,-1.215009
0.179750,-0.762473
0.180250,-0.848343
0.180750,-1.088219
0.181250,-0.430299
0.181750,0.498458
0.182250,-1.131146
0.182750,-1.423280
0.183250,-0.705120
0.183750,-0.212770
0.184250,-0.292501
0.184750,-0.490572
0.185250,-0.595268
0.185750,-1.173776
0.186250,-1.580510
0.186750,-0.848649
0.187250,-1.418589
0.187750,-1.016923
0.188250,-0.860965
0.188750,-1.292727
0.189250,-0.959748
0.189750,-0.775598
0.190250,-0.512281
0.190750,-0.813158
0.191250,0.861805
0.191750,-1.126650
0.192250,-0.912776
0.192750,-0.351219
0.193250,-1.271502
0.193750,-0.028072
0.194250,0.753749
0.194750,-0.363896
0.195250,-0.657759
0.195750,-0.735816
0.196250,-0.930306
0.196750,-1.055311
0.197250,0.214975
0.197750,-0.885513
0.198250,-1.497817
0.198750,-0.449803
0.199250,-0.100294
0.199750,-0.405061
0.200250,-0.455884
0.200750,-0.831659
0.201250,-1.171410
0.201750,-0.304629
0.202250,-1.220760
0.202750,-0.384713
0.203250,-0.757673
0.203750,-0.945031
0.204250,-1.227569
0.204750,-0.603671
0.205250,0.778926
0.205750,-0.344949
0.206250,1.236615
0.206750,-0.300874
0.207250,0.176748
0.207750,0.681190
0.208250,-0.436118
0.208750,0.424913
0.209250,-0.254441
0.209750,0.217477
0.210250,-0.357190
0.210750,0.619917
0.211250,0.117706
0.211750,1.977243
0.212250,1.280948
0.212750,0.610175
0.213250,0.103035
0.213750,-0.203967
0.214250,0.511131
0.214750,0.645602
0.215250,1.056768
0.215750,0.473960
0.216250,0.551274
0.216750,1.377141
0.217250,-0.356605
0.217750,0.940865
0.218250,0.067301
0.218750,1.498654
0.219250,1.188463
0.219750,1.419168
0.220250,1.402390
0.220750,0.495561
0.221250,-0.026819
0.221750,0.813385
0.222250,0.846448
0.222750,1.457949
0.223250,1.080523
0.223750,1.064577
0.224250,1.412013
0.224750,0.824369
0.225250,2.545225
0.225750,0.720884
0.226250,0.732737
0.226750,1.367161
0.227250,1.741796
0.227750,0.931524
0.228250,1.178189
0.228750,0.528666
0.229250,0.483543
0.229750,1.228354
0.230250,0.799303
0.230750,0.439752
0.231250,1.272313
0.231750,0.055592
0.232250,1.216440
0.232750,0.084265
0.233250,0.352881
0.233750,0.439320
0.234250,0.221824
0.234750,-0.749936
0.235250,0.221767
0.235750,0.639214
0.236250,0.510282
0.236750,0.576440
0.237250,0.357150
0.237750,0.138728
0.238250,0.341336
0.238750,0.909044
0.239250,1.039920
0.239750,-0.318117
0.240250,-1.793302
0.240750,0.104989
0.241250,-1.166661
0.241750,-0.465514
0.242250,-0.584286
0.242750,0.034325
0.243250,0.806680
0.243750,1.238002
0.244250,-0.933312
0.244750,0.159400
0.245250,0.501493
0.245750,0.943931
0.246250,0.535878
0.246750,0.732273
0.247250,0.901604
0.247750,-0.195114
0.248250,-0.191840
0.248750,-0.098275
0.249250,-0.127893
0.249750,0.740441
0.250250,1.772809
0.250750,-0.080146
0.251250,1.715326
0.251750,0.704098
0.252250,0.299175
0.252750,0.823883
0.253250,-1.160506
0.253750,0.211626
0.254250,-0.030288
0.254750,0.879354
0.255250,-0.196897
0.255750,-0.922950
0.256250,-0.316196
0.256750,0.466698
0.257250,0.258166
0.257750,0.231608
0.258250,-0.049278
0.258750,0.250846
0.259250,0.385300
0.259750,1.075763
0.260250,1.147451
0.260750,0.521637
0.261250,0.310460
0.261750,-0.960410
0.262250,2.115872
0.262750,1.191294
0.263250,0.425277
0.263750,-1.253636
0.264250,0.822512
0.264750,0.526675
0.265250,0.784608
0.265750,1.535810
0.266250,-0.362228
0.266750,1.200611
0.267250,1.482224
0.267750,1.197169
0.268250,0.180707
0.268750,0.851047
0.269250,0.805880
0.269750,0.105573
0.270250,-0.433622
0.270750,0.681385
0.271250,1.198291
0.271750,1.813993
0.272250,1.744606
0.272750,0.883795
0.273250,1.342006
0.273750,1.724053
0.274250,1.247678
0.274750,0.907529
0.275250,0.419266
0.275750,0.461204
0.276250,-0.452125
0.276750,0.561189
0.277250,-0.142349
0.277750,0.897567
0.278250,0.117183
0.278750,0.776264
0.279250,-0.454363
0.279750,-0.697608
0.280250,0.218518
0.280750,1.507062
0.281250,-0.064811
0.281750,0.074778
0.282250,1.131131
0.282750,0.150159
0.283250,0.958808
0.283750,-0.453980
0.284250,0.402630
0.284750,-1.399493
0.285250,0.350682
0.285750,1.318841
0.286250,1.069155
0.286750,-0.353611
0.287250,0.031876
0.287750,-0.852244
0.288250,0.831199
0.288750,-0.766250
0.289250,-0.388025
0.289750,-0.043859
0.290250,1.189891
0.290750,-1.363246
0.291250,-0.011155
0.291750,-0.912014
0.292250,1.246937
0.292750,-0.774605
0.293250,-0.915331
0.293750,0.287788
0.294250,-0.099333
0.294750,-1.361757
0.295250,-0.975835
0.295750,-1.283366
0.296250,-0.696637
0.296750,-0.767604
0.297250,-0.266163
0.297750,-0.481757
0.298250,-0.767918
0.298750,-0.185158
0.299250,0.044684
0.299750,0.265884
0.300250,-1.361536
0.300750,-0.292826
0.301250,0.400584
0.301750,0.004260
0.302250,0.613490
0.302750,0.046503
0.303250,0.092753
0.303750,-1.065796
0.304250,0.365544
0.304750,0.300426
0.305250,-1.022377
0.305750,-0.841578
0.306250,-0.070051
0.306750,0.310208
0.307250,-0.606151
0.307750,-0.405849
0.308250,0.738090
0.308750,-0.965980
0.309250,-0.395528
0.309750,0.764353
0.310250,0.411372
0.310750,-0.695869
0.311250,-0.547850
0.311750,0.188407
0.312250,-0.245465
0.312750,0.123784
0.313250,-0.494553
0.313750,0.063425
0.314250,0.885302
0.314750,-0.488012
0.315250,0.617461
0.315750,1.354515
0.316250,0.709888
0.316750,0.361863
0.317250,0.778776
0.317750,-0.283362
0.318250,-0.488797
0.318750,0.135446
0.319250,0.807875
0.319750,-0.233825
0.320250,0.184202
0.320750,0.934753
0.321250,0.343093
0.321750,0.903414
0.322250,1.839453
0.322750,0.232263
0.323250,0.682133
0.323750,1.101396
0.324250,1.561745
0.324750,1.142507
0.325250,0.175322
0.325750,2.843629
0.326250,1.198883
0.326750,0.749130
0.327250,1.286851
0.327750,0.921477
0.328250,1.713312
0.328750,1.707682
0.329250,0.377366
0.329750,0.947730
0.330250,0.400081
0.330750,0.692055
0.331250,0.101053
0.331750,-0.028006
0.332250,0.626979
0.332750,1.199152
0.333250,0.797303
0.333750,0.447523
0.334250,0.492277
0.334750,2.043201
0.335250,0.322875
0.335750,1.100568
0.336250,2.329594
0.336750,-0.319589
0.337250,1.307959
0.337750,1.890123
0.338250,1.034542
0.338750,1.242505
0.339250,2.555509
0.339750,1.268641
0.340250,0.567553
0.340750,0.859349
0.341250,2.240535
0.341750,1.631997
0.342250,2.095020
0.342750,0.321970
0.343250,1.292877
0.343750,1.898417
0.344250,1.357399
0.344750,1.910324
0.345250,1.254590
0.345750,0.350280
0.346250,2.416316
0.346750,2.029062
0.347250,0.097998
0.347750,1.610058
0.348250,1.874390
0.348750,2.257729
0.349250,0.671548
0.349750,0.087831
0.350250,2.489428
0.350750,1.951719
0.351250,1.951994
0.351750,1.190444
0.352250,1.419457
0.352750,1.464461
0.353250,1.212434
0.353750,-0.175885
0.354250,2.180772
0.354750,1.032229
0.355250,1.921529
0.355750,2.215326
0.356250,1.543432
0.356750,2.782908
0.357250,1.718012
0.357750,0.756460
0.358250,-0.266137
0.358750,0.861245
0.359250,-0.924682
0.359750,1.292840
0.360250,0.821034
0.360750,2.020860
0.361250,0.900308
0.361750,1.722364
0.362250,2.052187
0.362750,0.516720
0.363250,1.654714
0.363750,1.828586
0.364250,0.149409
0.364750,0.340446
0.365250,0.539907
0.365750,2.011754
0.366250,2.187761
0.366750,1.663843
0.367250,0.651041
0.367750,0.035541
0.368250,1.183363
0.368750,0.193864
0.369250,1.814919
0.369750,1.537394
0.370250,1.553437
0.370750,1.757209
0.371250,1.611456
0.371750,0.997636
0.372250,0.532288
0.372750,1.516737
0.373250,1.925021
0.373750,0.128419
0.374250,0.287771
0.374750,1.353991
0.375250,2.128133
0.375750,0.781624
0.376250,1.285232
0.376750,1.140129
0.377250,2.231460
0.377750,1.453825
0.378250,1.777950
0.378750,2.167655
0.379250,-0.135110
0.379750,2.500888
0.380250,1.178411
0.380750,1.705911
0.381250,0.955233
0.381750,1.158763
0.382250,1.358818
0.382750,1.511426
0.383250,0.952990
0.383750,1.881971
0.384250,1.171122
0.384750,2.734449
0.385250,1.869320
0.385750,3.847651
0.386250,0.676468
0.386750,2.272518
0.387250,1.153918
0.387750,1.904343
0.388250,2.979774
0.388750,2.884348
0.389250,3.082643
0.389750,2.436686
0.390250,2.393417
0.390750,1.602581
0.391250,2.006067
0.391750,2.070168
0.392250,2.444472
0.392750,1.639282
0.393250,2.103608
0.393750,3.437445
0.394250,2.899729
0.394750,3.124653
0.395250,2.722322
0.395750,2.996103
0.396250,2.415667
0.396750,1.427860
0.397250,3.073753
0.397750,2.212164
0.398250,2.824677
0.398750,1.814434
0.399250,1.903209
0.399750,2.901273
0.400250,2.316337
0.400750,3.275726
0.401250,2.004953
0.401750,1.791925
0.402250,1.662154
0.402750,0.410289
0.403250,1.459045
0.403750,1.552302
0.404250,2.265563
0.404750,2.789098
0.405250,1.595974
0.405750,1.733818
0.406250,1.892092
0.406750,0.961677
0.407250,1.627417
0.407750,1.148263
0.408250,-0.254503
0.408750,1.502002
0.409250,0.059248
0.409750,1.104125
0.410250,-0.401857
0.410750,1.079099
0.411250,1.193098
0.411750,2.220316
0.412250,0.898061
0.412750,0.999040
0.413250,2.212155
0.413750,1.587416
0.414250,2.324380
0.414750,3.074813
0.415250,4.255775
0.415750,3.169188
0.416250,2.104901
0.416750,1.582524
0.417250,1.772662
0.417750,1.768288
0.418250,2.407749
0.418750,0.477563
0.419250,0.961915
0.419750,1.391698
0.420250,0.793505
0.420750,1.413551
0.421250,1.149014
0.421750,1.150157
0.422250,2.549710
0.422750,0.705353
0.423250,0.749472
0.423750,0.057337
0.424250,1.248126
0.424750,2.071397
0.425250,0.325936
0.425750,1.614963
0.426250,1.535128
0.426750,-1.341062
0.427250,1.304982
0.427750,-0.615984
0.428250,-0.899500
0.428750,0.325694
0.429250,-0.074238
0.429750,0.409829
0.430250,0.016458
0.430750,1.529895
0.431250,-0.372085
0.431750,0.656620
0.432250,0.636120
0.432750,1.435763
0.433250,1.341932
0.433750,0.341031
0.434250,1.931388
0.434750,2.376854
0.435250,0.644967
0.435750,-0.118467
0.436250,1.557297
0.436750,1.618914
0.437250,0.974964
0.437750,0.208636
0.438250,1.705529
0.438750,1.693119
0.439250,-0.442581
0.439750,1.775352
0.440250,0.119026
0.440750,0.492973
0.441250,2.436259
0.441750,0.155216
0.442250,0.076123
0.442750,2.380845
0.443250,1.219595
0.443750,0.935374
0.444250,3.172603
0.444750,1.326672
0.445250,1.552243
0.445750,0.258940
0.446250,1.629894
0.446750,0.152968
0.447250,1.929434
0.447750,2.429459
0.448250,2.135098
0.448750,2.106692
0.449250,2.225400
0.449750,2.098718
0.450250,1.769836
0.450750,3.034388
0.451250,2.743890
0.451750,0.800568
0.452250,3.404928
0.452750,2.002213
0.453250,1.351082
0.453750,1.713893
0.454250,0.869736
0.454750,2.450215
0.455250,1.155963
0.455750,0.953967
0.456250,0.911749
0.456750,1.430730
0.457250,0.295748
0.457750,1.406564
0.458250,-0.614574
0.458750,1.315532
0.459250,0.158732
0.459750,2.734277
0.460250,2.774226
0.460750,1.619649
0.461250,2.544060
0.461750,3.391960
0.462250,2.324429
0.462750,1.046353
0.463250,2.113069
0.463750,2.652656
0.464250,1.804683
0.464750,3.028052
0.465250,4.367901
0.465750,3.180470
0.466250,3.787360
0.466750,2.355279
0.467250,2.722081
0.467750,0.654339
0.468250,5.136888
0.468750,2.425208
0.469250,1.960546
0.469750,1.999679
0.470250,1.438511
0.470750,2.462186
0.471250,1.124473
0.471750,3.046713
0.472250,1.784594
0.472750,1.780720
0.473250,1.902580
0.473750,3.219469
0.474250,3.294965
0.474750,3.749206
0.475250,2.757588
0.475750,3.198811
0.476250,2.286864
0.476750,3.983034
0.477250,3.367736
0.477750,1.296458
0.478250,2.078736
0.478750,3.491136
0.479250,3.460674
0.479750,2.370562
0.480250,0.961518
0.480750,2.034170
0.481250,1.519025
0.481750,2.782306
0.482250,2.303669
0.482750,3.330716
0.483250,0.776749
0.483750,2.892515
0.484250,2.122493
0.484750,1.759434
0.485250,1.617341
0.485750,1.895937
0.486250,2.864691
0.486750,2.481282
0.487250,0.453789
0.487750,1.732960
0.488250,2.830118
0.488750,1.838606
0.489250,0.453442
0.489750,2.750599
0.490250,1.365313
0.490750,1.942936
0.491250,1.348012
0.491750,1.737086
0.492250,2.109120
0.492750,2.531813
0.493250,1.020361
0.493750,1.239054
0.494250,1.277072
0.494750,1.028601
0.495250,1.522927
0.495750,2.077243
0.496250,2.921376
0.496750,2.669929
0.497250,0.147589
0.497750,1.570223
0.498250,2.477455
0.498750,0.414828
0.499250,1.976025
0.499750,-0.001107
0.500250,1.833875
0.500750,1.478940
0.501250,2.844765
0.501750,0.372218
0.502250,1.863164
0.502750,1.188689
0.503250,0.727733
0.503750,1.249772
0.504250,0.598970
0.504750,0.801238
0.505250,0.806516
0.505750,1.885710
0.506250,0.890718
0.506750,2.865787
0.507250,1.845191
0.507750,1.818322
0.508250,0.532481
0.508750,-0.192083
0.509250,0.523105
0.509750,2.183426
0.510250,1.103072
0.510750,0.911936
0.511250,1.101538
0.511750,0.387055
0.512250,1.506680
0.512750,0.476887
0.513250,0.214806
0.513750,0.502796
0.514250,0.662560
0.514750,0.303146
0.515250,0.871711
0.515750,0.112738
0.516250,1.223621
0.516750,-0.172714
0.517250,-0.763003
0.517750,2.665609
0.518250,0.595798
0.518750,1.635744
0.519250,0.366919
0.519750,0.439800
0.520250,0.308373
0.520750,2.034101
0.521250,1.754803
0.521750,2.294181
0.522250,0.084750
0.522750,0.866714
0.523250,0.557936
0.523750,2.145700
0.524250,0.080827
0.524750,0.780185
0.525250,0.693502
0.525750,3.014245
0.526250,-0.105371
0.526750,-0.463223
0.527250,1.043303
0.527750,0.878063
0.528250,0.276704
0.528750,0.938640
0.529250,-0.331951
0.529750,2.416533
0.530250,0.700817
0.530750,0.816055
0.531250,-0.296105
0.531750,1.521195
0.532250,-0.640752
0.532750,1.107864
0.533250,0.902872
0.533750,-0.741364
0.534250,1.031772
0.534750,0.192600
0.535250,1.129351
0.535750,2.119744
0.536250,1.109658
0.536750,1.899308
0.537250,2.292910
0.537750,0.935719
0.538250,3.628901
0.538750,1.222444
0.539250,1.714513
0.539750,0.208733
0.540250,2.115541
0.540750,0.018450
0.541250,1.020557
0.541750,2.613180
0.542250,2.389363
0.542750,0.613692
0.543250,1.919639
0.543750,0.075246
0.544250,1.318134
0.544750,1.323729
0.545250,-0.054005
0.545750,1.490415
0.546250,0.398555
0.546750,2.130591
0.547250,1.469501
0.547750,1.696317
0.548250,1.564239
0.548750,1.503843
0.549250,1.601958
0.549750,0.903030
0.550250,0.001241
0.550750,0.063421
0.551250,2.751456
0.551750,1.248091
0.552250,2.379010
0.552750,1.547102
0.553250,1.189682
0.553750,1.883222
0.554250,1.505524
0.554750,0.173999
0.555250,1.152230
0.555750,2.601234
0.556250,1.356222
0.556750,0.330811
0.557250,1.158496
0.557750,3.293571
0.558250,2.486330
0.558750,-0.215024
0.559250,1.935358
0.559750,0.634331
0.560250,1.410607
0.560750,0.938536
0.561250,-0.200280
0.561750,1.291559
0.562250,-0.290723
0.562750,0.018206
0.563250,1.069466
0.563750,1.483222
0.564250,0.752496
0.564750,0.261978
0.565250,0.263332
0.565750,0.138472
0.566250,1.533384
0.566750,1.471663
0.567250,2.012068
0.567750,1.409903
0.568250,-0.514759
0.568750,0.758300
0.569250,1.087591
0.569750,-0.961842
0.570250,0.500726
0.570750,-0.058935
0.571250,-1.081046
0.571750,1.034150
0.572250,0.654554
0.572750,1.129043
0.573250,-0.106608
0.573750,-1.105048
0.574250,0.980005
0.574750,0.325451
0.575250,-1.588256
0.575750,-0.998893
0.576250,-1.319551
0.576750,-1.261085
0.577250,-0.088182
0.577750,0.735977
0.578250,-0.184566
0.578750,-0.712739
0.579250,-0.668965
0.579750,0.000787
0.580250,-0.379863
0.580750,-0.681305
0.581250,0.287587
0.581750,0.220830
0.582250,-2.148993
0.582750,-1.717043
0.583250,-1.312214
0.583750,-0.349559
0.584250,0.108377
0.584750,-0.642375
0.585250,0.181798
0.585750,-1.709979
0.586250,-0.293289
0.586750,0.957900
0.587250,-0.102806
0.587750,-1.726465
0.588250,-1.314887
0.588750,-1.112239
0.589250,-0.839700
0.589750,1.063234
0.590250,-2.191099
0.590750,-0.557763
0.591250,-0.913592
0.591750,1.313733
0.592250,-1.587185
0.592750,-1.117053
0.593250,-1.684776
0.593750,-1.608684
0.594250,-0.029772
0.594750,1.580534
0.595250,-0.358773
0.595750,-0.788437
0.596250,-0.701911
0.596750,-0.963041
0.597250,0.250269
0.597750,0.591961
0.598250,-0.328051
0.598750,-0.598723
0.599250,-0.245983
0.599750,-0.626332
0.600250,-1.195721
0.600750,0.026095
0.601250,0.857609
0.601750,1.229029
0.602250,-1.261526
0.602750,-1.501819
0.603250,-1.518835
0.603750,0.787314
0.604250,-0.982541
0.604750,-0.412086
0.605250,-0.626734
0.605750,0.227833
0.606250,0.785729
0.606750,0.346390
0.607250,-0.584971
0.607750,-2.054284
0.608250,-0.954168
0.608750,-0.417244
0.609250,-1.998725
0.609750,-0.108933
0.610250,-0.072531
0.610750,-0.211295
0.611250,-2.745209
0.611750,0.937973
0.612250,-1.915824
0.612750,0.199309
0.613250,-2.209693
0.613750,-0.605814
0.614250,-1.359625
0.614750,-1.430343
0.615250,-1.463433
0.615750,-0.781235
0.616250,-0.633577
0.616750,-1.767617
0.617250,1.292074
0.617750,0.150072
0.618250,-1.835817
0.618750,-1.978395
0.619250,-2.257231
0.619750,0.129093
0.620250,-0.968060
0.620750,0.493503
0.621250,-0.567974
0.621750,0.600221
0.622250,0.335987
0.622750,-0.127867
0.623250,0.388063
0.623750,0.728327
0.624250,1.905801
0.624750,-1.261066
0.625250,1.690286
0.625750,0.277460
0.626250,0.340349
0.626750,0.745607
0.627250,1.714747
0.627750,0.882085
0.628250,1.406642
0.628750,-0.031882
0.629250,1.385820
0.629750,1.658482
0.630250,1.683122
0.630750,-0.858643
0.631250,-0.364843
0.631750,1.379635
0.632250,-0.145406
0.632750,-0.081566
0.633250,2.178905
0.633750,2.488417
0.634250,1.644597
0.634750,0.242245
0.635250,0.475470
0.635750,0.922897
0.636250,-0.354612
0.636750,1.194258
0.637250,-0.469588
0.637750,-0.678005
0.638250,-0.072547
0.638750,1.057038
0.639250,1.331441
0.639750,1.141145
0.640250,0.170342
0.640750,1.307562
0.641250,1.173664
0.641750,-0.214712
0.642250,1.024185
0.642750,2.521844
0.643250,0.872075
0.643750,1.040177
0.644250,0.152162
0.644750,0.118211
0.645250,0.104355
0.645750,1.424749
0.646250,0.277878
0.646750,-0.295021
0.647250,-0.723064
0.647750,1.927117
0.648250,-1.233209
0.648750,0.881050
0.649250,-0.299074
0.649750,1.347726
0.650250,1.083872
0.650750,-0.058603
0.651250,0.586265
0.651750,0.371190
0.652250,1.476662
0.652750,0.388511
0.653250,1.332790
0.653750,0.777011
0.654250,0.442887
0.654750,-1.781090
0.655250,-1.165837
0.655750,2.622974
0.656250,-1.094845
0.656750,0.018432
0.657250,0.242299
0.657750,1.024859
0.658250,-0.705848
0.658750,0.781399
0.659250,0.946938
0.659750,-1.793010
0.660250,-0.555060
0.660750,-1.094334
0.661250,0.491699
0.661750,-0.255187
0.662250,-1.250496
0.662750,-0.365468
0.663250,0.578848
0.663750,0.107446
0.664250,0.093823
0.664750,-1.197101
0.665250,-1.322733
0.665750,-0.984044
0.666250,-0.405854
0.666750,-0.089317
0.667250,0.455117
0.667750,-1.750376
0.668250,-0.713210
0.668750,-1.432823
0.669250,0.204526
0.669750,0.459946
0.670250,-0.812907
0.670750,-0.798324
0.671250,-0.132553
0.671750,-1.812311
0.672250,-0.032718
0.672750,-2.336963
0.673250,-2.190973
0.673750,-2.123934
0.674250,-2.008177
0.674750,-1.870300
0.675250,-4.027996
0.675750,-0.155645
0.676250,-1.076964
0.676750,1.379556
0.677250,-0.574851
0.677750,-0.667085
0.678250,-0.319954
0.678750,-2.622031
0.679250,-2.421479
0.679750,-1.772909
0.680250,-1.871775
0.680750,-2.028497
0.681250,-0.436724
0.681750,-1.634505
0.682250,-0.077668
0.682750,-0.654560
0.683250,-1.232532
0.683750,-3.043463
0.684250,0.120715
0.684750,-0.981277
0.685250,-1.440957
0.685750,-0.260637
0.686250,-2.087143
0.686750,-1.325402
0.687250,1.711314
0.687750,-1.736253
0.688250,0.116244
0.688750,-1.230700
0.689250,-1.061242
0.689750,-1.475836
0.690250,-0.498597
0.690750,-0.891903
0.691250,-0.431804
0.691750,1.150358
0.692250,-0.935327
0.692750,-1.480804
0.693250,-1.692210
0.693750,-1.445159
0.694250,-0.594116
0.694750,-0.756586
0.695250,-2.520826
0.695750,-0.657248
0.696250,-1.517929
0.696750,0.200318
0.697250,-1.006262
0.697750,-0.339288
0.698250,-1.451079
0.698750,-1.404538
0.699250,-2.171428
0.699750,1.680583
0.700250,-0.646849
0.700750,-1.589152
0.701250,-1.042374
0.701750,-0.699741
0.702250,-3.667836
0.702750,-1.812346
0.703250,-0.237681
0.703750,-0.342410
0.704250,-1.415699
0.704750,-1.577671
0.705250,-0.724747
0.705750,-3.280487
0.706250,-0.604504
0.706750,-0.748789
0.707250,-2.665744
0.707750,-2.058570
0.708250,-1.809993
0.708750,-1.973567
0.709250,-3.147968
0.709750,-1.871434
0.710250,-1.822835
0.710750,1.202559
0.711250,-0.145652
0.711750,-2.294038
0.712250,-1.527151
0.712750,1.255251
0.713250,-0.514336
0.713750,-1.654622
0.714250,-1.497076
0.714750,-1.704927
0.715250,-1.531531
0.715750,-0.786927
0.716250,-2.429383
0.716750,0.418415
0.717250,0.133791
0.717750,0.531347
0.718250,0.271624
0.718750,-2.373867
0.719250,1.298776
0.719750,1.112013
0.720250,-0.072657
0.720750,-0.743739
0.721250,-1.917704
0.721750,-0.952697
0.722250,-1.457975
0.722750,0.216388
0.723250,-2.123143
0.723750,-0.385780
0.724250,-0.295228
0.724750,-0.372360
0.725250,-1.027059
0.725750,0.269876
0.726250,-0.077281
0.726750,-0.588304
0.727250,-0.173412
0.727750,-0.679546
0.728250,-1.667117
0.728750,-0.650712
0.729250,-1.769746
0.729750,-0.544105
0.730250,-0.561722
0.730750,-0.776699
0.731250,-1.203795
0.731750,-0.212904
0.732250,-2.131201
0.732750,-1.775525
0.733250,-2.395037
0.733750,-0.648344
0.734250,-1.057456
0.734750,-2.677782
0.735250,-1.566663
0.735750,-1.710725
0.736250,-0.652702
0.736750,-0.181458
0.737250,-0.455509
0.737750,-3.138300
0.738250,-0.254624
0.738750,-2.606756
0.739250,-0.343677
0.739750,-0.676824
0.740250,-4.208236
0.740750,-0.569946
0.741250,-1.824799
0.741750,-0.986368
0.742250,-1.345223
0.742750,0.494519
0.743250,-1.260278
0.743750,-2.048447
0.744250,-2.546273
0.744750,-0.286939
0.745250,-1.946995
0.745750,-0.923712
0.746250,-2.382387
0.746750,-1.754865
0.747250,-2.196348
0.747750,-3.076284
0.748250,-2.706070
0.748750,-2.998066
0.749250,-3.390556
0.749750,-1.655031
0.750250,-1.034282
0.750750,-0.796922
0.751250,-1.573998
0.751750,-3.363487
0.752250,-0.476056
0.752750,-3.920914
0.753250,-1.876182
0.753750,-1.099351
0.754250,-2.315368
0.754750,-3.877379
0.755250,-3.631245
0.755750,-1.917403
0.756250,-1.152715
0.756750,-2.035651
0.757250,-2.719673
0.757750,-2.746706
0.758250,-3.240714
0.758750,-3.178057
0.759250,-2.073144
0.759750,-1.596389
0.760250,-2.073961
0.760750,-2.905173
0.761250,-2.686880
0.761750,-1.861812
0.762250,-3.966626
0.762750,-2.396337
0.763250,-1.896792
0.763750,-3.902598
0.764250,-2.406820
0.764750,-3.390416
0.765250,-3.799009
0.765750,-5.277463
0.766250,-2.606169
0.766750,-2.372121
0.767250,-2.878199
0.767750,-2.823330
0.768250,-2.631225
0.768750,-2.496213
0.769250,-4.924097
0.769750,-2.566884
0.770250,-1.854993
0.770750,-1.892998
0.771250,-2.590830
0.771750,-3.537641
0.772250,-1.192298
0.772750,-2.438561
0.773250,-3.893486
0.773750,-3.477455
0.774250,-2.895275
0.774750,-3.936107
0.775250,-4.394434
0.775750,0.064697
0.776250,-1.576756
0.776750,-3.147054
0.777250,-2.865247
0.777750,-3.734427
0.778250,-3.602883
0.778750,-3.684928
0.779250,-3.787280
0.779750,-4.238759
0.780250,-2.235598
0.780750,-4.132258
0.781250,-2.251375
0.781750,-4.163989
0.782250,-3.709115
0.782750,-2.941495
0.783250,-2.191727
0.783750,-1.503179
0.784250,-2.966626
0.784750,-3.242383
0.785250,0.226435
0.785750,-3.529742
0.786250,-1.314779
0.786750,-0.560243
0.787250,-3.701447
0.787750,-3.755497
0.788250,-3.198465
0.788750,-2.694805
0.789250,-4.653603
0.789750,-2.805359
0.790250,-3.143471
0.790750,-3.281644
0.791250,-1.565303
0.791750,-3.110943
0.792250,-5.064211
0.792750,-3.757491
0.793250,-2.706083
0.793750,-2.500173
0.794250,-3.460964
0.794750,-3.820302
0.795250,-3.501060
0.795750,-3.837619
0.796250,-2.972360
0.796750,-3.116466
0.797250,-1.563622
0.797750,-0.540208
0.798250,-1.170410
0.798750,-2.667208
0.799250,-1.442869
0.799750,-2.320656
0.800250,-3.730667
0.800750,-3.085421
0.801250,-3.674004
0.801750,-1.343312
0.802250,-1.597788
0.802750,-2.906317
0.803250,-4.022146
0.803750,-4.026232
0.804250,-2.828898
0.804750,-3.364064
0.805250,-3.826717
0.805750,-1.843056
0.806250,-2.849629
0.806750,-3.728896
0.807250,-2.971940
0.807750,-1.757758
0.808250,-4.826145
0.808750,-1.445547
0.809250,-2.824192
0.809750,-1.952939
0.810250,-0.240171
0.810750,-1.960856
0.811250,-2.638406
0.811750,-2.294274
0.812250,-1.894491
0.812750,-0.108411
0.813250,-2.048247
0.813750,-2.177959
0.814250,-3.541948
0.814750,0.067047
0.815250,-1.973916
0.815750,-2.140268
0.816250,-2.375584
0.816750,-0.179155
0.817250,-1.069030
0.817750,-1.762679
0.818250,-1.274015
0.818750,-1.887391
0.819250,-0.808427
0.819750,-1.295982
0.820250,-0.367010
0.820750,-0.884541
0.821250,-2.042562
0.821750,-1.479163
0.822250,-0.843718
0.822750,0.183675
0.823250,-0.814411
0.823750,-3.675617
0.824250,-2.816778
0.824750,-2.910753
0.825250,0.604063
0.825750,-0.553535
0.826250,-0.311799
0.826750,-0.073753
0.827250,-0.499784
0.827750,-1.018040
0.828250,-1.782811
0.828750,0.428183
0.829250,-1.378930
0.829750,-0.084116
0.830250,-2.393456
0.830750,-3.203028
0.831250,-1.294205
0.831750,-3.855203
0.832250,-1.742353
0.832750,-1.961695
0.833250,-0.593225
0.833750,0.663598
0.834250,-0.741452
0.834750,-2.548049
0.835250,-1.570367
0.835750,-3.120338
0.836250,-0.128643
0.836750,-2.495222
0.837250,-1.129849
0.837750,-1.738564
0.838250,-1.814881
0.838750,0.660242
0.839250,-0.603339
0.839750,-2.344101
0.840250,-2.949211
0.840750,-0.931909
0.841250,-1.228157
0.841750,-2.785673
0.842250,-1.800098
0.842750,-0.275394
0.843250,-2.723008
0.843750,-2.667529
0.844250,-2.037617
0.844750,-2.611422
0.845250,-2.271951
0.845750,-1.602407
0.846250,-0.494486
0.846750,0.946166
0.847250,-0.186451
0.847750,-0.044136
0.848250,-2.481789
0.848750,-0.365949
0.849250,-0.723429
0.849750,-2.600626
0.850250,-1.912223
0.850750,-0.608698
0.851250,-1.218122
0.851750,-0.995670
0.852250,-1.882668
0.852750,-1.438144
0.853250,0.148266
0.853750,-1.938817
0.854250,-1.594882
0.854750,-0.325360
0.855250,-0.934125
0.855750,-1.007718
0.856250,0.811842
0.856750,-0.653436
0.857250,-1.625940
0.857750,-0.736050
0.858250,0.087616
0.858750,-0.670229
0.859250,-4.266853
0.859750,-3.884133
0.860250,-1.297907
0.860750,-2.782483
0.861250,-2.116367
0.861750,-1.830184
0.862250,-1.790816
0.862750,-1.013807
0.863250,-1.946708
0.863750,-0.081223
0.864250,-2.864178
0.864750,-1.642027
0.865250,-1.422106
0.865750,-2.659068
0.866250,-1.878659
0.866750,-0.869171
0.867250,-3.535527
0.867750,-3.685112
0.868250,-2.055134
0.868750,-3.829083
0.869250,-3.794450
0.869750,-3.054279
0.870250,-3.118704
0.870750,-3.871213
0.871250,-1.593279
0.871750,-1.866981
0.872250,-3.200415
0.872750,-2.575687
0.873250,-0.890056
0.873750,-2.312348
0.874250,-4.111734
0.874750,-4.483162
0.875250,-3.812720
0.875750,-2.978864
0.876250,-1.298896
0.876750,-1.533799
0.877250,-2.256201
0.877750,-1.923207
0.878250,-4.258218
0.878750,-2.417294
0.879250,-1.597225
0.879750,-0.997095
0.880250,-0.772678
0.880750,-1.921919
0.881250,-2.820031
0.881750,-4.569489
0.882250,-3.986487
0.882750,-1.986267
0.883250,-2.301901
0.883750,-2.481781
0.884250,-2.230535
0.884750,-1.381956
0.885250,-1.876829
0.885750,-2.175959
0.886250,-1.198783
0.886750,-2.743598
0.887250,-0.697916
0.887750,-3.121578
0.888250,-2.194821
0.888750,-2.778869
0.889250,-2.239752
0.889750,-2.811870
0.890250,0.458889
0.890750,-3.725690
0.891250,-2.025280
0.891750,-2.124051
0.892250,-2.321612
0.892750,-2.147594
0.893250,-3.842727
0.893750,-1.201340
0.894250,-0.811720
0.894750,-1.707860
0.895250,-1.382300
0.895750,-4.406731
0.896250,-2.780591
0.896750,-0.148509
0.897250,-2.373571
0.897750,-3.051676
0.898250,-3.985600
0.898750,-0.016081
0.899250,-1.773280
0.899750,-0.211032
0.900250,-3.451301
0.900750,-3.126531
0.901250,-3.487519
0.901750,-2.760026
0.902250,-2.572897
0.902750,-0.884836
0.903250,-1.206680
0.903750,-1.222109
0.904250,-3.797697
0.904750,-3.465785
0.905250,-0.697287
0.905750,-2.417165
0.906250,-1.639550
0.906750,-1.255956
0.907250,-1.944859
0.907750,-2.477180
0.908250,-2.861552
0.908750,-1.745996
0.909250,-0.901322
0.909750,-0.055714
0.910250,-2.001638
0.910750,-2.595155
0.911250,0.608928
0.911750,-2.764636
0.912250,-0.746744
0.912750,-2.443671
0.913250,-1.674299
0.913750,0.433610
0.914250,-1.866368
0.914750,-0.839922
0.915250,0.228209
0.915750,-0.798426
0.916250,-1.152168
0.916750,0.224003
0.917250,-1.558863
0.917750,0.458978
0.918250,0.591479
0.918750,-0.612168
0.919250,1.232198
0.919750,-1.875447
0.920250,-0.250945
0.920750,-2.226763
0.921250,-2.929324
0.921750,-0.595676
0.922250,-1.978902
0.922750,-0.819350
0.923250,0.925507
0.923750,-1.329064
0.924250,-2.715982
0.924750,-2.014829
0.925250,0.015521
0.925750,0.771938
0.926250,-3.809546
0.926750,-0.213160
0.927250,0.123098
0.927750,0.214975
0.928250,3.602173
0.928750,0.107591
0.929250,1.317132
0.929750,0.949367
0.930250,0.179317
0.930750,-0.277512
0.931250,0.985318
0.931750,-0.997053
0.932250,-0.348209
0.932750,-2.062301
0.933250,-0.713049
0.933750,-2.109407
0.934250,-0.824234
0.934750,0.389951
0.935250,-2.687864
0.935750,-2.241788
0.936250,-0.455006
0.936750,-1.081278
0.937250,-1.046876
0.937750,0.296084
0.938250,-3.159295
0.938750,-0.962829
0.939250,-2.909057
0.939750,-0.108699
0.940250,-1.289916
0.940750,-2.987797
0.941250,-1.890561
0.941750,0.329747
0.942250,-0.827021
0.942750,-1.156917
0.943250,-0.399950
0.943750,-0.524518
0.944250,-0.114738
0.944750,-1.772922
0.945250,0.316349
0.945750,-1.387156
0.946250,-3.292839
0.946750,-2.595834
0.947250,-0.850131
0.947750,-1.311950
0.948250,-0.954315
0.948750,-0.214847
0.949250,-0.077877
0.949750,-1.698574
0.950250,-1.170388
0.950750,-1.706989
0.951250,-0.731976
0.951750,-1.616226
0.952250,-1.423652
0.952750,-2.240758
0.953250,-1.685936
0.953750,-3.750380
0.954250,-1.850522
0.954750,-2.417494
0.955250,-0.178531
0.955750,-1.059573
0.956250,-2.388481
0.956750,-3.889970
0.957250,-2.455007
0.957750,-1.511723
0.958250,-1.202154
0.958750,-0.108635
0.959250,-0.037768
0.959750,-0.960259
0.960250,-1.847149
0.960750,-0.819441
0.961250,-2.475568
0.961750,0.023080
0.962250,-1.337578
0.962750,-1.129036
0.963250,-1.843196
0.963750,-1.292685
0.964250,-1.800013
0.964750,-1.154122
0.965250,1.188539
0.965750,-3.235251
0.966250,-0.051528
0.966750,0.313184
0.967250,-3.803461
0.967750,-1.084179
0.968250,-3.774910
0.968750,-3.994514
0.969250,-1.659204
0.969750,-2.435883
0.970250,-1.075390
0.970750,-2.748248
0.971250,-2.966779
0.971750,-5.581514
0.972250,-4.801202
0.972750,-3.734061
0.973250,-0.610405
0.973750,-3.594709
0.974250,-2.415129
0.974750,-3.277273
0.975250,-2.363075
0.975750,-3.635948
0.976250,-3.392126
0.976750,-2.010354
0.977250,-3.119770
0.977750,-1.409732
0.978250,-2.604489
0.978750,-3.360945
0.979250,-2.379830
0.979750,-2.839649
0.980250,-4.452860
0.980750,-1.160120
0.981250,-2.693918
0.981750,-2.046301
0.982250,-0.861320
0.982750,-2.249797
0.983250,-1.487107
0.983750,-0.968830
0.984250,1.060205
0.984750,-1.791718
0.985250,-1.881453
0.985750,-1.495218
0.986250,-1.686376
0.986750,-0.740483
0.987250,0.737249
0.987750,-1.146956
0.988250,-1.297028
0.988750,-1.940542
0.989250,-1.649416
0.989750,-2.108939
0.990250,-0.498322
0.990750,-0.847703
0.991250,-0.236754
0.991750,-1.132987
0.992250,-1.308856
0.992750,-2.511742
0.993250,-1.937311
0.993750,-0.592350
0.994250,-2.270146
0.994750,-2.067158
0.995250,-0.037054
0.995750,-0.996141
0.996250,-0.720775
0.996750,-2.455558
0.997250,-2.945959
0.997750,-2.439517
0.998250,-2.027378
0.998750,-1.552169
0.999250,-3.501377
0.999750,-2.761677
