0.000250,0.087437
0.000750,0.118007
0.001250,0.082717
0.001750,-0.121065
0.002250,-0.156632
0.002750,-0.020690
0.003250,0.035769
0.003750,-0.038462
0.004250,0.122975
0.004750,0.311435
0.005250,0.337253
0.005750,0.267144
0.006250,0.211154
0.006750,0.211318
0.007250,0.187208
0.007750,0.169742
0.008250,0.137194
0.008750,0.104126
0.009250,0.033315
0.009750,-0.012100
0.010250,0.101949
0.010750,0.184428
0.011250,0.282763
0.011750,0.359107
0.012250,0.378441
0.012750,0.504736
0.013250,0.429529
0.013750,0.429953
0.014250,0.544122
0.014750,0.592924
0.015250,0.724355
0.015750,0.995594
0.016250,1.117365
0.016750,1.110163
0.017250,1.197507
0.017750,1.057308
0.018250,1.108800
0.018750,1.093831
0.019250,1.094133
0.019750,1.196252
0.020250,1.210785
0.020750,1.313645
0.021250,1.115515
0.021750,1.145775
0.022250,1.091122
0.022750,1.084669
0.023250,0.952740
0.023750,0.704139
0.024250,0.785353
0.024750,0.679849
0.025250,0.843925
0.025750,1.029719
0.026250,0.949391
0.026750,1.080635
0.027250,0.994786
0.027750,1.092706
0.028250,1.073182
0.028750,0.905129
0.029250,0.949301
0.029750,1.033111
0.030250,1.044040
0.030750,1.261577
0.031250,1.336784
0.031750,1.399668
0.032250,1.556713
0.032750,1.577671
0.033250,1.569177
0.033750,1.629704
0.034250,1.480325
0.034750,1.438607
0.035250,1.428345
0.035750,1.326218
0.036250,1.359225
0.036750,1.214369
0.037250,1.175518
0.037750,1.111464
0.038250,1.061478
0.038750,1.076045
0.039250,1.122126
0.039750,1.075635
0.040250,0.915487
0.040750,0.878359
0.041250,0.780203
0.041750,0.722099
0.042250,0.817732
0.042750,0.760362
0.043250,0.596364
0.043750,0.587200
0.044250,0.560675
0.044750,0.595862
0.045250,0.531097
0.045750,0.845762
0.046250,0.712090
0.046750,0.646038
0.047250,0.905354
0.047750,0.989286
0.048250,0.985573
0.048750,0.934314
0.049250,1.056957
0.049750,1.008665
0.050250,0.839572
0.050750,0.895543
0.051250,0.777586
0.051750,0.681973
0.052250,0.793386
0.052750,0.974696
0.053250,0.853035
0.053750,0.798727
0.054250,0.880064
0.054750,1.211356
0.055250,1.243597
0.055750,1.269385
0.056250,1.518944
0.056750,1.771088
0.057250,1.534975
0.057750,1.495129
0.058250,1.721348
0.058750,1.833915
0.059250,1.501841
0.059750,1.719425
0.060250,1.605957
0.060750,1.670945
0.061250,1.402606
0.061750,1.490978
0.062250,1.574937
0.062750,1.691384
0.063250,1.509766
0.063750,1.630287
0.064250,1.724874
0.064750,1.831287
0.065250,1.641611
0.065750,1.593972
0.066250,1.518751
0.066750,1.482340
0.067250,1.432008
0.067750,1.261289
0.068250,1.197089
0.068750,1.181763
0.069250,0.932755
0.069750,0.810043
0.070250,0.979412
0.070750,0.853844
0.071250,0.765984
0.071750,0.892284
0.072250,0.991987
0.072750,0.922886
0.073250,0.799301
0.073750,1.097173
0.074250,1.134876
0.074750,1.202858
0.075250,1.193844
0.075750,1.154358
0.076250,1.258959
0.076750,1.218409
0.077250,1.223387
0.077750,1.036812
0.078250,1.073622
0.078750,0.986505
0.079250,0.934380
0.079750,0.731623
0.080250,0.958075
0.080750,1.119709
0.081250,1.052038
0.081750,1.225743
0.082250,1.033205
0.082750,1.479902
0.083250,1.518125
0.083750,1.398909
0.084250,1.374867
0.084750,1.495838
0.085250,1.806064
0.085750,1.536159
0.086250,1.522294
0.086750,1.323860
0.087250,1.499170
0.087750,1.473335
0.088250,1.371832
0.088750,1.328801
0.089250,1.314591
0.089750,1.488879
0.090250,1.257064
0.090750,1.157266
0.091250,0.934296
0.091750,0.980568
0.092250,1.105253
0.092750,1.091563
0.093250,0.920905
0.093750,0.770346
0.094250,0.888181
0.094750,0.929266
0.095250,0.865455
0.095750,0.687841
0.096250,0.626454
0.096750,0.730027
0.097250,0.719652
0.097750,0.778276
0.098250,0.398841
0.098750,0.485121
0.099250,0.641148
0.099750,0.556998
0.100250,0.460237
0.100750,0.276331
0.101250,0.133565
0.101750,0.167168
0.102250,-0.168164
0.102750,0.039353
0.103250,-0.172564
0.103750,-0.256249
0.104250,-0.014757
0.104750,-0.139231
0.105250,0.024234
0.105750,-0.030199
0.106250,-0.103478
0.106750,0.241485
0.107250,0.168858
0.107750,0.311962
0.108250,0.458593
0.108750,0.216528
0.109250,0.402801
0.109750,0.591694
0.110250,0.363062
0.110750,0.521788
0.111250,0.246442
0.111750,0.301060
0.112250,0.527459
0.112750,0.456313
0.113250,0.484786
0.113750,0.281832
0.114250,0.124790
0.114750,0.107455
0.115250,0.422340
0.115750,0.246766
0.116250,0.422621
0.116750,0.106972
0.117250,0.296166
0.117750,0.607571
0.118250,0.510960
0.118750,0.468778
0.119250,0.637505
0.119750,0.852162
0.120250,0.870009
0.120750,1.182016
0.121250,1.069955
0.121750,1.131524
0.122250,1.102408
0.122750,1.123053
0.123250,0.949960
0.123750,0.988996
0.124250,0.945188
0.124750,1.007386
0.125250,1.122612
0.125750,1.025441
0.126250,0.829530
0.126750,0.947483
0.127250,0.654853
0.127750,0.718112
0.128250,0.865763
0.128750,0.750503
0.129250,0.799949
0.129750,0.901485
0.130250,0.724860
0.130750,0.955394
0.131250,1.018135
0.131750,0.885348
0.132250,0.991005
0.132750,0.953938
0.133250,0.833419
0.133750,0.956059
0.134250,1.085454
0.134750,0.808400
0.135250,0.802203
0.135750,0.801839
0.136250,0.438979
0.136750,0.754676
0.137250,0.599493
0.137750,0.310439
0.138250,0.360241
0.138750,0.091257
0.139250,0.023374
0.139750,0.250790
0.140250,0.048529
0.140750,-0.088506
0.141250,-0.160804
0.141750,-0.244577
0.142250,-0.374232
0.142750,0.122282
0.143250,-0.051515
0.143750,-0.314680
0.144250,-0.392478
0.144750,-0.544587
0.145250,-0.423324
0.145750,-0.162768
0.146250,-0.164112
0.146750,-0.261001
0.147250,-0.335849
0.147750,-0.000667
0.148250,-0.057101
0.148750,0.063372
0.149250,0.207007
0.149750,-0.061171
0.150250,-0.126445
0.150750,-0.179621
0.151250,-0.158902
0.151750,-0.185616
0.152250,-0.103571
0.152750,0.134999
0.153250,-0.361867
0.153750,-0.546307
0.154250,-0.246377
0.154750,-0.265962
0.155250,-0.144888
0.155750,-0.002527
0.156250,-0.157412
0.156750,-0.469169
0.157250,-0.279895
0.157750,-0.079307
0.158250,-0.016248
0.158750,0.088108
0.159250,0.077214
0.159750,-0.126218
0.160250,0.103188
0.160750,0.339112
0.161250,0.497126
0.161750,0.306556
0.162250,0.468434
0.162750,0.259908
0.163250,0.157226
0.163750,0.143962
0.164250,0.574592
0.164750,0.223352
0.165250,0.473186
0.165750,0.502327
0.166250,0.113169
0.166750,0.347336
0.167250,0.492028
0.167750,0.370491
0.168250,0.269868
0.168750,0.348253
0.169250,0.006514
0.169750,-0.093157
0.170250,-0.028088
0.170750,-0.107003
0.171250,-0.227302
0.171750,-0.404994
0.172250,-0.304723
0.172750,-0.333807
0.173250,-0.410153
0.173750,-0.149354
0.174250,-0.204119
0.174750,-0.632661
0.175250,-0.471445
0.175750,-0.459061
0.176250,-0.540092
0.176750,-0.503357
0.177250,-0.481123
0.177750,-0.378958
0.178250,-0.307863
0.178750,-0.531957
0.179250,-0.438073
0.179750,-0.634585
0.180250,-0.556015
0.180750,-0.587091
0.181250,-0.514345
0.181750,-0.567295
0.182250,-0.766132
0.182750,-0.745877
0.183250,-0.752560
0.183750,-0.581081
0.184250,-0.691333
0.184750,-0.672482
0.185250,-0.886513
0.185750,-0.935437
0.186250,-0.843450
0.186750,-0.755441
0.187250,-0.854979
0.187750,-0.879964
0.188250,-0.898126
0.188750,-0.905532
0.189250,-1.145015
0.189750,-0.956567
0.190250,-0.789898
0.190750,-0.856925
0.191250,-0.903092
0.191750,-0.663025
0.192250,-0.836579
0.192750,-0.787181
0.193250,-0.372593
0.193750,-0.104514
0.194250,-0.148551
0.194750,-0.093786
0.195250,-0.105494
0.195750,-0.162922
0.196250,-0.426721
0.196750,-0.272093
0.197250,-0.098892
0.197750,-0.218015
0.198250,-0.437550
0.198750,-0.192568
0.199250,-0.290168
0.199750,-0.511523
0.200250,-0.395588
0.200750,0.062670
0.201250,-0.168753
0.201750,-0.657014
0.202250,-0.485194
0.202750,-0.684891
0.203250,-0.615189
0.203750,-0.631949
0.204250,-0.322785
0.204750,-0.267796
0.205250,-0.281462
0.205750,-0.206746
0.206250,-0.080258
0.206750,-0.068359
0.207250,-0.203431
0.207750,0.181068
0.208250,0.286371
0.208750,0.584492
0.209250,0.560472
0.209750,0.366457
0.210250,0.334675
0.210750,0.489673
0.211250,0.637397
0.211750,0.925065
0.212250,0.865552
0.212750,0.589003
0.213250,0.651377
0.213750,0.561414
0.214250,0.751133
0.214750,0.854301
0.215250,1.054945
0.215750,1.084548
0.216250,0.969382
0.216750,0.765988
0.217250,0.452759
0.217750,0.613115
0.218250,0.644790
0.218750,0.834054
0.219250,0.884292
0.219750,0.826353
0.220250,0.689687
0.220750,0.572747
0.221250,0.556850
0.221750,0.870656
0.222250,0.966544
0.222750,0.921869
0.223250,1.070607
0.223750,1.050157
0.224250,0.824707
0.224750,0.732571
0.225250,0.699765
0.225750,0.845020
0.226250,0.909448
0.226750,0.930475
0.227250,1.322374
0.227750,0.988121
0.228250,0.826541
0.228750,0.663963
0.229250,0.854060
0.229750,0.742487
0.230250,0.674278
0.230750,0.600920
0.231250,0.647352
0.231750,0.659924
0.232250,0.398085
0.232750,0.225600
0.233250,0.623039
0.233750,0.533754
0.234250,0.289967
0.234750,0.172391
0.235250,0.453115
0.235750,0.174051
0.236250,-0.088933
0.236750,-0.092654
0.237250,0.255917
0.237750,0.234334
0.238250,0.029067
0.238750,0.120906
0.239250,0.224305
0.239750,-0.112600
0.240250,-0.068227
0.240750,-0.287046
0.241250,-0.025341
0.241750,0.082018
0.242250,-0.218580
0.242750,0.165849
0.243250,-0.069892
0.243750,0.120884
0.244250,0.047716
0.244750,0.265246
0.245250,0.386106
0.245750,0.204869
0.246250,0.425469
0.246750,0.139819
0.247250,0.059838
0.247750,0.108177
0.248250,0.205972
0.248750,0.270245
0.249250,0.533452
0.249750,0.192003
0.250250,0.499061
0.250750,0.213168
0.251250,0.271605
0.251750,0.215996
0.252250,0.477669
0.252750,0.649358
0.253250,0.102196
0.253750,0.283861
0.254250,0.264740
0.254750,0.100383
0.255250,0.059343
0.255750,0.365029
0.256250,0.344501
0.256750,0.334067
0.257250,0.136682
0.257750,0.228702
0.258250,0.226051
0.258750,0.122049
0.259250,0.260434
0.259750,0.516303
0.260250,0.674651
0.260750,0.846770
0.261250,0.622262
0.261750,0.579413
0.262250,1.031438
0.262750,0.871815
0.263250,0.515596
0.263750,0.877756
0.264250,1.090601
0.264750,1.106802
0.265250,1.019253
0.265750,0.943590
0.266250,0.969841
0.266750,1.146164
0.267250,0.754351
0.267750,0.953265
0.268250,0.968712
0.268750,1.098992
0.269250,0.893898
0.269750,0.666517
0.270250,1.094459
0.270750,1.054754
0.271250,0.561345
0.271750,0.854025
0.272250,0.856401
0.272750,0.999849
0.273250,0.836297
0.273750,0.745318
0.274250,0.626964
0.274750,0.614807
0.275250,0.622385
0.275750,0.427077
0.276250,0.413893
0.276750,0.762605
0.277250,0.694133
0.277750,0.596245
0.278250,0.230250
0.278750,0.160094
0.279250,0.153556
0.279750,0.015620
0.280250,-0.340420
0.280750,0.247845
0.281250,0.419865
0.281750,0.241172
0.282250,0.240304
0.282750,0.159613
0.283250,0.049359
0.283750,0.117405
0.284250,0.262784
0.284750,0.123553
0.285250,0.531009
0.285750,0.453983
0.286250,0.462857
0.286750,0.211678
0.287250,0.048046
0.287750,-0.081481
0.288250,0.035738
0.288750,-0.094486
0.289250,0.038965
0.289750,-0.068485
0.290250,0.071927
0.290750,-0.152131
0.291250,-0.353806
0.291750,-0.419871
0.292250,-0.482490
0.292750,-0.331085
0.293250,-0.790573
0.293750,-0.310580
0.294250,-0.413185
0.294750,-0.368740
0.295250,-0.475247
0.295750,-0.700023
0.296250,-0.991799
0.296750,-0.720386
0.297250,-0.621205
0.297750,-0.534538
0.298250,-0.416595
0.298750,-0.464004
0.299250,-0.206849
0.299750,-0.157968
0.300250,-0.376298
0.300750,-0.540761
0.301250,-0.146792
0.301750,0.209843
0.302250,0.198857
0.302750,0.183715
0.303250,0.308245
0.303750,0.399910
0.304250,0.494077
0.304750,0.110223
0.305250,0.239087
0.305750,0.347352
0.306250,0.360511
0.306750,-0.001083
0.307250,0.008627
0.307750,0.392776
0.308250,0.555255
0.308750,0.051876
0.309250,-0.095049
0.309750,-0.040739
0.310250,0.061082
0.310750,0.508203
0.311250,0.459560
0.311750,0.296089
0.312250,0.320652
0.312750,0.545509
0.313250,0.268928
0.313750,-0.283621
0.314250,-0.259013
0.314750,-0.136179
0.315250,0.284063
0.315750,0.329738
0.316250,0.008215
0.316750,0.411925
0.317250,0.341484
0.317750,0.222376
0.318250,0.171230
0.318750,0.272284
0.319250,0.491584
0.319750,0.593456
0.320250,0.712121
0.320750,0.586235
0.321250,0.922598
0.321750,1.044511
0.322250,0.968479
0.322750,1.009126
0.323250,0.782112
0.323750,1.095051
0.324250,1.303551
0.324750,1.339607
0.325250,1.302212
0.325750,1.355558
0.326250,1.450071
0.326750,1.483665
0.327250,1.445038
0.327750,1.548747
0.328250,1.305779
0.328750,1.481164
0.329250,1.370015
0.329750,1.443323
0.330250,1.455728
0.330750,1.525245
0.331250,1.625051
0.331750,1.433959
0.332250,1.389009
0.332750,1.669206
0.333250,1.474804
0.333750,1.894043
0.334250,1.294020
0.334750,1.140748
0.335250,1.267080
0.335750,1.286413
0.336250,1.512288
0.336750,1.350156
0.337250,1.497658
0.337750,1.518938
0.338250,1.539850
0.338750,1.722200
0.339250,1.766149
0.339750,1.651719
0.340250,1.667485
0.340750,1.897661
0.341250,1.669433
0.341750,2.060487
0.342250,1.790942
0.342750,1.851132
0.343250,1.741869
0.343750,1.987769
0.344250,2.009446
0.344750,1.891770
0.345250,1.879998
0.345750,2.132343
0.346250,2.080272
0.346750,2.260925
0.347250,1.800398
0.347750,2.060785
0.348250,1.686875
0.348750,1.891782
0.349250,1.255079
0.349750,1.239289
0.350250,1.205133
0.350750,1.733043
0.351250,1.535551
0.351750,1.653570
0.352250,1.275602
0.352750,1.336134
0.353250,1.613673
0.353750,1.539333
0.354250,0.968914
0.354750,1.222484
0.355250,1.503404
0.355750,1.595206
0.356250,1.517017
0.356750,1.083383
0.357250,1.194163
0.357750,1.355451
0.358250,1.302783
0.358750,0.652331
0.359250,0.805705
0.359750,1.034341
0.360250,1.147543
0.360750,1.142428
0.361250,0.984793
0.361750,0.740280
0.362250,0.665277
0.362750,0.912626
0.363250,0.952489
0.363750,0.867893
0.364250,0.802292
0.364750,1.077669
0.365250,1.326640
0.365750,1.416446
0.366250,1.310222
0.366750,0.889407
0.367250,1.402422
0.367750,1.299265
0.368250,1.382501
0.368750,1.168043
0.369250,1.263387
0.369750,1.892674
0.370250,1.622892
0.370750,1.482370
0.371250,1.326709
0.371750,1.363404
0.372250,1.427430
0.372750,1.459925
0.373250,1.389788
0.373750,1.427661
0.374250,1.715415
0.374750,1.792996
0.375250,1.940653
0.375750,1.658918
0.376250,1.773875
0.376750,1.820868
0.377250,1.562356
0.377750,1.163078
0.378250,1.518073
0.378750,1.542235
0.379250,1.539091
0.379750,1.808664
0.380250,1.851671
0.380750,1.654593
0.381250,1.965120
0.381750,1.931595
0.382250,1.745884
0.382750,1.796833
0.383250,1.798750
0.383750,2.105892
0.384250,1.900362
0.384750,2.426990
0.385250,2.369153
0.385750,2.516926
0.386250,2.220344
0.386750,2.148033
0.387250,2.044479
0.387750,2.340119
0.388250,2.246829
0.388750,2.391403
0.389250,2.519576
0.389750,2.558647
0.390250,2.728868
0.390750,3.026795
0.391250,2.830508
0.391750,2.820320
0.392250,2.404526
0.392750,2.451561
0.393250,2.830232
0.393750,2.917365
0.394250,2.853849
0.394750,2.820887
0.395250,2.970970
0.395750,3.124637
0.396250,2.851176
0.396750,2.892356
0.397250,2.532848
0.397750,2.425231
0.398250,2.528196
0.398750,2.842494
0.399250,2.663993
0.399750,2.654617
0.400250,2.554493
0.400750,2.777220
0.401250,2.743791
0.401750,2.623662
0.402250,2.249326
0.402750,1.814015
0.403250,2.003453
0.403750,2.441502
0.404250,2.355869
0.404750,2.091639
0.405250,2.176787
0.405750,1.904739
0.406250,2.077424
0.406750,2.164336
0.407250,1.570702
0.407750,1.509217
0.408250,1.628128
0.408750,1.998871
0.409250,1.999366
0.409750,2.067620
0.410250,1.601868
0.410750,1.897227
0.411250,2.214742
0.411750,1.859275
0.412250,1.738819
0.412750,1.804475
0.413250,1.776025
0.413750,2.000579
0.414250,2.245996
0.414750,2.022194
0.415250,1.926619
0.415750,1.719157
0.416250,2.238872
0.416750,2.087812
0.417250,1.747350
0.417750,1.756119
0.418250,1.404697
0.418750,1.606156
0.419250,1.828546
0.419750,1.687500
0.420250,1.542385
0.420750,1.381691
0.421250,1.541505
0.421750,1.352202
0.422250,1.559485
0.422750,1.277122
0.423250,1.509805
0.423750,1.496270
0.424250,1.368683
0.424750,1.318126
0.425250,1.506253
0.425750,1.247645
0.426250,1.067192
0.426750,0.963919
0.427250,0.902627
0.427750,0.725349
0.428250,0.819025
0.428750,0.980032
0.429250,1.017563
0.429750,1.014600
0.430250,1.210146
0.430750,1.086410
0.431250,1.309850
0.431750,1.196878
0.432250,1.113256
0.432750,1.017298
0.433250,1.191805
0.433750,1.631719
0.434250,1.441343
0.434750,1.524431
0.435250,1.303830
0.435750,1.546959
0.436250,1.625253
0.436750,1.871997
0.437250,1.086675
0.437750,1.298875
0.438250,1.723218
0.438750,1.850554
0.439250,2.041502
0.439750,1.827102
0.440250,1.674925
0.440750,1.762914
0.441250,1.838938
0.441750,1.862099
0.442250,1.649115
0.442750,1.786533
0.443250,1.422349
0.443750,2.064223
0.444250,1.730556
0.444750,1.845726
0.445250,1.733526
0.445750,1.386306
0.446250,1.355704
0.446750,1.604797
0.447250,1.755599
0.447750,1.572420
0.448250,1.233793
0.448750,1.289511
0.449250,1.313482
0.449750,1.659900
0.450250,1.729216
0.450750,1.548410
0.451250,1.228168
0.451750,1.236128
0.452250,1.353792
0.452750,1.323739
0.453250,1.219802
0.453750,1.084178
0.454250,1.666286
0.454750,1.729831
0.455250,1.918869
0.455750,1.940194
0.456250,1.880474
0.456750,1.519613
0.457250,1.836741
0.457750,2.154019
0.458250,1.778762
0.458750,1.778725
0.459250,2.056524
0.459750,2.037132
0.460250,2.460111
0.460750,2.556304
0.461250,2.597707
0.461750,2.311798
0.462250,2.388075
0.462750,2.475165
0.463250,2.982150
0.463750,2.734056
0.464250,2.031198
0.464750,2.538521
0.465250,2.517978
0.465750,2.985537
0.466250,3.123161
0.466750,2.953073
0.467250,2.773884
0.467750,2.493924
0.468250,2.342717
0.468750,2.288009
0.469250,2.511319
0.469750,2.365412
0.470250,2.265476
0.470750,2.659009
0.471250,3.169647
0.471750,2.903760
0.472250,2.524418
0.472750,2.819161
0.473250,2.675368
0.473750,2.782430
0.474250,2.533000
0.474750,2.216505
0.475250,2.478846
0.475750,2.677198
0.476250,2.894035
0.476750,2.726185
0.477250,2.917663
0.477750,2.653436
0.478250,2.535905
0.478750,2.435132
0.479250,2.244585
0.479750,2.282291
0.480250,2.290095
0.480750,2.568508
0.481250,2.226753
0.481750,2.510459
0.482250,2.958106
0.482750,2.791989
0.483250,2.785817
0.483750,2.457827
0.484250,2.614082
0.484750,2.205690
0.485250,2.086937
0.485750,2.593763
0.486250,2.518167
0.486750,2.672246
0.487250,2.618770
0.487750,2.876392
0.488250,2.467990
0.488750,2.797613
0.489250,2.610271
0.489750,2.470140
0.490250,2.222837
0.490750,2.176054
0.491250,2.042936
0.491750,2.197911
0.492250,2.121445
0.492750,2.092189
0.493250,2.060904
0.493750,1.964094
0.494250,2.159149
0.494750,2.207751
0.495250,1.980731
0.495750,2.123175
0.496250,1.903617
0.496750,1.712384
0.497250,1.979995
0.497750,1.858764
0.498250,2.115902
0.498750,1.727162
0.499250,1.898116
0.499750,1.991563
0.500250,1.806850
0.500750,1.770643
0.501250,1.542912
0.501750,1.175595
0.502250,1.126553
0.502750,1.001133
0.503250,1.045698
0.503750,1.654780
0.504250,1.298290
0.504750,1.272536
0.505250,1.296826
0.505750,1.610421
0.506250,1.448311
0.506750,1.054594
0.507250,1.177958
0.507750,0.641423
0.508250,1.038845
0.508750,1.089751
0.509250,1.487674
0.509750,1.279754
0.510250,1.316521
0.510750,1.133574
0.511250,1.184336
0.511750,1.617279
0.512250,1.447046
0.512750,1.138527
0.513250,0.833156
0.513750,1.191583
0.514250,1.060888
0.514750,1.521896
0.515250,1.331719
0.515750,1.820957
0.516250,1.510222
0.516750,1.226389
0.517250,1.426298
0.517750,1.603932
0.518250,1.505702
0.518750,1.005622
0.519250,1.236148
0.519750,1.618572
0.520250,1.314785
0.520750,1.613930
0.521250,1.647851
0.521750,1.395154
0.522250,1.474168
0.522750,1.419157
0.523250,1.674053
0.523750,1.529029
0.524250,1.130037
0.524750,1.582944
0.525250,1.477093
0.525750,0.868181
0.526250,1.477441
0.526750,1.418323
0.527250,1.268280
0.527750,1.273180
0.528250,1.020342
0.528750,0.820272
0.529250,1.002681
0.529750,1.081703
0.530250,1.120805
0.530750,1.295976
0.531250,1.154543
0.531750,1.147967
0.532250,1.160611
0.532750,1.160737
0.533250,1.200693
0.533750,1.013340
0.534250,1.367498
0.534750,1.270262
0.535250,1.259608
0.535750,0.956039
0.536250,1.171215
0.536750,1.370819
0.537250,1.510971
0.537750,1.565164
0.538250,1.419923
0.538750,1.326757
0.539250,1.608268
0.539750,1.969119
0.540250,1.786316
0.540750,1.832974
0.541250,1.802051
0.541750,2.035547
0.542250,2.080393
0.542750,2.155403
0.543250,2.399089
0.543750,2.246575
0.544250,2.139670
0.544750,2.225374
0.545250,2.405606
0.545750,2.260998
0.546250,2.299858
0.546750,2.099592
0.547250,1.592555
0.547750,2.050201
0.548250,1.808772
0.548750,2.020151
0.549250,2.064421
0.549750,1.930641
0.550250,1.613348
0.550750,1.753189
0.551250,1.890123
0.551750,1.449700
0.552250,1.510452
0.552750,1.505663
0.553250,1.308349
0.553750,1.656564
0.554250,1.814820
0.554750,1.694598
0.555250,1.822064
0.555750,1.130585
0.556250,1.366308
0.556750,1.152501
0.557250,1.238221
0.557750,1.165413
0.558250,1.350189
0.558750,0.442784
0.559250,0.719283
0.559750,0.821635
0.560250,0.943347
0.560750,1.388338
0.561250,1.128739
0.561750,0.643965
0.562250,0.334836
0.562750,0.601455
0.563250,0.803019
0.563750,0.766793
0.564250,0.653309
0.564750,0.396643
0.565250,0.561006
0.565750,0.885317
0.566250,0.757144
0.566750,1.232648
0.567250,1.071799
0.567750,1.076711
0.568250,0.652506
0.568750,0.620842
0.569250,0.876498
0.569750,0.863884
0.570250,0.369473
0.570750,0.119559
0.571250,0.409888
0.571750,0.489801
0.572250,0.685221
0.572750,1.095356
0.573250,0.719075
0.573750,0.761776
0.574250,0.230363
0.574750,0.263111
0.575250,0.304533
0.575750,0.130766
0.576250,0.452449
0.576750,0.177790
0.577250,0.393039
0.577750,-0.060057
0.578250,0.462661
0.578750,0.751551
0.579250,0.211361
0.579750,-0.181985
0.580250,-0.210812
0.580750,-0.594133
0.581250,-0.265273
0.581750,-0.687992
0.582250,-0.379249
0.582750,-0.347864
0.583250,-0.726848
0.583750,-0.622310
0.584250,-0.522626
0.584750,-0.166031
0.585250,-0.133343
0.585750,-0.704594
0.586250,-0.495130
0.586750,-0.679266
0.587250,-0.727557
0.587750,-0.835532
0.588250,-0.757845
0.588750,-0.466505
0.589250,-0.606030
0.589750,-0.739452
0.590250,-0.177623
0.590750,-0.000782
0.591250,-0.216400
0.591750,-0.309874
0.592250,0.011400
0.592750,-0.260126
0.593250,-0.415573
0.593750,-0.125812
0.594250,-0.246281
0.594750,0.006301
0.595250,-0.249692
0.595750,-0.018690
0.596250,0.190083
0.596750,-0.026317
0.597250,0.157066
0.597750,0.390490
0.598250,0.124142
0.598750,0.520751
0.599250,-0.041575
0.599750,0.066713
0.600250,0.034648
0.600750,0.048421
0.601250,0.480030
0.601750,-0.028283
0.602250,0.527213
0.602750,0.472278
0.603250,0.011908
0.603750,0.104272
0.604250,0.372005
0.604750,0.148097
0.605250,-0.166640
0.605750,-0.007376
0.606250,-0.423924
0.606750,-0.382137
0.607250,-0.541049
0.607750,-0.181846
0.608250,-0.025699
0.608750,0.328120
0.609250,-0.018845
0.609750,-0.002253
0.610250,-0.205535
0.610750,0.153401
0.611250,-0.279197
0.611750,-0.026943
0.612250,-0.375239
0.612750,-0.887696
0.613250,-0.497964
0.613750,-0.125721
0.614250,-0.146588
0.614750,0.326296
0.615250,0.085249
0.615750,-0.244394
0.616250,-0.167072
0.616750,-0.074837
0.617250,0.348256
0.617750,0.069226
0.618250,-0.180899
0.618750,-0.252940
0.619250,-0.518652
0.619750,-0.182332
0.620250,-0.025983
0.620750,0.032980
0.621250,0.369191
0.621750,-0.071188
0.622250,-0.124307
0.622750,-0.045119
0.623250,0.221285
0.623750,0.501254
0.624250,0.261844
0.624750,0.372715
0.625250,0.121348
0.625750,0.295612
0.626250,-0.065732
0.626750,0.676462
0.627250,0.862488
0.627750,0.696935
0.628250,0.684038
0.628750,0.568564
0.629250,0.793849
0.629750,0.923280
0.630250,0.732978
0.630750,0.614708
0.631250,0.543741
0.631750,0.492634
0.632250,0.440504
0.632750,0.795350
0.633250,1.107493
0.633750,1.027187
0.634250,0.910000
0.634750,0.955177
0.635250,0.656358
0.635750,1.096427
0.636250,0.956965
0.636750,1.053795
0.637250,0.812592
0.637750,0.841924
0.638250,0.750118
0.638750,0.849135
0.639250,1.138598
0.639750,0.952053
0.640250,0.763933
0.640750,0.856080
0.641250,0.888900
0.641750,0.317751
0.642250,0.627755
0.642750,0.770179
0.643250,0.649971
0.643750,0.682478
0.644250,0.876477
0.644750,0.351609
0.645250,0.458727
0.645750,0.864813
0.646250,0.395450
0.646750,1.162203
0.647250,0.901496
0.647750,1.051445
0.648250,0.798882
0.648750,0.830883
0.649250,0.752999
0.649750,0.880413
0.650250,0.480723
0.650750,0.721068
0.651250,0.591049
0.651750,0.777290
0.652250,0.785481
0.652750,0.556851
0.653250,0.802392
0.653750,0.792504
0.654250,0.960330
0.654750,0.384672
0.655250,0.768318
0.655750,0.592121
0.656250,0.691895
0.656750,0.699545
0.657250,0.714450
0.657750,0.577855
0.658250,0.584064
0.658750,0.386519
0.659250,0.486043
0.659750,0.459224
0.660250,0.662413
0.660750,0.448297
0.661250,0.421850
0.661750,0.207900
0.662250,-0.005131
0.662750,-0.031486
0.663250,0.079655
0.663750,0.305631
0.664250,0.227296
0.664750,0.245225
0.665250,0.365067
0.665750,-0.015773
0.666250,0.210004
0.666750,0.326179
0.667250,0.481226
0.667750,0.078132
0.668250,-0.566718
0.668750,-0.568705
0.669250,-0.171336
0.669750,0.068490
0.670250,-0.310833
0.670750,-0.259637
0.671250,-0.472426
0.671750,-0.676248
0.672250,-0.680366
0.672750,-1.048457
0.673250,-0.891943
0.673750,-0.722402
0.674250,-1.346607
0.674750,-0.981304
0.675250,-1.178510
0.675750,-0.977163
0.676250,-0.700882
0.676750,-0.906280
0.677250,-0.457343
0.677750,-0.829208
0.678250,-0.752134
0.678750,-1.413679
0.679250,-1.258947
0.679750,-1.316693
0.680250,-1.056149
0.680750,-1.178327
0.681250,-1.616808
0.681750,-1.642834
0.682250,-1.779779
0.682750,-1.628819
0.683250,-1.115365
0.683750,-0.631750
0.684250,-0.690615
0.684750,-1.060150
0.685250,-1.189536
0.685750,-1.224054
0.686250,-1.084538
0.686750,-0.723016
0.687250,-0.965959
0.687750,-0.753055
0.688250,-0.874854
0.688750,-1.294528
0.689250,-1.037275
0.689750,-0.733442
0.690250,-0.317287
0.690750,-0.089699
0.691250,-0.385146
0.691750,-0.553544
0.692250,-0.759731
0.692750,-0.811126
0.693250,-0.466121
0.693750,-0.761361
0.694250,-0.761405
0.694750,-0.675510
0.695250,-1.025886
0.695750,-0.784797
0.696250,-0.560825
0.696750,-0.581580
0.697250,-0.565031
0.697750,-1.042257
0.698250,-0.689710
0.698750,-0.952427
0.699250,-0.949599
0.699750,-0.981296
0.700250,-1.019764
0.700750,-0.966273
0.701250,-1.143477
0.701750,-0.976151
0.702250,-1.357881
0.702750,-1.290203
0.703250,-0.639380
0.703750,-0.919744
0.704250,-0.299269
0.704750,-0.693211
0.705250,-0.983774
0.705750,-1.357375
0.706250,-1.294983
0.706750,-1.188742
0.707250,-1.230434
0.707750,-1.298129
0.708250,-1.097720
0.708750,-1.202299
0.709250,-1.032259
0.709750,-0.562922
0.710250,-0.710377
0.710750,-0.332811
0.711250,-0.506385
0.711750,-0.794952
0.712250,-0.720518
0.712750,-0.463186
0.713250,-0.744024
0.713750,-0.860632
0.714250,-0.630280
0.714750,-0.553232
0.715250,-0.210557
0.715750,-0.147603
0.716250,-0.152250
0.716750,0.003388
0.717250,0.166601
0.717750,0.203125
0.718250,0.405953
0.718750,0.226161
0.719250,0.001026
0.719750,-0.259727
0.720250,-0.499742
0.720750,-0.732654
0.721250,-0.319495
0.721750,-0.507726
0.722250,-0.501632
0.722750,-0.191382
0.723250,-0.456584
0.723750,-0.324075
0.724250,-0.044488
0.724750,-0.095150
0.725250,-0.222104
0.725750,-0.295064
0.726250,-0.387457
0.726750,-0.430105
0.727250,-0.509269
0.727750,-0.807651
0.728250,-0.593698
0.728750,-0.136301
0.729250,-0.431953
0.729750,-0.180296
0.730250,-0.308435
0.730750,-0.551761
0.731250,-0.656197
0.731750,-0.502800
0.732250,-0.667955
0.732750,-1.091973
0.733250,-0.822043
0.733750,-1.440134
0.734250,-1.794701
0.734750,-1.541845
0.735250,-1.618252
0.735750,-1.511124
0.736250,-1.098860
0.736750,-1.229811
0.737250,-1.559093
0.737750,-1.032240
0.738250,-1.386662
0.738750,-1.337987
0.739250,-1.049980
0.739750,-1.267311
0.740250,-1.222787
0.740750,-1.691310
0.741250,-1.923732
0.741750,-1.998041
0.742250,-1.449133
0.742750,-1.479275
0.743250,-1.378227
0.743750,-1.324422
0.744250,-1.561564
0.744750,-1.399034
0.745250,-1.312857
0.745750,-1.285770
0.746250,-1.030393
0.746750,-1.412690
0.747250,-1.552799
0.747750,-1.702992
0.748250,-1.732968
0.748750,-1.798874
0.749250,-1.627109
0.749750,-1.381828
0.750250,-1.412930
0.750750,-1.467448
0.751250,-1.585466
0.751750,-1.769274
0.752250,-1.520956
0.752750,-1.524501
0.753250,-1.511692
0.753750,-1.582161
0.754250,-1.667104
0.754750,-1.979959
0.755250,-2.092212
0.755750,-2.118023
0.756250,-2.218423
0.756750,-1.989967
0.757250,-1.885140
0.757750,-1.931037
0.758250,-2.456211
0.758750,-2.088659
0.759250,-2.496529
0.759750,-2.187301
0.760250,-1.975358
0.760750,-2.686110
0.761250,-2.318182
0.761750,-2.646476
0.762250,-2.700610
0.762750,-2.666928
0.763250,-2.400031
0.763750,-2.321361
0.764250,-2.538453
0.764750,-2.619337
0.765250,-2.947250
0.765750,-2.993788
0.766250,-2.822643
0.766750,-2.768298
0.767250,-3.057214
0.767750,-2.762649
0.768250,-3.006274
0.768750,-2.924374
0.769250,-2.702819
0.769750,-3.186924
0.770250,-2.825366
0.770750,-2.275585
0.771250,-2.146591
0.771750,-2.642185
0.772250,-2.280730
0.772750,-2.632316
0.773250,-2.506254
0.773750,-2.868734
0.774250,-2.840657
0.774750,-2.898247
0.775250,-2.580577
0.775750,-2.263354
0.776250,-2.655661
0.776750,-2.802510
0.777250,-2.749153
0.777750,-2.401366
0.778250,-2.400632
0.778750,-2.407704
0.779250,-2.135535
0.779750,-2.562353
0.780250,-2.337399
0.780750,-2.307201
0.781250,-2.775086
0.781750,-2.143637
0.782250,-2.712363
0.782750,-2.275516
0.783250,-2.123719
0.783750,-2.398374
0.784250,-2.078155
0.784750,-2.097090
0.785250,-2.412384
0.785750,-1.844213
0.786250,-2.103923
0.786750,-2.291705
0.787250,-2.322215
0.787750,-2.450826
0.788250,-2.403989
0.788750,-2.442470
0.789250,-2.025655
0.789750,-2.477403
0.790250,-2.571152
0.790750,-1.924593
0.791250,-2.415709
0.791750,-2.240778
0.792250,-2.677821
0.792750,-2.621934
0.793250,-2.180421
0.793750,-2.683010
0.794250,-2.260688
0.794750,-2.394664
0.795250,-2.568271
0.795750,-2.600126
0.796250,-2.611605
0.796750,-2.128902
0.797250,-2.210694
0.797750,-1.869861
0.798250,-2.263084
0.798750,-2.034738
0.799250,-2.568237
0.799750,-2.697928
0.800250,-2.272703
0.800750,-2.683720
0.801250,-2.095787
0.801750,-2.475864
0.802250,-2.526033
0.802750,-2.695185
0.803250,-2.020651
0.803750,-2.367143
0.804250,-1.981328
0.804750,-2.159429
0.805250,-2.302284
0.805750,-2.547845
0.806250,-2.512597
0.806750,-2.192524
0.807250,-2.143730
0.807750,-1.552652
0.808250,-1.764660
0.808750,-2.132910
0.809250,-1.771762
0.809750,-1.920806
0.810250,-1.489406
0.810750,-1.755394
0.811250,-1.493360
0.811750,-1.235737
0.812250,-1.237315
0.812750,-1.207917
0.813250,-1.302314
0.813750,-1.535512
0.814250,-1.388280
0.814750,-1.516338
0.815250,-1.306176
0.815750,-1.263950
0.816250,-1.086695
0.816750,-1.601593
0.817250,-1.324874
0.817750,-1.502360
0.818250,-1.299679
0.818750,-0.838527
0.819250,-0.373917
0.819750,-0.403994
0.820250,-0.961316
0.820750,-1.235733
0.821250,-1.200099
0.821750,-1.167798
0.822250,-0.860781
0.822750,-1.034299
0.823250,-1.001726
0.823750,-1.334611
0.824250,-1.127556
0.824750,-1.272922
0.825250,-1.063069
0.825750,-0.256941
0.826250,-0.085342
0.826750,-0.332622
0.827250,-0.652027
0.827750,-0.851894
0.828250,-0.771942
0.828750,-0.959184
0.829250,-0.674568
0.829750,-0.480551
0.830250,-0.852948
0.830750,-0.811000
0.831250,-1.078841
0.831750,-1.368791
0.832250,-1.225801
0.832750,-0.979032
0.833250,-0.582213
0.833750,-0.468709
0.834250,-0.621816
0.834750,-0.767546
0.835250,-0.763165
0.835750,-1.304384
0.836250,-1.034625
0.836750,-1.269408
0.837250,-1.167593
0.837750,-0.979972
0.838250,-1.162852
0.838750,-1.134669
0.839250,-0.790571
0.839750,-1.245914
0.840250,-0.520479
0.840750,-0.490756
0.841250,-0.287509
0.841750,-0.869562
0.842250,-0.886758
0.842750,-0.907278
0.843250,-1.316549
0.843750,-0.842863
0.844250,-1.147522
0.844750,-1.325362
0.845250,-1.219017
0.845750,-1.210230
0.846250,-1.388045
0.846750,-0.991288
0.847250,-0.604593
0.847750,-0.670261
0.848250,-0.555044
0.848750,-0.692450
0.849250,-0.755951
0.849750,-0.964543
0.850250,-0.423080
0.850750,-0.248596
0.851250,-1.062842
0.851750,-0.997798
0.852250,-0.981697
0.852750,-0.917206
0.853250,-1.118349
0.853750,-0.820617
0.854250,-1.081785
0.854750,-1.090308
0.855250,-0.963503
0.855750,-0.905670
0.856250,-1.149969
0.856750,-0.965666
0.857250,-1.102834
0.857750,-0.860741
0.858250,-1.137357
0.858750,-1.391137
0.859250,-1.822800
0.859750,-1.255944
0.860250,-1.203675
0.860750,-1.073481
0.861250,-1.684254
0.861750,-0.969017
0.862250,-1.640137
0.862750,-1.280139
0.863250,-1.443342
0.863750,-1.055826
0.864250,-1.416005
0.864750,-1.932301
0.865250,-1.333534
0.865750,-1.805700
0.866250,-1.820316
0.866750,-2.116998
0.867250,-2.187183
0.867750,-2.268222
0.868250,-1.906948
0.868750,-1.631019
0.869250,-1.503776
0.869750,-1.742521
0.870250,-2.143057
0.870750,-1.838361
0.871250,-1.840218
0.871750,-1.631440
0.872250,-1.847107
0.872750,-2.053819
0.873250,-1.707307
0.873750,-2.281712
0.874250,-2.677111
0.874750,-2.616205
0.875250,-2.233150
0.875750,-2.674136
0.876250,-1.864808
0.876750,-1.689140
0.877250,-2.135465
0.877750,-2.176453
0.878250,-1.617077
0.878750,-1.725979
0.879250,-1.486887
0.879750,-1.556215
0.880250,-1.803931
0.880750,-2.167102
0.881250,-2.224850
0.881750,-1.940935
0.882250,-2.117217
0.882750,-1.764103
0.883250,-1.123302
0.883750,-1.260426
0.884250,-1.162373
0.884750,-1.441480
0.885250,-1.364063
0.885750,-1.313332
0.886250,-1.109412
0.886750,-1.259274
0.887250,-1.080227
0.887750,-1.075348
0.888250,-1.222054
0.888750,-1.625258
0.889250,-1.747373
0.889750,-1.255795
0.890250,-1.785408
0.890750,-1.338955
0.891250,-1.105129
0.891750,-1.029939
0.892250,-1.041128
0.892750,-1.291023
0.893250,-1.588548
0.893750,-1.501871
0.894250,-1.233223
0.894750,-1.221722
0.895250,-1.327515
0.895750,-1.237786
0.896250,-1.364570
0.896750,-1.378990
0.897250,-1.573127
0.897750,-1.610311
0.898250,-1.434082
0.898750,-1.415407
0.899250,-1.208912
0.899750,-1.372147
0.900250,-1.394199
0.900750,-1.564873
0.901250,-2.127624
0.901750,-1.536414
0.902250,-1.300774
0.902750,-1.508566
0.903250,-1.932932
0.903750,-1.804986
0.904250,-1.441966
0.904750,-1.819815
0.905250,-2.195783
0.905750,-1.200830
0.906250,-0.910289
0.906750,-0.869278
0.907250,-0.923862
0.907750,-1.170485
0.908250,-0.962399
0.908750,-0.973157
0.909250,-0.895201
0.909750,-0.908895
0.910250,-0.998954
0.910750,-1.027191
0.911250,-1.592638
0.911750,-1.028678
0.912250,-1.126379
0.912750,-1.302997
0.913250,-0.945499
0.913750,-0.312492
0.914250,-0.440997
0.914750,-0.331646
0.915250,-0.424670
0.915750,-0.178962
0.916250,-0.337270
0.916750,-0.196975
0.917250,-0.350925
0.917750,-0.183759
0.918250,0.261340
0.918750,-0.266620
0.919250,-0.146833
0.919750,0.136573
0.920250,-0.120582
0.920750,-0.327290
0.921250,-0.158615
0.921750,-0.186743
0.922250,0.261275
0.922750,0.187030
0.923250,0.368511
0.923750,-0.264428
0.924250,-0.008029
0.924750,-0.139616
0.925250,-0.289570
0.925750,-0.067162
0.926250,-0.107174
0.926750,0.003773
0.927250,-0.117899
0.927750,0.062327
0.928250,-0.272431
0.928750,-0.050336
0.929250,-0.307894
0.929750,-0.169887
0.930250,0.159429
0.930750,-0.177763
0.931250,0.046804
0.931750,-0.211159
0.932250,-0.484374
0.932750,-0.614085
0.933250,-0.588872
0.933750,-0.872771
0.934250,-0.663691
0.934750,-0.495821
0.935250,-0.512604
0.935750,-0.245750
0.936250,-0.683371
0.936750,-0.912082
0.937250,-0.596602
0.937750,-0.863699
0.938250,-0.616862
0.938750,-0.583844
0.939250,-0.712776
0.939750,-0.739065
0.940250,-1.514311
0.940750,-0.980118
0.941250,-1.252962
0.941750,-0.605495
0.942250,-0.883393
0.942750,-0.563117
0.943250,-0.390677
0.943750,-0.706178
0.944250,-0.164106
0.944750,-0.791489
0.945250,-0.921818
0.945750,-0.650398
0.946250,-0.928682
0.946750,-0.446461
0.947250,-0.755074
0.947750,-0.733675
0.948250,-1.724480
0.948750,-1.147946
0.949250,-1.369391
0.949750,-1.151531
0.950250,-0.751394
0.950750,-0.841773
0.951250,-0.668252
0.951750,-0.672346
0.952250,-0.587780
0.952750,-1.285197
0.953250,-1.491497
0.953750,-1.194324
0.954250,-1.104455
0.954750,-0.878736
0.955250,-1.304238
0.955750,-1.344077
0.956250,-1.822968
0.956750,-1.177255
0.957250,-1.427292
0.957750,-0.973613
0.958250,-0.948380
0.958750,-0.407377
0.959250,-0.987579
0.959750,-0.951045
0.960250,-1.494490
0.960750,-1.491350
0.961250,-1.917460
0.961750,-1.595705
0.962250,-1.201073
0.962750,-1.333284
0.963250,-1.697369
0.963750,-1.746402
0.964250,-2.251651
0.964750,-1.848010
0.965250,-2.078365
0.965750,-1.848721
0.966250,-1.104265
0.966750,-1.326960
0.967250,-1.819325
0.967750,-1.743770
0.968250,-1.898463
0.968750,-1.978635
0.969250,-1.903576
0.969750,-1.703757
0.970250,-1.723208
0.970750,-1.797204
0.971250,-2.136773
0.971750,-2.844883
0.972250,-2.252170
0.972750,-2.185718
0.973250,-2.011243
0.973750,-2.186043
0.974250,-1.695370
0.974750,-1.577729
0.975250,-1.663889
0.975750,-1.940793
0.976250,-2.051490
0.976750,-2.093154
0.977250,-2.073192
0.977750,-2.111782
0.978250,-2.006149
0.978750,-2.006867
0.979250,-1.944675
0.979750,-1.551814
0.980250,-2.338845
0.980750,-2.002218
0.981250,-1.770732
0.981750,-1.712551
0.982250,-1.657074
0.982750,-1.409469
0.983250,-1.314299
0.983750,-1.482050
0.984250,-1.139419
0.984750,-1.405818
0.985250,-1.328375
0.985750,-1.409054
0.986250,-1.862725
0.986750,-1.240142
0.987250,-1.405743
0.987750,-1.166999
0.988250,-1.503379
0.988750,-1.659447
0.989250,-1.341353
0.989750,-1.107828
0.990250,-0.599554
0.990750,-0.480355
0.991250,-0.861084
0.991750,-0.935978
0.992250,-0.746997
0.992750,-1.180555
0.993250,-1.107838
0.993750,-1.130507
0.994250,-1.269078
0.994750,-1.118272
0.995250,-1.301904
0.995750,-1.538794
0.996250,-1.633334
0.996750,-1.307622
0.997250,-1.204838
0.997750,-1.389376
0.998250,-0.806389
0.998750,-0.777809
0.999250,-0.725658
0.999750,-0.975452
