0.000250,0.080622
0.000750,0.129598
0.001250,0.097584
0.001750,-0.123989
0.002250,-0.131924
0.002750,-0.012882
0.003250,0.018868
0.003750,-0.025667
0.004250,0.142668
0.004750,0.260492
0.005250,0.348078
0.005750,0.315556
0.006250,0.210911
0.006750,0.203325
0.007250,0.165628
0.007750,0.097784
0.008250,0.071877
0.008750,0.103395
0.009250,0.032939
0.009750,-0.049384
0.010250,-0.009158
0.010750,0.220187
0.011250,0.262643
0.011750,0.282574
0.012250,0.278311
0.012750,0.426372
0.013250,0.453642
0.013750,0.357733
0.014250,0.543902
0.014750,0.586807
0.015250,0.724266
0.015750,0.916856
0.016250,0.967332
0.016750,0.999963
0.017250,1.129127
0.017750,0.912651
0.018250,0.992045
0.018750,0.947488
0.019250,1.029678
0.019750,1.101971
0.020250,1.173220
0.020750,1.327141
0.021250,0.976395
0.021750,1.033236
0.022250,0.986991
0.022750,1.097593
0.023250,0.873124
0.023750,0.635673
0.024250,0.636110
0.024750,0.517224
0.025250,0.801150
0.025750,0.957353
0.026250,0.962261
0.026750,1.038949
0.027250,0.881635
0.027750,0.959413
0.028250,1.034615
0.028750,0.830775
0.029250,0.898490
0.029750,1.078531
0.030250,0.919993
0.030750,1.116887
0.031250,1.197293
0.031750,1.317969
0.032250,1.327739
0.032750,1.530247
0.033250,1.489893
0.033750,1.457594
0.034250,1.335513
0.034750,1.326705
0.035250,1.278032
0.035750,1.218435
0.036250,1.246483
0.036750,1.078051
0.037250,1.184239
0.037750,1.109828
0.038250,0.899492
0.038750,1.244082
0.039250,1.287044
0.039750,1.065811
0.040250,0.762579
0.040750,0.885424
0.041250,0.625471
0.041750,0.575472
0.042250,0.844256
0.042750,0.648744
0.043250,0.704542
0.043750,0.570483
0.044250,0.623047
0.044750,0.661653
0.045250,0.478387
0.045750,0.844459
0.046250,0.596068
0.046750,0.572193
0.047250,0.960166
0.047750,1.074289
0.048250,0.954841
0.048750,0.969380
0.049250,1.201389
0.049750,0.885395
0.050250,0.720179
0.050750,0.804094
0.051250,0.830659
0.051750,0.516283
0.052250,0.746873
0.052750,1.009548
0.053250,0.824686
0.053750,0.964933
0.054250,0.827324
0.054750,1.250238
0.055250,1.176699
0.055750,1.310808
0.056250,1.546998
0.056750,1.724038
0.057250,1.457355
0.057750,1.421334
0.058250,1.607662
0.058750,1.762007
0.059250,1.533354
0.059750,1.452145
0.060250,1.479521
0.060750,1.732069
0.061250,1.345772
0.061750,1.545367
0.062250,1.579822
0.062750,1.704349
0.063250,1.387979
0.063750,1.651757
0.064250,1.606846
0.064750,1.717132
0.065250,1.512834
0.065750,1.617649
0.066250,1.628118
0.066750,1.341708
0.067250,1.459752
0.067750,1.377049
0.068250,1.259241
0.068750,1.287020
0.069250,1.063972
0.069750,0.856055
0.070250,0.770625
0.070750,0.858722
0.071250,0.779285
0.071750,0.913422
0.072250,0.954285
0.072750,0.805660
0.073250,0.636930
0.073750,1.039952
0.074250,1.156124
0.074750,1.055921
0.075250,0.984227
0.075750,1.155067
0.076250,1.181835
0.076750,1.118718
0.077250,1.109428
0.077750,0.860360
0.078250,1.135920
0.078750,1.108961
0.079250,0.949141
0.079750,0.883798
0.080250,0.720145
0.080750,1.128576
0.081250,1.134137
0.081750,1.091239
0.082250,0.922151
0.082750,1.488809
0.083250,1.293269
0.083750,1.290020
0.084250,1.305490
0.084750,1.368878
0.085250,1.785019
0.085750,1.476930
0.086250,1.399367
0.086750,1.332763
0.087250,1.268484
0.087750,1.484015
0.088250,1.204483
0.088750,1.315770
0.089250,1.274378
0.089750,1.448891
0.090250,1.317823
0.090750,1.147372
0.091250,0.960172
0.091750,1.038224
0.092250,1.210641
0.092750,0.936820
0.093250,0.924498
0.093750,0.832413
0.094250,0.712901
0.094750,1.274734
0.095250,1.122708
0.095750,0.829244
0.096250,0.561104
0.096750,0.855851
0.097250,1.015169
0.097750,0.797424
0.098250,0.580905
0.098750,0.548208
0.099250,0.811103
0.099750,0.512979
0.100250,0.422554
0.100750,0.199158
0.101250,0.092245
0.101750,0.347445
0.102250,-0.051477
0.102750,-0.132799
0.103250,-0.377925
0.103750,-0.525348
0.104250,-0.047530
0.104750,-0.157579
0.105250,0.182912
0.105750,-0.010395
0.106250,-0.163506
0.106750,0.247008
0.107250,0.308937
0.107750,0.530736
0.108250,0.440447
0.108750,-0.035073
0.109250,0.308701
0.109750,0.517506
0.110250,0.380438
0.110750,0.368448
0.111250,0.207074
0.111750,0.218067
0.112250,0.316130
0.112750,0.443031
0.113250,0.272047
0.113750,0.598458
0.114250,0.326457
0.114750,0.300501
0.115250,0.403241
0.115750,0.130724
0.116250,0.171738
0.116750,0.046991
0.117250,0.051715
0.117750,0.269351
0.118250,0.162536
0.118750,0.500416
0.119250,0.313138
0.119750,0.651069
0.120250,0.891350
0.120750,1.076196
0.121250,0.909120
0.121750,0.781762
0.122250,0.992964
0.122750,0.883507
0.123250,1.105526
0.123750,0.866228
0.124250,0.979338
0.124750,0.830355
0.125250,1.013634
0.125750,0.807512
0.126250,0.507331
0.126750,0.500475
0.127250,0.366374
0.127750,0.576965
0.128250,0.857778
0.128750,0.565299
0.129250,0.954275
0.129750,0.913845
0.130250,0.635487
0.130750,0.901867
0.131250,0.719403
0.131750,0.784831
0.132250,0.929922
0.132750,0.918017
0.133250,0.979749
0.133750,1.138515
0.134250,1.358976
0.134750,0.645610
0.135250,0.692673
0.135750,0.563580
0.136250,0.277786
0.136750,0.245076
0.137250,0.285022
0.137750,-0.095076
0.138250,0.232693
0.138750,0.000349
0.139250,-0.148988
0.139750,-0.000557
0.140250,-0.023472
0.140750,-0.156351
0.141250,-0.463934
0.141750,-0.305016
0.142250,-0.496425
0.142750,-0.182060
0.143250,-0.208749
0.143750,-0.286444
0.144250,-0.395173
0.144750,-0.430129
0.145250,-0.391163
0.145750,-0.507278
0.146250,-0.253584
0.146750,-0.367815
0.147250,0.044419
0.147750,-0.074858
0.148250,-0.246884
0.148750,0.094646
0.149250,0.138169
0.149750,-0.286115
0.150250,-0.388869
0.150750,-0.514286
0.151250,-0.414298
0.151750,-0.264442
0.152250,-0.167526
0.152750,-0.280567
0.153250,-0.288113
0.153750,-0.982347
0.154250,-0.276949
0.154750,-0.533171
0.155250,-0.654957
0.155750,-0.605194
0.156250,-0.311633
0.156750,-0.431279
0.157250,-0.138393
0.157750,-0.306706
0.158250,-0.032527
0.158750,0.345257
0.159250,-0.130284
0.159750,-0.290872
0.160250,-0.273013
0.160750,0.474254
0.161250,0.285799
0.161750,0.264124
0.162250,0.321321
0.162750,0.094634
0.163250,0.049730
0.163750,0.320249
0.164250,0.684301
0.164750,0.244293
0.165250,0.378496
0.165750,0.375236
0.166250,0.163468
0.166750,0.304432
0.167250,0.354935
0.167750,0.325808
0.168250,0.324750
0.168750,0.263087
0.169250,-0.182551
0.169750,-0.401191
0.170250,-0.628294
0.170750,-0.249730
0.171250,-0.631365
0.171750,-0.237579
0.172250,-0.214467
0.172750,-0.306774
0.173250,-0.335954
0.173750,-0.421249
0.174250,-0.327029
0.174750,-0.733206
0.175250,-0.546181
0.175750,-0.523126
0.176250,-0.415271
0.176750,-0.466081
0.177250,-0.473584
0.177750,-0.587706
0.178250,-0.597463
0.178750,-0.560524
0.179250,-0.689167
0.179750,-0.465967
0.180250,-0.677927
0.180750,-0.615625
0.181250,-0.519382
0.181750,-0.384120
0.182250,-0.872160
0.182750,-0.885855
0.183250,-0.755772
0.183750,-0.742964
0.184250,-0.690238
0.184750,-0.893822
0.185250,-1.329632
0.185750,-1.421202
0.186250,-0.997593
0.186750,-0.583041
0.187250,-1.090258
0.187750,-0.940580
0.188250,-0.857008
0.188750,-1.087330
0.189250,-1.135451
0.189750,-1.002290
0.190250,-0.657213
0.190750,-0.758260
0.191250,-0.563396
0.191750,-0.643990
0.192250,-0.688007
0.192750,-1.073600
0.193250,-0.447577
0.193750,0.237992
0.194250,0.032785
0.194750,0.184301
0.195250,-0.115541
0.195750,-0.353931
0.196250,-0.654348
0.196750,-0.590345
0.197250,0.045074
0.197750,-0.208549
0.198250,-0.522399
0.198750,-0.083860
0.199250,0.070623
0.199750,-0.650938
0.200250,-0.535685
0.200750,-0.284284
0.201250,-0.229569
0.201750,-0.728648
0.202250,-0.376235
0.202750,-0.627427
0.203250,-1.014752
0.203750,-0.803601
0.204250,0.000143
0.204750,-0.204418
0.205250,-0.090189
0.205750,-0.193319
0.206250,0.040267
0.206750,-0.263789
0.207250,-0.040540
0.207750,0.338369
0.208250,0.279139
0.208750,0.055333
0.209250,-0.021002
0.209750,0.267207
0.210250,0.253057
0.210750,0.590451
0.211250,0.502631
0.211750,0.719388
0.212250,0.530224
0.212750,0.912037
0.213250,0.498154
0.213750,0.715756
0.214250,0.743845
0.214750,0.844437
0.215250,1.179770
0.215750,0.796410
0.216250,0.623441
0.216750,1.058429
0.217250,0.393782
0.217750,0.599931
0.218250,0.455854
0.218750,1.196870
0.219250,1.024317
0.219750,0.975061
0.220250,1.039003
0.220750,0.426065
0.221250,0.397914
0.221750,0.680907
0.222250,0.876370
0.222750,0.891753
0.223250,1.058743
0.223750,1.139967
0.224250,1.107951
0.224750,0.594461
0.225250,0.792372
0.225750,0.811106
0.226250,0.825455
0.226750,1.091532
0.227250,1.336421
0.227750,0.825729
0.228250,0.944115
0.228750,0.325674
0.229250,0.567796
0.229750,1.073822
0.230250,0.692845
0.230750,0.402691
0.231250,0.905572
0.231750,0.604721
0.232250,0.392798
0.232750,0.007153
0.233250,0.448584
0.233750,0.967122
0.234250,-0.055383
0.234750,-0.107504
0.235250,0.437033
0.235750,0.012617
0.236250,-0.170653
0.236750,-0.017918
0.237250,0.387340
0.237750,-0.105171
0.238250,0.077253
0.238750,-0.035755
0.239250,-0.141632
0.239750,-0.353033
0.240250,-0.497496
0.240750,-0.259299
0.241250,-0.135783
0.241750,-0.135125
0.242250,0.034164
0.242750,0.104447
0.243250,0.159124
0.243750,0.249813
0.244250,-0.024285
0.244750,0.573715
0.245250,0.499631
0.245750,0.400376
0.246250,0.555627
0.246750,0.536313
0.247250,0.246490
0.247750,-0.226398
0.248250,0.120076
0.248750,0.517358
0.249250,0.136454
0.249750,0.515650
0.250250,0.750426
0.250750,0.271855
0.251250,0.221687
0.251750,0.374129
0.252250,0.264510
0.252750,0.294877
0.253250,0.017255
0.253750,-0.009494
0.254250,0.011993
0.254750,0.151803
0.255250,-0.110720
0.255750,0.000664
0.256250,0.437374
0.256750,0.566754
0.257250,0.211740
0.257750,0.216609
0.258250,0.244738
0.258750,-0.254940
0.259250,0.268735
0.259750,0.517204
0.260250,0.731512
0.260750,0.870673
0.261250,0.774838
0.261750,0.328434
0.262250,0.935661
0.262750,0.753983
0.263250,0.903364
0.263750,0.436112
0.264250,1.265734
0.264750,1.148709
0.265250,0.813116
0.265750,1.039685
0.266250,1.017246
0.266750,1.144169
0.267250,0.581793
0.267750,0.790937
0.268250,0.732987
0.268750,0.869846
0.269250,0.884151
0.269750,0.451124
0.270250,1.048973
0.270750,1.032145
0.271250,0.504523
0.271750,0.604416
0.272250,1.082405
0.272750,0.951070
0.273250,0.991505
0.273750,0.391660
0.274250,0.557650
0.274750,0.634794
0.275250,0.599516
0.275750,0.346712
0.276250,0.272584
0.276750,0.402880
0.277250,0.787830
0.277750,0.473777
0.278250,0.173491
0.278750,0.028706
0.279250,-0.342682
0.279750,-0.211678
0.280250,-0.111363
0.280750,0.348688
0.281250,0.401026
0.281750,0.295107
0.282250,0.476847
0.282750,0.537875
0.283250,0.173293
0.283750,-0.246281
0.284250,-0.158866
0.284750,-0.021261
0.285250,0.345616
0.285750,0.740557
0.286250,0.429002
0.286750,0.045249
0.287250,0.121303
0.287750,-0.153291
0.288250,-0.318261
0.288750,-0.495839
0.289250,-0.170097
0.289750,0.019930
0.290250,0.380723
0.290750,-0.530950
0.291250,-0.398454
0.291750,-1.030370
0.292250,-0.092429
0.292750,-0.427835
0.293250,-0.685668
0.293750,-0.432445
0.294250,-0.294201
0.294750,-0.579636
0.295250,-0.816574
0.295750,-0.604507
0.296250,-0.714562
0.296750,-0.888002
0.297250,-0.541182
0.297750,-0.756765
0.298250,-0.168533
0.298750,-0.443478
0.299250,-0.451136
0.299750,-0.185941
0.300250,-0.487815
0.300750,-0.606139
0.301250,-0.130750
0.301750,0.390526
0.302250,0.150735
0.302750,-0.109888
0.303250,0.077280
0.303750,0.253468
0.304250,0.076434
0.304750,0.091079
0.305250,-0.385361
0.305750,0.108791
0.306250,0.260931
0.306750,-0.090038
0.307250,0.195790
0.307750,0.273989
0.308250,0.434271
0.308750,0.042398
0.309250,-0.377755
0.309750,0.236153
0.310250,0.052294
0.310750,0.159161
0.311250,0.213975
0.311750,0.250635
0.312250,-0.156713
0.312750,-0.003332
0.313250,-0.054563
0.313750,-0.423160
0.314250,-0.512762
0.314750,-0.410391
0.315250,0.121035
0.315750,0.553469
0.316250,0.095038
0.316750,-0.079618
0.317250,0.089424
0.317750,0.018454
0.318250,0.247445
0.318750,0.222599
0.319250,0.461967
0.319750,0.348115
0.320250,0.237076
0.320750,0.327910
0.321250,0.404464
0.321750,1.310986
0.322250,0.926290
0.322750,0.752250
0.323250,0.640809
0.323750,1.019598
0.324250,1.212891
0.324750,1.292681
0.325250,1.345213
0.325750,1.459393
0.326250,1.163518
0.326750,1.152733
0.327250,1.151375
0.327750,1.322256
0.328250,1.148127
0.328750,1.498694
0.329250,1.433632
0.329750,0.790785
0.330250,1.146115
0.330750,1.657479
0.331250,1.100831
0.331750,1.233692
0.332250,1.099571
0.332750,1.329821
0.333250,1.053012
0.333750,1.240193
0.334250,0.915532
0.334750,1.289009
0.335250,0.754062
0.335750,0.959689
0.336250,0.950032
0.336750,1.015936
0.337250,1.634751
0.337750,1.095805
0.338250,1.505324
0.338750,1.386260
0.339250,1.659439
0.339750,1.382025
0.340250,1.098404
0.340750,1.452942
0.341250,1.462164
0.341750,2.091452
0.342250,1.382251
0.342750,1.339194
0.343250,1.275450
0.343750,1.454461
0.344250,1.941951
0.344750,1.321440
0.345250,1.360747
0.345750,1.738134
0.346250,2.225401
0.346750,1.979353
0.347250,1.838176
0.347750,1.242985
0.348250,1.736853
0.348750,1.583957
0.349250,1.400037
0.349750,0.996525
0.350250,1.356455
0.350750,1.344704
0.351250,1.269333
0.351750,1.683771
0.352250,0.937969
0.352750,1.585653
0.353250,1.164422
0.353750,1.435179
0.354250,0.963013
0.354750,1.071271
0.355250,1.461886
0.355750,1.562900
0.356250,1.504631
0.356750,1.527732
0.357250,0.875850
0.357750,1.172360
0.358250,0.639094
0.358750,0.668028
0.359250,0.462637
0.359750,0.816976
0.360250,1.035400
0.360750,1.106876
0.361250,0.974482
0.361750,0.633504
0.362250,0.840686
0.362750,0.322451
0.363250,0.662498
0.363750,0.491201
0.364250,1.089880
0.364750,1.136025
0.365250,1.182119
0.365750,0.987835
0.366250,1.302797
0.366750,0.843589
0.367250,0.954683
0.367750,1.000387
0.368250,1.100756
0.368750,0.949037
0.369250,1.128039
0.369750,1.547397
0.370250,1.501383
0.370750,1.561398
0.371250,1.267351
0.371750,0.947380
0.372250,1.022861
0.372750,1.660518
0.373250,1.473353
0.373750,1.008418
0.374250,1.356145
0.374750,1.594722
0.375250,1.934282
0.375750,1.390223
0.376250,1.607746
0.376750,1.564977
0.377250,1.423202
0.377750,1.125472
0.378250,1.259212
0.378750,1.054625
0.379250,0.754960
0.379750,1.260359
0.380250,1.585326
0.380750,1.529960
0.381250,1.444869
0.381750,1.302226
0.382250,1.385722
0.382750,1.147145
0.383250,1.432804
0.383750,1.604867
0.384250,1.964106
0.384750,2.029258
0.385250,1.573396
0.385750,2.470826
0.386250,1.978772
0.386750,2.078964
0.387250,1.978530
0.387750,1.944491
0.388250,2.367181
0.388750,2.410913
0.389250,2.959145
0.389750,2.565194
0.390250,2.678857
0.390750,2.531632
0.391250,2.803119
0.391750,2.073412
0.392250,2.422605
0.392750,2.067316
0.393250,2.556685
0.393750,3.019424
0.394250,2.782203
0.394750,2.632015
0.395250,3.092789
0.395750,2.881189
0.396250,2.524602
0.396750,2.194785
0.397250,2.314838
0.397750,2.370141
0.398250,2.806330
0.398750,2.724789
0.399250,2.657091
0.399750,1.896982
0.400250,2.131678
0.400750,2.578644
0.401250,2.622724
0.401750,2.082682
0.402250,1.647478
0.402750,1.915572
0.403250,1.834181
0.403750,1.540594
0.404250,2.023419
0.404750,1.887177
0.405250,1.615787
0.405750,1.874765
0.406250,1.923864
0.406750,1.749026
0.407250,1.192519
0.407750,1.193111
0.408250,0.755264
0.408750,1.657640
0.409250,1.772666
0.409750,1.668996
0.410250,1.217803
0.410750,1.198459
0.411250,1.987222
0.411750,1.797569
0.412250,1.204100
0.412750,1.607096
0.413250,1.749695
0.413750,1.182864
0.414250,1.767815
0.414750,1.768692
0.415250,2.280503
0.415750,2.031500
0.416250,2.402862
0.416750,1.993910
0.417250,1.600294
0.417750,1.551844
0.418250,1.498297
0.418750,1.359904
0.419250,1.226312
0.419750,1.640411
0.420250,1.093008
0.420750,1.390422
0.421250,0.807466
0.421750,0.831354
0.422250,1.395850
0.422750,1.120583
0.423250,0.867658
0.423750,1.044268
0.424250,1.095975
0.424750,1.367347
0.425250,1.203511
0.425750,1.179986
0.426250,0.741505
0.426750,0.127715
0.427250,0.219099
0.427750,0.539610
0.428250,0.255606
0.428750,0.350010
0.429250,0.837308
0.429750,0.594822
0.430250,0.595669
0.430750,0.938932
0.431250,0.866247
0.431750,1.111954
0.432250,0.832341
0.432750,0.934025
0.433250,0.821197
0.433750,0.908066
0.434250,1.280137
0.434750,1.153062
0.435250,1.165487
0.435750,1.487921
0.436250,1.281311
0.436750,1.244393
0.437250,0.783074
0.437750,0.899659
0.438250,1.542508
0.438750,1.398070
0.439250,1.636744
0.439750,1.515334
0.440250,1.430038
0.440750,1.342696
0.441250,1.720783
0.441750,1.406935
0.442250,1.206570
0.442750,1.177285
0.443250,1.616805
0.443750,1.409526
0.444250,1.281507
0.444750,1.861843
0.445250,1.562780
0.445750,1.240314
0.446250,1.260773
0.446750,1.551344
0.447250,1.638436
0.447750,1.523778
0.448250,1.237703
0.448750,1.601891
0.449250,1.682593
0.449750,1.347309
0.450250,2.075548
0.450750,1.672796
0.451250,1.370504
0.451750,1.357720
0.452250,1.587979
0.452750,1.037539
0.453250,1.279757
0.453750,0.938167
0.454250,1.191880
0.454750,1.818841
0.455250,1.677822
0.455750,1.512505
0.456250,1.514813
0.456750,1.495523
0.457250,1.304588
0.457750,1.609942
0.458250,1.207933
0.458750,1.327194
0.459250,1.123007
0.459750,1.494343
0.460250,2.071166
0.460750,2.524340
0.461250,2.153104
0.461750,2.054070
0.462250,2.132080
0.462750,2.116599
0.463250,2.493374
0.463750,2.323467
0.464250,2.400012
0.464750,2.034765
0.465250,2.541757
0.465750,3.199476
0.466250,2.207183
0.466750,2.779389
0.467250,2.540889
0.467750,2.319857
0.468250,2.739850
0.468750,1.998663
0.469250,1.922178
0.469750,2.342688
0.470250,1.709760
0.470750,1.841108
0.471250,2.434903
0.471750,2.749701
0.472250,1.797958
0.472750,2.256065
0.473250,2.406286
0.473750,2.159633
0.474250,2.143900
0.474750,2.311638
0.475250,2.185806
0.475750,2.737919
0.476250,2.671731
0.476750,2.912348
0.477250,3.252858
0.477750,2.451233
0.478250,2.158625
0.478750,2.535954
0.479250,1.967463
0.479750,2.082430
0.480250,2.058193
0.480750,2.091484
0.481250,1.884647
0.481750,2.193396
0.482250,2.378538
0.482750,2.494643
0.483250,1.898473
0.483750,2.708208
0.484250,2.247615
0.484750,1.863874
0.485250,1.864729
0.485750,2.278605
0.486250,1.984367
0.486750,2.349991
0.487250,2.235640
0.487750,2.155906
0.488250,2.285556
0.488750,2.405760
0.489250,1.912400
0.489750,2.481229
0.490250,2.128218
0.490750,1.545410
0.491250,1.350133
0.491750,1.609015
0.492250,1.922783
0.492750,1.785838
0.493250,1.279888
0.493750,1.605304
0.494250,1.540926
0.494750,1.433637
0.495250,1.410969
0.495750,1.575895
0.496250,1.530939
0.496750,1.396251
0.497250,1.928847
0.497750,1.046889
0.498250,1.711361
0.498750,1.596544
0.499250,1.765542
0.499750,1.446679
0.500250,1.273634
0.500750,1.582049
0.501250,1.323641
0.501750,0.679498
0.502250,0.724656
0.502750,1.024303
0.503250,0.681271
0.503750,0.713935
0.504250,1.256038
0.504750,0.640300
0.505250,1.011932
0.505750,1.000959
0.506250,1.281833
0.506750,1.567185
0.507250,1.186104
0.507750,1.310202
0.508250,1.055119
0.508750,0.395016
0.509250,0.982201
0.509750,1.381080
0.510250,1.236026
0.510750,0.619005
0.511250,0.687115
0.511750,1.227414
0.512250,1.189943
0.512750,0.780548
0.513250,0.533268
0.513750,0.898681
0.514250,0.931437
0.514750,1.866134
0.515250,1.480201
0.515750,1.075057
0.516250,1.739628
0.516750,0.705395
0.517250,0.924100
0.517750,1.457604
0.518250,1.039917
0.518750,0.692113
0.519250,0.559215
0.519750,1.004437
0.520250,1.051319
0.520750,1.642956
0.521250,1.684567
0.521750,1.732986
0.522250,0.878974
0.522750,0.787849
0.523250,1.274455
0.523750,1.246173
0.524250,1.483557
0.524750,1.256362
0.525250,0.740769
0.525750,1.030186
0.526250,1.187895
0.526750,0.701117
0.527250,1.220209
0.527750,0.600185
0.528250,0.428104
0.528750,0.389813
0.529250,-0.135895
0.529750,1.088660
0.530250,0.957521
0.530750,1.205408
0.531250,0.482870
0.531750,0.314034
0.532250,0.915670
0.532750,0.405970
0.533250,0.447874
0.533750,0.323731
0.534250,0.882413
0.534750,0.474887
0.535250,1.034247
0.535750,1.084685
0.536250,1.099898
0.536750,0.971900
0.537250,1.726582
0.537750,1.546836
0.538250,2.018055
0.538750,1.115407
0.539250,1.396917
0.539750,1.377378
0.540250,1.335843
0.540750,1.249478
0.541250,1.489684
0.541750,1.074731
0.542250,1.960351
0.542750,1.979714
0.543250,1.575721
0.543750,1.985320
0.544250,1.915976
0.544750,1.454261
0.545250,1.123907
0.545750,2.171071
0.546250,1.526290
0.546750,1.222911
0.547250,1.188402
0.547750,1.016997
0.548250,2.340475
0.548750,1.886027
0.549250,0.964300
0.549750,1.327502
0.550250,1.593949
0.550750,1.355776
0.551250,1.953956
0.551750,1.590811
0.552250,1.634493
0.552750,1.527170
0.553250,1.425597
0.553750,1.076949
0.554250,1.128032
0.554750,1.396649
0.555250,1.098785
0.555750,1.469194
0.556250,1.098107
0.556750,0.937576
0.557250,1.131050
0.557750,1.431401
0.558250,0.772178
0.558750,0.172906
0.559250,0.418663
0.559750,0.737443
0.560250,0.815564
0.560750,1.245825
0.561250,0.669230
0.561750,0.955895
0.562250,-0.328943
0.562750,0.080473
0.563250,0.504249
0.563750,0.559718
0.564250,0.611289
0.564750,0.015062
0.565250,0.207905
0.565750,-0.116849
0.566250,0.435921
0.566750,1.115138
0.567250,0.757472
0.567750,0.988301
0.568250,0.548741
0.568750,0.091883
0.569250,0.014882
0.569750,0.288879
0.570250,0.110022
0.570750,0.113578
0.571250,-0.338579
0.571750,0.891104
0.572250,0.260216
0.572750,0.495358
0.573250,0.140001
0.573750,-0.161664
0.574250,-0.106603
0.574750,-0.361122
0.575250,-0.466277
0.575750,-0.379902
0.576250,-0.840077
0.576750,0.180328
0.577250,-0.224847
0.577750,0.033117
0.578250,-0.222687
0.578750,-0.277662
0.579250,-0.043713
0.579750,-0.662681
0.580250,-0.173833
0.580750,-0.359776
0.581250,-0.158436
0.581750,-0.473714
0.582250,-0.614796
0.582750,-1.124496
0.583250,-0.697302
0.583750,-0.878071
0.584250,-0.273790
0.584750,-0.495596
0.585250,-0.003256
0.585750,-0.918785
0.586250,-0.273262
0.586750,-0.545360
0.587250,-0.424982
0.587750,-0.674947
0.588250,-0.827110
0.588750,-1.328043
0.589250,-0.937323
0.589750,-0.846434
0.590250,-1.405919
0.590750,-0.861934
0.591250,-0.588354
0.591750,-0.192609
0.592250,-0.741524
0.592750,-0.910619
0.593250,-0.330314
0.593750,-0.761022
0.594250,-0.488132
0.594750,0.290614
0.595250,-0.312080
0.595750,-0.638379
0.596250,-0.527422
0.596750,-0.162594
0.597250,0.200675
0.597750,0.028470
0.598250,0.058206
0.598750,-0.091726
0.599250,-0.218958
0.599750,-0.345150
0.600250,-0.667668
0.600750,-0.736722
0.601250,-0.025043
0.601750,-0.279829
0.602250,-0.304546
0.602750,0.064425
0.603250,-0.736871
0.603750,0.231550
0.604250,-0.200271
0.604750,-0.081738
0.605250,-0.518977
0.605750,-0.675291
0.606250,-0.339653
0.606750,-0.937805
0.607250,-0.313822
0.607750,-0.230757
0.608250,0.327210
0.608750,-0.499621
0.609250,-0.762219
0.609750,0.074649
0.610250,0.180302
0.610750,0.483997
0.611250,-0.340996
0.611750,-0.025154
0.612250,-0.700224
0.612750,-0.511598
0.613250,-1.194184
0.613750,-0.288591
0.614250,-0.176391
0.614750,-0.536316
0.615250,-0.390076
0.615750,-0.671593
0.616250,-0.789482
0.616750,-0.501159
0.617250,0.014806
0.617750,-0.582804
0.618250,-0.266108
0.618750,-0.170244
0.619250,-0.366241
0.619750,-0.586717
0.620250,-0.408299
0.620750,-0.192200
0.621250,0.082670
0.621750,-0.488469
0.622250,0.071415
0.622750,-0.117599
0.623250,0.399931
0.623750,0.035521
0.624250,0.003022
0.624750,-0.209616
0.625250,0.096740
0.625750,-0.436578
0.626250,-0.385381
0.626750,0.625424
0.627250,0.608446
0.627750,0.910280
0.628250,0.157749
0.628750,0.527880
0.629250,-0.016584
0.629750,0.612070
0.630250,0.282517
0.630750,0.344782
0.631250,-0.029058
0.631750,0.396006
0.632250,0.235739
0.632750,-0.165373
0.633250,0.356133
0.633750,0.943125
0.634250,0.135366
0.634750,0.613663
0.635250,0.412517
0.635750,0.225150
0.636250,0.488920
0.636750,0.578060
0.637250,0.126528
0.637750,0.527657
0.638250,0.446388
0.638750,0.832127
0.639250,1.030465
0.639750,0.174553
0.640250,1.154274
0.640750,1.048315
0.641250,0.991131
0.641750,0.815587
0.642250,0.487446
0.642750,0.631396
0.643250,0.456919
0.643750,0.184398
0.644250,1.064573
0.644750,0.267962
0.645250,-0.000518
0.645750,0.189176
0.646250,0.356661
0.646750,1.091608
0.647250,0.765632
0.647750,0.772013
0.648250,0.785036
0.648750,0.307894
0.649250,0.213890
0.649750,0.389419
0.650250,0.674367
0.650750,0.673302
0.651250,0.594996
0.651750,0.473084
0.652250,0.691829
0.652750,0.622663
0.653250,0.648746
0.653750,0.748978
0.654250,0.536539
0.654750,-0.081380
0.655250,0.269416
0.655750,0.277158
0.656250,0.390430
0.656750,0.428292
0.657250,0.614610
0.657750,0.332447
0.658250,0.315956
0.658750,0.692292
0.659250,0.051313
0.659750,0.185288
0.660250,0.417819
0.660750,-0.341514
0.661250,-0.172736
0.661750,-0.497318
0.662250,-0.506527
0.662750,0.154473
0.663250,-0.298762
0.663750,-0.022507
0.664250,-0.187594
0.664750,0.197213
0.665250,-0.282754
0.665750,-0.462619
0.666250,-0.796242
0.666750,-0.247134
0.667250,-0.508425
0.667750,-0.830213
0.668250,-1.222315
0.668750,-0.926801
0.669250,-0.784786
0.669750,-0.352809
0.670250,-0.416525
0.670750,-0.458697
0.671250,-0.378555
0.671750,-0.676768
0.672250,-1.314107
0.672750,-1.284694
0.673250,-1.520818
0.673750,-1.264378
0.674250,-1.267861
0.674750,-2.290417
0.675250,-1.845154
0.675750,-1.090994
0.676250,-1.218964
0.676750,-0.676098
0.677250,-0.986817
0.677750,-0.794305
0.678250,-0.862640
0.678750,-1.555789
0.679250,-1.140158
0.679750,-2.170047
0.680250,-1.334002
0.680750,-1.700472
0.681250,-2.189227
0.681750,-2.177738
0.682250,-1.396282
0.682750,-1.508751
0.683250,-1.452172
0.683750,-1.365556
0.684250,-0.923152
0.684750,-1.400875
0.685250,-0.975377
0.685750,-1.525983
0.686250,-1.431859
0.686750,-1.089315
0.687250,-0.261455
0.687750,-0.991159
0.688250,-1.303840
0.688750,-1.647963
0.689250,-1.621735
0.689750,-0.616788
0.690250,-0.397640
0.690750,-0.082486
0.691250,-0.672103
0.691750,-0.873122
0.692250,-0.786159
0.692750,-0.914055
0.693250,-0.888625
0.693750,-0.460799
0.694250,-1.072243
0.694750,-1.039575
0.695250,-1.712665
0.695750,-1.296748
0.696250,-1.593151
0.696750,-1.250718
0.697250,-0.878166
0.697750,-0.962185
0.698250,-1.110433
0.698750,-1.025340
0.699250,-1.812891
0.699750,-0.831633
0.700250,-1.124977
0.700750,-1.629544
0.701250,-1.209004
0.701750,-1.410201
0.702250,-1.868087
0.702750,-1.757373
0.703250,-0.995624
0.703750,-0.902399
0.704250,-1.263338
0.704750,-1.264120
0.705250,-1.546147
0.705750,-1.211547
0.706250,-1.769782
0.706750,-1.283362
0.707250,-1.875526
0.707750,-1.822255
0.708250,-2.059623
0.708750,-2.104156
0.709250,-0.999360
0.709750,-1.047999
0.710250,-1.665863
0.710750,-0.233511
0.711250,-1.064022
0.711750,-0.596332
0.712250,-0.971316
0.712750,-0.550692
0.713250,-1.361160
0.713750,-0.637823
0.714250,-0.541297
0.714750,-1.076738
0.715250,-1.033812
0.715750,-1.382385
0.716250,-0.697748
0.716750,-0.408699
0.717250,0.065732
0.717750,-0.495055
0.718250,0.331089
0.718750,0.154632
0.719250,0.355521
0.719750,-0.407201
0.720250,-0.666620
0.720750,-1.378541
0.721250,-0.573717
0.721750,-1.012818
0.722250,-0.355719
0.722750,0.114511
0.723250,-1.085309
0.723750,-0.566314
0.724250,-0.658049
0.724750,-0.134201
0.725250,-0.430104
0.725750,-0.050748
0.726250,-0.525745
0.726750,-0.467514
0.727250,-0.926511
0.727750,-0.792653
0.728250,-0.845132
0.728750,-0.646838
0.729250,-0.973023
0.729750,-1.636356
0.730250,-1.050335
0.730750,-0.531885
0.731250,-1.286183
0.731750,-0.530067
0.732250,-1.330902
0.732750,-0.945203
0.733250,-1.282724
0.733750,-1.347299
0.734250,-1.588002
0.734750,-1.672520
0.735250,-1.799828
0.735750,-1.493335
0.736250,-1.571631
0.736750,-1.511476
0.737250,-1.873862
0.737750,-1.880160
0.738250,-2.160247
0.738750,-1.427898
0.739250,-1.287537
0.739750,-1.281208
0.740250,-2.125336
0.740750,-1.748339
0.741250,-1.910296
0.741750,-2.330895
0.742250,-1.595479
0.742750,-1.527368
0.743250,-1.559018
0.743750,-1.675644
0.744250,-2.192728
0.744750,-2.224560
0.745250,-2.176113
0.745750,-1.667315
0.746250,-1.894737
0.746750,-1.578571
0.747250,-1.990946
0.747750,-2.429102
0.748250,-2.464867
0.748750,-2.682042
0.749250,-2.450806
0.749750,-1.427004
0.750250,-0.731909
0.750750,-2.152061
0.751250,-1.920071
0.751750,-2.665257
0.752250,-2.196247
0.752750,-2.270445
0.753250,-2.181831
0.753750,-1.565194
0.754250,-2.125230
0.754750,-3.090345
0.755250,-2.731664
0.755750,-2.095821
0.756250,-1.865721
0.756750,-2.354160
0.757250,-2.339352
0.757750,-2.136620
0.758250,-2.365914
0.758750,-2.499787
0.759250,-2.556912
0.759750,-2.258745
0.760250,-3.069793
0.760750,-2.504412
0.761250,-2.754322
0.761750,-2.283268
0.762250,-3.841310
0.762750,-1.988745
0.763250,-2.888598
0.763750,-2.692320
0.764250,-2.762752
0.764750,-2.774084
0.765250,-3.239315
0.765750,-3.126836
0.766250,-3.183990
0.766750,-2.873996
0.767250,-2.960862
0.767750,-3.272974
0.768250,-3.692037
0.768750,-3.503637
0.769250,-3.430978
0.769750,-3.085914
0.770250,-3.403282
0.770750,-2.779144
0.771250,-2.694692
0.771750,-3.176518
0.772250,-2.630676
0.772750,-2.244076
0.773250,-3.136586
0.773750,-2.975301
0.774250,-2.778167
0.774750,-3.194497
0.775250,-2.976054
0.775750,-3.695448
0.776250,-3.151314
0.776750,-3.368267
0.777250,-2.953945
0.777750,-2.557855
0.778250,-3.177158
0.778750,-3.106028
0.779250,-2.596458
0.779750,-2.874185
0.780250,-3.238927
0.780750,-2.475242
0.781250,-2.627759
0.781750,-3.389853
0.782250,-2.977559
0.782750,-3.047902
0.783250,-2.573334
0.783750,-2.519583
0.784250,-2.193923
0.784750,-2.462336
0.785250,-2.127815
0.785750,-2.607095
0.786250,-2.434045
0.786750,-2.480039
0.787250,-3.241152
0.787750,-3.575386
0.788250,-2.344494
0.788750,-3.174280
0.789250,-3.292001
0.789750,-2.710073
0.790250,-2.872663
0.790750,-2.895991
0.791250,-2.319095
0.791750,-3.020816
0.792250,-3.142664
0.792750,-2.742082
0.793250,-2.962871
0.793750,-3.256892
0.794250,-3.686937
0.794750,-3.460868
0.795250,-2.764898
0.795750,-2.767362
0.796250,-3.484709
0.796750,-2.739424
0.797250,-2.472325
0.797750,-2.458383
0.798250,-2.781883
0.798750,-2.388039
0.799250,-3.582215
0.799750,-3.751460
0.800250,-2.342776
0.800750,-2.719521
0.801250,-3.317359
0.801750,-2.492252
0.802250,-3.009772
0.802750,-3.145427
0.803250,-3.173018
0.803750,-2.895793
0.804250,-2.835756
0.804750,-2.939899
0.805250,-3.157041
0.805750,-2.542546
0.806250,-3.311292
0.806750,-2.535295
0.807250,-3.191869
0.807750,-2.293356
0.808250,-2.626575
0.808750,-1.381579
0.809250,-2.737097
0.809750,-2.521149
0.810250,-2.355545
0.810750,-2.285039
0.811250,-1.788270
0.811750,-2.570781
0.812250,-2.148425
0.812750,-1.739770
0.813250,-1.572295
0.813750,-1.868263
0.814250,-1.835285
0.814750,-2.248037
0.815250,-1.410915
0.815750,-1.935294
0.816250,-1.914476
0.816750,-1.066928
0.817250,-1.932150
0.817750,-1.934734
0.818250,-2.132925
0.818750,-1.473660
0.819250,-1.720606
0.819750,-1.220177
0.820250,-1.138501
0.820750,-1.270676
0.821250,-0.552176
0.821750,-0.933233
0.822250,-1.381424
0.822750,-0.374677
0.823250,-1.408979
0.823750,-2.349532
0.824250,-1.983934
0.824750,-1.885336
0.825250,-1.039648
0.825750,-1.575502
0.826250,-0.352032
0.826750,-0.558803
0.827250,-1.343111
0.827750,-1.548255
0.828250,-1.440281
0.828750,-1.157249
0.829250,-1.347470
0.829750,-1.613963
0.830250,-1.231797
0.830750,-1.954966
0.831250,-1.688358
0.831750,-2.266963
0.832250,-1.906527
0.832750,-1.701067
0.833250,-1.093239
0.833750,-0.993604
0.834250,-1.261635
0.834750,-1.107493
0.835250,-1.568645
0.835750,-2.033247
0.836250,-1.351155
0.836750,-2.329429
0.837250,-1.745422
0.837750,-1.550423
0.838250,-1.008556
0.838750,-1.292376
0.839250,-1.536338
0.839750,-2.068047
0.840250,-2.044324
0.840750,-1.495948
0.841250,-1.129801
0.841750,-1.796298
0.842250,-1.683555
0.842750,-1.016579
0.843250,-1.560502
0.843750,-1.598998
0.844250,-1.915260
0.844750,-2.656206
0.845250,-1.809113
0.845750,-1.432063
0.846250,-1.779599
0.846750,-0.713365
0.847250,-1.237523
0.847750,-1.649550
0.848250,-1.624696
0.848750,-1.062431
0.849250,-1.519237
0.849750,-1.805744
0.850250,-0.991250
0.850750,-1.022244
0.851250,-1.324477
0.851750,-1.686790
0.852250,-1.755483
0.852750,-1.317073
0.853250,-1.222062
0.853750,-1.545557
0.854250,-1.567914
0.854750,-1.266800
0.855250,-1.426435
0.855750,-1.364814
0.856250,-1.100410
0.856750,-1.180969
0.857250,-1.043315
0.857750,-1.928020
0.858250,-1.845295
0.858750,-2.537749
0.859250,-2.309507
0.859750,-2.392449
0.860250,-1.679688
0.860750,-2.086807
0.861250,-2.171920
0.861750,-1.449188
0.862250,-1.913518
0.862750,-1.416574
0.863250,-1.448058
0.863750,-1.737917
0.864250,-1.950153
0.864750,-1.280568
0.865250,-2.082501
0.865750,-2.179527
0.866250,-2.260047
0.866750,-2.217265
0.867250,-2.690136
0.867750,-2.410707
0.868250,-2.055293
0.868750,-2.579649
0.869250,-2.713957
0.869750,-2.763512
0.870250,-3.103371
0.870750,-2.060691
0.871250,-2.790799
0.871750,-2.360308
0.872250,-2.089172
0.872750,-2.769823
0.873250,-2.561505
0.873750,-2.366927
0.874250,-3.388777
0.874750,-3.313289
0.875250,-3.404254
0.875750,-2.767140
0.876250,-2.228020
0.876750,-2.436506
0.877250,-2.265829
0.877750,-1.933873
0.878250,-2.452160
0.878750,-2.033214
0.879250,-1.885076
0.879750,-2.040216
0.880250,-2.015173
0.880750,-2.996691
0.881250,-2.510618
0.881750,-2.775637
0.882250,-2.311127
0.882750,-2.405009
0.883250,-1.424730
0.883750,-1.710905
0.884250,-1.962136
0.884750,-2.149011
0.885250,-2.193489
0.885750,-1.987192
0.886250,-1.047764
0.886750,-1.959202
0.887250,-1.537239
0.887750,-1.435839
0.888250,-2.265243
0.888750,-1.756461
0.889250,-2.129181
0.889750,-1.866842
0.890250,-1.782931
0.890750,-2.540693
0.891250,-1.410291
0.891750,-0.913349
0.892250,-2.075750
0.892750,-2.048106
0.893250,-2.609806
0.893750,-1.546982
0.894250,-2.164784
0.894750,-2.009689
0.895250,-0.865481
0.895750,-2.129606
0.896250,-2.143243
0.896750,-1.541802
0.897250,-2.566866
0.897750,-1.872534
0.898250,-2.091848
0.898750,-1.298763
0.899250,-1.372501
0.899750,-1.914148
0.900250,-2.535373
0.900750,-1.839705
0.901250,-2.591968
0.901750,-2.610680
0.902250,-1.741148
0.902750,-2.051353
0.903250,-2.134191
0.903750,-2.999690
0.904250,-2.833124
0.904750,-2.266844
0.905250,-2.844176
0.905750,-1.600499
0.906250,-1.744357
0.906750,-1.360789
0.907250,-1.247928
0.907750,-1.707055
0.908250,-1.698633
0.908750,-1.452368
0.909250,-0.809799
0.909750,-1.391320
0.910250,-1.426314
0.910750,-1.385476
0.911250,-1.589000
0.911750,-1.581505
0.912250,-1.272730
0.912750,-1.608443
0.913250,-0.942890
0.913750,-0.548205
0.914250,-0.718482
0.914750,-0.205305
0.915250,-0.694132
0.915750,-0.032935
0.916250,-0.834513
0.916750,-0.524033
0.917250,-1.010220
0.917750,-0.838171
0.918250,-0.273202
0.918750,-0.778300
0.919250,-0.519681
0.919750,-0.681163
0.920250,-0.775529
0.920750,-1.464131
0.921250,-1.125701
0.921750,-0.409011
0.922250,-0.330211
0.922750,0.280388
0.923250,-1.181517
0.923750,-0.220452
0.924250,-1.486250
0.924750,-1.399686
0.925250,-0.747137
0.925750,-0.439060
0.926250,-0.843373
0.926750,-0.918981
0.927250,-0.397049
0.927750,-1.491079
0.928250,-0.577793
0.928750,-0.731776
0.929250,-0.173626
0.929750,-0.383515
0.930250,-0.494709
0.930750,-0.192058
0.931250,-0.626288
0.931750,-1.069352
0.932250,-0.487682
0.932750,-0.545793
0.933250,-0.909253
0.933750,-0.824940
0.934250,-0.631122
0.934750,-1.104304
0.935250,-1.117021
0.935750,-0.703502
0.936250,-0.639318
0.936750,-0.854619
0.937250,-0.936638
0.937750,-1.269624
0.938250,-1.110283
0.938750,-1.310275
0.939250,-1.829487
0.939750,-0.802071
0.940250,-1.036476
0.940750,-1.548286
0.941250,-1.380733
0.941750,-1.217257
0.942250,-0.435352
0.942750,-1.121954
0.943250,-0.440190
0.943750,-1.758763
0.944250,-1.151716
0.944750,-1.687458
0.945250,-1.453429
0.945750,-1.122829
0.946250,-2.143651
0.946750,-1.715179
0.947250,-1.619988
0.947750,-1.072045
0.948250,-2.002794
0.948750,-2.136870
0.949250,-1.555651
0.949750,-2.430895
0.950250,-1.341540
0.950750,-1.901061
0.951250,-0.711575
0.951750,-1.629739
0.952250,-1.326538
0.952750,-1.084066
0.953250,-1.490633
0.953750,-1.530213
0.954250,-1.984845
0.954750,-1.756984
0.955250,-1.446720
0.955750,-1.669170
0.956250,-2.142853
0.956750,-2.533718
0.957250,-1.813248
0.957750,-1.768729
0.958250,-1.266570
0.958750,-1.009175
0.959250,-1.758504
0.959750,-1.628087
0.960250,-1.242264
0.960750,-1.387567
0.961250,-1.591455
0.961750,-1.804764
0.962250,-0.985548
0.962750,-1.365678
0.963250,-2.222153
0.963750,-1.590128
0.964250,-1.938284
0.964750,-2.174959
0.965250,-1.950153
0.965750,-1.948558
0.966250,-2.114948
0.966750,-1.865232
0.967250,-2.057756
0.967750,-2.218600
0.968250,-3.005565
0.968750,-2.672191
0.969250,-1.513666
0.969750,-2.188439
0.970250,-2.597766
0.970750,-2.677801
0.971250,-3.127730
0.971750,-3.051071
0.972250,-3.300931
0.972750,-2.734442
0.973250,-2.221017
0.973750,-2.566968
0.974250,-2.489436
0.974750,-2.560548
0.975250,-3.039540
0.975750,-2.067875
0.976250,-2.840293
0.976750,-3.166357
0.977250,-2.386890
0.977750,-2.676688
0.978250,-2.631956
0.978750,-2.257171
0.979250,-2.984143
0.979750,-2.777619
0.980250,-2.634924
0.980750,-2.582491
0.981250,-2.731363
0.981750,-1.600212
0.982250,-1.920130
0.982750,-1.805707
0.983250,-1.728595
0.983750,-1.656686
0.984250,-1.909506
0.984750,-1.204485
0.985250,-1.965521
0.985750,-2.010423
0.986250,-1.575761
0.986750,-1.376671
0.987250,-2.137404
0.987750,-1.000594
0.988250,-1.519385
0.988750,-2.416031
0.989250,-1.475290
0.989750,-1.225498
0.990250,-0.080626
0.990750,-1.021153
0.991250,-0.997439
0.991750,-1.209693
0.992250,-1.662398
0.992750,-1.882655
0.993250,-1.774120
0.993750,-1.473061
0.994250,-1.797385
0.994750,-2.146188
0.995250,-1.764697
0.995750,-1.044998
0.996250,-2.085474
0.996750,-1.926097
0.997250,-2.074736
0.997750,-1.768369
0.998250,-1.568732
0.998750,-1.421887
0.999250,-2.329519
0.999750,-1.624232
