0.000244,0.159807
0.000732,0.097380
0.001221,0.129109
0.001709,-0.065365
0.002197,-0.049681
0.002686,0.083202
0.003174,0.106921
0.003662,0.107676
0.004150,0.265403
0.004639,0.563681
0.005127,0.797473
0.005615,0.729033
0.006104,0.698069
0.006592,0.652733
0.007080,0.753544
0.007568,0.722947
0.008057,0.799806
0.008545,0.768374
0.009033,0.637980
0.009521,0.486902
0.010010,0.476217
0.010498,0.649660
0.010986,0.718530
0.011475,0.886446
0.011963,0.921604
0.012451,0.925302
0.012939,0.934099
0.013428,0.894227
0.013916,0.979229
0.014404,1.132801
0.014893,1.300607
0.015381,1.485297
0.015869,1.683596
0.016357,1.778666
0.016846,1.811239
0.017334,1.827953
0.017822,1.730290
0.018311,1.700554
0.018799,1.610134
0.019287,1.650574
0.019775,1.607953
0.020264,1.712804
0.020752,1.824940
0.021240,1.836020
0.021729,1.621320
0.022217,1.513658
0.022705,1.429995
0.023193,1.363935
0.023682,1.321763
0.024170,1.184802
0.024658,1.162156
0.025146,1.289221
0.025635,1.413971
0.026123,1.411198
0.026611,1.464372
0.027100,1.590890
0.027588,1.602620
0.028076,1.516187
0.028564,1.577650
0.029053,1.614157
0.029541,1.477391
0.030029,1.499046
0.030518,1.736686
0.031006,1.693969
0.031494,1.712729
0.031982,1.971781
0.032471,2.036405
0.032959,2.136981
0.033447,2.262936
0.033936,2.163266
0.034424,2.152906
0.034912,2.206912
0.035400,1.997714
0.035889,1.944397
0.036377,1.838782
0.036865,1.718109
0.037354,1.862969
0.037842,1.786107
0.038330,1.776175
0.038818,1.873294
0.039307,1.728984
0.039795,1.880310
0.040283,1.749444
0.040771,1.732418
0.041260,1.638394
0.041748,1.404475
0.042236,1.458932
0.042725,1.268060
0.043213,1.120575
0.043701,0.928934
0.044189,0.958296
0.044678,1.015067
0.045166,0.841704
0.045654,1.048707
0.046143,0.909693
0.046631,1.086391
0.047119,1.125173
0.047607,1.239044
0.048096,1.165013
0.048584,1.264769
0.049072,1.167629
0.049561,1.198147
0.050049,1.281260
0.050537,1.095777
0.051025,1.256620
0.051514,1.017540
0.052002,1.219225
0.052490,1.082368
0.052979,1.347359
0.053467,1.228589
0.053955,1.458916
0.054443,1.358232
0.054932,1.626835
0.055420,1.613355
0.055908,1.846278
0.056396,1.790783
0.056885,1.890449
0.057373,1.737070
0.057861,1.846511
0.058350,1.690068
0.058838,1.812181
0.059326,1.565300
0.059814,1.675064
0.060303,1.392560
0.060791,1.532239
0.061279,1.299230
0.061768,1.505176
0.062256,1.249025
0.062744,1.414171
0.063232,1.301833
0.063721,1.368250
0.064209,1.372062
0.064697,1.369435
0.065186,1.502165
0.065674,1.333639
0.066162,1.346757
0.066650,1.149998
0.067139,1.125870
0.067627,0.943034
0.068115,1.038556
0.068604,0.719574
0.069092,0.787522
0.069580,0.553585
0.070068,0.450524
0.070557,0.494471
0.071045,0.413536
0.071533,0.490061
0.072021,0.400007
0.072510,0.556880
0.072998,0.350768
0.073486,0.567359
0.073975,0.549521
0.074463,0.583936
0.074951,0.764195
0.075439,0.688655
0.075928,0.763628
0.076416,0.613671
0.076904,0.777604
0.077393,0.654685
0.077881,0.636184
0.078369,0.717830
0.078857,0.566172
0.079346,0.663402
0.079834,0.431679
0.080322,0.594610
0.080811,0.591806
0.081299,0.607517
0.081787,0.757706
0.082275,0.689348
0.082764,0.932344
0.083252,0.792732
0.083740,0.935304
0.084229,1.105585
0.084717,1.113560
0.085205,1.342117
0.085693,1.178613
0.086182,1.309071
0.086670,1.315648
0.087158,1.181530
0.087646,1.289150
0.088135,1.074862
0.088623,1.190126
0.089111,1.171324
0.089600,0.972852
0.090088,1.040141
0.090576,0.703391
0.091064,0.706478
0.091553,0.757765
0.092041,0.646252
0.092529,0.817157
0.093018,0.603069
0.093506,0.611457
0.093994,0.662156
0.094482,0.520101
0.094971,0.700370
0.095459,0.644321
0.095947,0.619487
0.096436,0.697974
0.096924,0.506334
0.097412,0.569634
0.097900,0.489979
0.098389,0.307797
0.098877,0.389860
0.099365,0.193129
0.099854,0.084005
0.100342,0.101061
0.100830,-0.205817
0.101318,-0.213271
0.101807,-0.310219
0.102295,-0.510078
0.102783,-0.426267
0.103271,-0.618148
0.103760,-0.663268
0.104248,-0.537740
0.104736,-0.709365
0.105225,-0.605510
0.105713,-0.548501
0.106201,-0.659748
0.106689,-0.467487
0.107178,-0.446163
0.107666,-0.457101
0.108154,-0.242249
0.108643,-0.364374
0.109131,-0.404877
0.109619,-0.305164
0.110107,-0.531473
0.110596,-0.511982
0.111084,-0.392781
0.111572,-0.580866
0.112061,-0.436906
0.112549,-0.424055
0.113037,-0.624046
0.113525,-0.428736
0.114014,-0.603329
0.114502,-0.684017
0.114990,-0.571165
0.115479,-0.640986
0.115967,-0.646357
0.116455,-0.417560
0.116943,-0.501422
0.117432,-0.480508
0.117920,-0.329376
0.118408,-0.425977
0.118896,-0.362242
0.119385,-0.199212
0.119873,-0.255256
0.120361,-0.089562
0.120850,0.089869
0.121338,-0.079209
0.121826,0.011278
0.122314,0.096722
0.122803,-0.113791
0.123291,-0.055825
0.123779,-0.004836
0.124268,-0.252118
0.124756,-0.172915
0.125244,-0.150114
0.125732,-0.402700
0.126221,-0.377709
0.126709,-0.411986
0.127197,-0.681587
0.127686,-0.639463
0.128174,-0.620010
0.128662,-0.805135
0.129150,-0.699120
0.129639,-0.648443
0.130127,-0.841827
0.130615,-0.741617
0.131104,-0.717718
0.131592,-0.974727
0.132080,-0.904768
0.132568,-0.810094
0.133057,-0.934528
0.133545,-0.835046
0.134033,-0.750618
0.134521,-0.960533
0.135010,-0.929657
0.135498,-0.844887
0.135986,-1.111757
0.136475,-1.160453
0.136963,-1.066009
0.137451,-1.315954
0.137939,-1.395664
0.138428,-1.322861
0.138916,-1.545952
0.139404,-1.689972
0.139893,-1.661486
0.140381,-1.819395
0.140869,-2.079143
0.141357,-2.002745
0.141846,-2.094226
0.142334,-2.244869
0.142822,-2.134171
0.143311,-2.070118
0.143799,-2.286947
0.144287,-2.201835
0.144775,-2.115154
0.145264,-2.207371
0.145752,-2.170859
0.146240,-1.975868
0.146729,-2.024431
0.147217,-2.047790
0.147705,-1.777939
0.148193,-1.774073
0.148682,-1.953415
0.149170,-1.819202
0.149658,-1.794231
0.150146,-2.010723
0.150635,-1.974445
0.151123,-1.868496
0.151611,-1.987169
0.152100,-1.949254
0.152588,-1.816410
0.153076,-1.940593
0.153564,-2.031382
0.154053,-1.882400
0.154541,-2.015032
0.155029,-2.234045
0.155518,-2.162200
0.156006,-2.084677
0.156494,-2.195137
0.156982,-2.066806
0.157471,-1.816228
0.157959,-1.849691
0.158447,-1.830602
0.158936,-1.604388
0.159424,-1.643267
0.159912,-1.772528
0.160400,-1.589408
0.160889,-1.419176
0.161377,-1.456019
0.161865,-1.334114
0.162354,-1.076501
0.162842,-1.099727
0.163330,-1.208750
0.163818,-1.110944
0.164307,-1.118845
0.164795,-1.332296
0.165283,-1.273316
0.165771,-1.082483
0.166260,-1.216108
0.166748,-1.241217
0.167236,-1.096051
0.167725,-1.229350
0.168213,-1.494110
0.168701,-1.439531
0.169189,-1.370431
0.169678,-1.583695
0.170166,-1.677493
0.170654,-1.519606
0.171143,-1.620085
0.171631,-1.805900
0.172119,-1.712538
0.172607,-1.577858
0.173096,-1.672026
0.173584,-1.717167
0.174072,-1.555950
0.174561,-1.629386
0.175049,-1.832610
0.175537,-1.746020
0.176025,-1.543670
0.176514,-1.627902
0.177002,-1.639690
0.177490,-1.409530
0.177979,-1.522724
0.178467,-1.700084
0.178955,-1.681793
0.179443,-1.527925
0.179932,-1.723191
0.180420,-1.855870
0.180908,-1.800765
0.181396,-1.866031
0.181885,-2.080074
0.182373,-2.076961
0.182861,-1.881602
0.183350,-2.070754
0.183838,-2.284807
0.184326,-2.314016
0.184814,-2.305700
0.185303,-2.507059
0.185791,-2.598295
0.186279,-2.453260
0.186768,-2.576660
0.187256,-2.721952
0.187744,-2.648036
0.188232,-2.439294
0.188721,-2.496579
0.189209,-2.662897
0.189697,-2.523969
0.190186,-2.459433
0.190674,-2.583697
0.191162,-2.496644
0.191650,-2.244761
0.192139,-2.310374
0.192627,-2.389821
0.193115,-2.206362
0.193604,-1.947198
0.194092,-1.970934
0.194580,-2.061395
0.195068,-1.993270
0.195557,-1.924130
0.196045,-2.006990
0.196533,-1.983710
0.197021,-1.892955
0.197510,-1.901687
0.197998,-2.090034
0.198486,-2.000214
0.198975,-1.725766
0.199463,-1.842998
0.199951,-2.039599
0.200439,-2.031671
0.200928,-1.832138
0.201416,-1.937208
0.201904,-2.120157
0.202393,-1.968643
0.202881,-1.861223
0.203369,-1.896785
0.203857,-1.872909
0.204346,-1.761906
0.204834,-1.661474
0.205322,-1.689751
0.205811,-1.629473
0.206299,-1.395112
0.206787,-1.403141
0.207275,-1.564846
0.207764,-1.367850
0.208252,-1.075426
0.208740,-1.072494
0.209229,-1.142708
0.209717,-0.959100
0.210205,-0.673930
0.210693,-0.667540
0.211182,-0.844038
0.211670,-0.765930
0.212158,-0.528074
0.212646,-0.597192
0.213135,-0.816159
0.213623,-0.743155
0.214111,-0.578845
0.214600,-0.685602
0.215088,-0.786446
0.215576,-0.680462
0.216064,-0.630078
0.216553,-0.730142
0.217041,-0.854021
0.217529,-0.871096
0.218018,-0.885445
0.218506,-1.029300
0.218994,-1.085550
0.219482,-1.033064
0.219971,-1.007746
0.220459,-1.108002
0.220947,-1.105826
0.221436,-1.021568
0.221924,-0.955043
0.222412,-1.012420
0.222900,-1.025127
0.223389,-0.961968
0.223877,-0.984535
0.224365,-1.055786
0.224854,-1.026271
0.225342,-0.945595
0.225830,-0.943688
0.226318,-0.973524
0.226807,-0.924809
0.227295,-0.825357
0.227783,-0.782100
0.228271,-0.851398
0.228760,-0.931911
0.229248,-0.900735
0.229736,-0.891122
0.230225,-1.031057
0.230713,-1.135939
0.231201,-1.082187
0.231689,-1.102397
0.232178,-1.228323
0.232666,-1.284917
0.233154,-1.270374
0.233643,-1.271250
0.234131,-1.377775
0.234619,-1.575915
0.235107,-1.575951
0.235596,-1.547646
0.236084,-1.718400
0.236572,-1.902184
0.237061,-1.912574
0.237549,-1.740932
0.238037,-1.844398
0.238525,-2.020501
0.239014,-1.922916
0.239502,-1.709954
0.239990,-1.693002
0.240479,-1.962321
0.240967,-1.806038
0.241455,-1.612585
0.241943,-1.678314
0.242432,-1.889278
0.242920,-1.717889
0.243408,-1.497830
0.243896,-1.494939
0.244385,-1.638383
0.244873,-1.422384
0.245361,-1.237266
0.245850,-1.178903
0.246338,-1.309303
0.246826,-1.248241
0.247314,-1.172183
0.247803,-1.153293
0.248291,-1.201359
0.248779,-1.306453
0.249268,-1.197394
0.249756,-1.089954
0.250244,-1.081148
0.250732,-1.260053
0.251221,-1.181693
0.251709,-0.897592
0.252197,-1.035044
0.252686,-1.226950
0.253174,-1.138036
0.253662,-0.995491
0.254150,-1.077170
0.254639,-1.274854
0.255127,-1.226277
0.255615,-1.072535
0.256104,-1.060634
0.256592,-1.109289
0.257080,-1.070994
0.257568,-0.949679
0.258057,-0.786796
0.258545,-0.741423
0.259033,-0.886990
0.259521,-0.801738
0.260010,-0.487878
0.260498,-0.495256
0.260986,-0.657605
0.261475,-0.505052
0.261963,-0.219314
0.262451,-0.153029
0.262939,-0.194756
0.263428,-0.119360
0.263916,0.048931
0.264404,0.249014
0.264893,0.248805
0.265381,0.057694
0.265869,0.170309
0.266357,0.426958
0.266846,0.312251
0.267334,0.076705
0.267822,0.127309
0.268311,0.329830
0.268799,0.288867
0.269287,0.213961
0.269775,0.188405
0.270264,0.205707
0.270752,0.333120
0.271240,0.256784
0.271729,0.023938
0.272217,0.085082
0.272705,0.231041
0.273193,0.073393
0.273682,-0.209572
0.274170,-0.194560
0.274658,-0.105597
0.275146,-0.099472
0.275635,-0.124381
0.276123,-0.226155
0.276611,-0.138062
0.277100,0.089967
0.277588,0.011558
0.278076,-0.213758
0.278564,-0.130392
0.279053,0.006224
0.279541,-0.053035
0.280029,-0.110409
0.280518,-0.166281
0.281006,-0.088058
0.281494,0.151369
0.281982,0.110285
0.282471,-0.075290
0.282959,0.058118
0.283447,0.280139
0.283936,0.234984
0.284424,0.158148
0.284912,0.102674
0.285400,0.103782
0.285889,0.260554
0.286377,0.118189
0.286865,-0.182511
0.287354,-0.138042
0.287842,-0.003394
0.288330,-0.100874
0.288818,-0.218046
0.289307,-0.329496
0.289795,-0.348983
0.290283,-0.197028
0.290771,-0.331899
0.291260,-0.605738
0.291748,-0.540737
0.292236,-0.471436
0.292725,-0.593456
0.293213,-0.733561
0.293701,-0.882683
0.294189,-0.866377
0.294678,-0.659214
0.295166,-0.804049
0.295654,-0.998017
0.296143,-0.896620
0.296631,-0.776425
0.297119,-0.656520
0.297607,-0.696827
0.298096,-0.865112
0.298584,-0.765659
0.299072,-0.538670
0.299561,-0.625083
0.300049,-0.770335
0.300537,-0.695871
0.301025,-0.594960
0.301514,-0.321614
0.302002,-0.362845
0.302490,-0.536849
0.302979,-0.378077
0.303467,-0.101812
0.303955,-0.076769
0.304443,-0.078298
0.304932,-0.226472
0.305420,-0.148203
0.305908,0.166588
0.306396,0.049324
0.306885,-0.100786
0.307373,-0.072598
0.307861,-0.030866
0.308350,0.167749
0.308838,0.141899
0.309326,-0.106296
0.309814,0.007323
0.310303,0.214675
0.310791,0.198217
0.311279,0.140269
0.311768,-0.052631
0.312256,0.039602
0.312744,0.282781
0.313232,0.131641
0.313721,-0.005118
0.314209,-0.002638
0.314697,0.053936
0.315186,0.260617
0.315674,0.247065
0.316162,0.087303
0.316650,0.253887
0.317139,0.423980
0.317627,0.599214
0.318115,0.605330
0.318604,0.451359
0.319092,0.624334
0.319580,0.826853
0.320068,0.822534
0.320557,0.857162
0.321045,0.744125
0.321533,0.906960
0.322021,1.281402
0.322510,1.202276
0.322998,1.230124
0.323486,1.318645
0.323975,1.378965
0.324463,1.720897
0.324951,1.687694
0.325439,1.508043
0.325928,1.701517
0.326416,1.754235
0.326904,1.909653
0.327393,1.862371
0.327881,1.586813
0.328369,1.751786
0.328857,1.835737
0.329346,1.934913
0.329834,1.871149
0.330322,1.675627
0.330811,1.819763
0.331299,1.901460
0.331787,1.895280
0.332275,1.818987
0.332764,1.614422
0.333252,1.659392
0.333740,1.842604
0.334229,1.656755
0.334717,1.557310
0.335205,1.399652
0.335693,1.382295
0.336182,1.684647
0.336670,1.508075
0.337158,1.499972
0.337646,1.407750
0.338135,1.490518
0.338623,1.738653
0.339111,1.687663
0.339600,1.539305
0.340088,1.609339
0.340576,1.573659
0.341064,1.863661
0.341553,1.701457
0.342041,1.595028
0.342529,1.625157
0.343018,1.702405
0.343506,1.914617
0.343994,1.881299
0.344482,1.728090
0.344971,1.861178
0.345459,1.938968
0.345947,2.143535
0.346436,2.078757
0.346924,1.820689
0.347412,1.969037
0.347900,1.926682
0.348389,2.098440
0.348877,1.978229
0.349365,1.683762
0.349854,1.793788
0.350342,1.740567
0.350830,1.955767
0.351318,1.777770
0.351807,1.541670
0.352295,1.637778
0.352783,1.628174
0.353271,1.817581
0.353760,1.641808
0.354248,1.359974
0.354736,1.423573
0.355225,1.361516
0.355713,1.490824
0.356201,1.342770
0.356689,1.051880
0.357178,1.136044
0.357666,1.145527
0.358154,1.257796
0.358643,1.224099
0.359131,0.966729
0.359619,1.085088
0.360107,1.176827
0.360596,1.376563
0.361084,1.305218
0.361572,1.203860
0.362061,1.250033
0.362549,1.265135
0.363037,1.577763
0.363525,1.442096
0.364014,1.353870
0.364502,1.408560
0.364990,1.484830
0.365479,1.739952
0.365967,1.744193
0.366455,1.709179
0.366943,1.710220
0.367432,1.809169
0.367920,2.196463
0.368408,2.116105
0.368896,2.058940
0.369385,1.983953
0.369873,2.103358
0.370361,2.314105
0.370850,2.227030
0.371338,2.192838
0.371826,2.029863
0.372314,2.107536
0.372803,2.332852
0.373291,2.316236
0.373779,2.345963
0.374268,2.116227
0.374756,2.270368
0.375244,2.410612
0.375732,2.506306
0.376221,2.474535
0.376709,2.188399
0.377197,2.305745
0.377686,2.432436
0.378174,2.530980
0.378662,2.448254
0.379150,2.187767
0.379639,2.314358
0.380127,2.375093
0.380615,2.615367
0.381104,2.515762
0.381592,2.449690
0.382080,2.486573
0.382568,2.627978
0.383057,2.935295
0.383545,2.901249
0.384033,2.835183
0.384521,2.764077
0.385010,2.926101
0.385498,3.219789
0.385986,3.202081
0.386475,3.227251
0.386963,3.073156
0.387451,3.217003
0.387939,3.448546
0.388428,3.580509
0.388916,3.695880
0.389404,3.512107
0.389893,3.732611
0.390381,3.867122
0.390869,4.097096
0.391357,4.088806
0.391846,3.987168
0.392334,4.055442
0.392822,4.097653
0.393311,4.362753
0.393799,4.253963
0.394287,4.163639
0.394775,4.013517
0.395264,4.064343
0.395752,4.295958
0.396240,4.230941
0.396729,4.254690
0.397217,4.014237
0.397705,4.147978
0.398193,4.245044
0.398682,4.357955
0.399170,4.252254
0.399658,4.023911
0.400146,4.039187
0.400635,3.992083
0.401123,4.135533
0.401611,3.984203
0.402100,3.842758
0.402588,3.676041
0.403076,3.764575
0.403564,3.921460
0.404053,3.883427
0.404541,3.875223
0.405029,3.640620
0.405518,3.771097
0.406006,3.855928
0.406494,4.038936
0.406982,3.949682
0.407471,3.793216
0.407959,3.851598
0.408447,3.812139
0.408936,4.116565
0.409424,3.974803
0.409912,3.918185
0.410400,3.741899
0.410889,3.853772
0.411377,4.012397
0.411865,4.089741
0.412354,4.080105
0.412842,3.875976
0.413330,4.005869
0.413818,4.057121
0.414307,4.307672
0.414795,4.176499
0.415283,4.097534
0.415771,3.960825
0.416260,4.012372
0.416748,4.197298
0.417236,4.095540
0.417725,4.028386
0.418213,3.739049
0.418701,3.767055
0.419189,3.780169
0.419678,3.917800
0.420166,3.769705
0.420654,3.640718
0.421143,3.568605
0.421631,3.554407
0.422119,3.763394
0.422607,3.618685
0.423096,3.549230
0.423584,3.243793
0.424072,3.244971
0.424561,3.223457
0.425049,3.312949
0.425537,3.131178
0.426025,2.899874
0.426514,2.846707
0.427002,2.845629
0.427490,3.061184
0.427979,2.957052
0.428467,2.968526
0.428955,2.698827
0.429443,2.817833
0.429932,2.910123
0.430420,3.056843
0.430908,2.986132
0.431396,2.907580
0.431885,2.840917
0.432373,2.919323
0.432861,3.175811
0.433350,3.027545
0.433838,3.088492
0.434326,2.822707
0.434814,2.979439
0.435303,3.076476
0.435791,3.337187
0.436279,3.278302
0.436768,3.193551
0.437256,3.144756
0.437744,3.256335
0.438232,3.522181
0.438721,3.591071
0.439209,3.644014
0.439697,3.341378
0.440186,3.487552
0.440674,3.462673
0.441162,3.734343
0.441650,3.604606
0.442139,3.584836
0.442627,3.340495
0.443115,3.426927
0.443604,3.545303
0.444092,3.699716
0.444580,3.618806
0.445068,3.424594
0.445557,3.458865
0.446045,3.434768
0.446533,3.741398
0.447021,3.669109
0.447510,3.626497
0.447998,3.314735
0.448486,3.437882
0.448975,3.483719
0.449463,3.647518
0.449951,3.455684
0.450439,3.327410
0.450928,3.220904
0.451416,3.323549
0.451904,3.402418
0.452393,3.503191
0.452881,3.511492
0.453369,3.357468
0.453857,3.418189
0.454346,3.476711
0.454834,3.807276
0.455322,3.745326
0.455811,3.781198
0.456299,3.585747
0.456787,3.752569
0.457275,3.844885
0.457764,4.062533
0.458252,3.981623
0.458740,3.982064
0.459229,3.874013
0.459717,4.004994
0.460205,4.146038
0.460693,4.373280
0.461182,4.323971
0.461670,4.253184
0.462158,4.315480
0.462646,4.449553
0.463135,4.658296
0.463623,4.654506
0.464111,4.751920
0.464600,4.484405
0.465088,4.581627
0.465576,4.612685
0.466064,4.914562
0.466553,4.735393
0.467041,4.725698
0.467529,4.497798
0.468018,4.573064
0.468506,4.629087
0.468994,4.819412
0.469482,4.655576
0.469971,4.572299
0.470459,4.469531
0.470947,4.515785
0.471436,4.589602
0.471924,4.742326
0.472412,4.591564
0.472900,4.426334
0.473389,4.321603
0.473877,4.296212
0.474365,4.415522
0.474854,4.413065
0.475342,4.251556
0.475830,3.983443
0.476318,3.999407
0.476807,3.910588
0.477295,4.180633
0.477783,4.030133
0.478271,3.998829
0.478760,3.760007
0.479248,3.873428
0.479736,3.870075
0.480225,4.171929
0.480713,3.983759
0.481201,4.013469
0.481689,3.779242
0.482178,3.836141
0.482666,3.906440
0.483154,4.037367
0.483643,3.952293
0.484131,3.893847
0.484619,3.654833
0.485107,3.811297
0.485596,3.840465
0.486084,4.064267
0.486572,3.991941
0.487061,3.903312
0.487549,3.799497
0.488037,3.897400
0.488525,4.017955
0.489014,4.149170
0.489502,4.035420
0.489990,3.968354
0.490479,3.758290
0.490967,3.847144
0.491455,3.889122
0.491943,3.976640
0.492432,3.821401
0.492920,3.601421
0.493408,3.500948
0.493896,3.461723
0.494385,3.605829
0.494873,3.598446
0.495361,3.510861
0.495850,3.266412
0.496338,3.210820
0.496826,3.181779
0.497314,3.320929
0.497803,3.323861
0.498291,3.176419
0.498779,2.957761
0.499268,2.834659
0.499756,2.827204
0.500244,2.911142
0.500732,2.855723
0.501221,2.726160
0.501709,2.459721
0.502197,2.382238
0.502686,2.364235
0.503174,2.509045
0.503662,2.473743
0.504150,2.425830
0.504639,2.224447
0.505127,2.251430
0.505615,2.259936
0.506104,2.483958
0.506592,2.453230
0.507080,2.421235
0.507568,2.223961
0.508057,2.255080
0.508545,2.285554
0.509033,2.475518
0.509521,2.460284
0.510010,2.425815
0.510498,2.235591
0.510986,2.277532
0.511475,2.346934
0.511963,2.596427
0.512451,2.601650
0.512939,2.615468
0.513428,2.478048
0.513916,2.515558
0.514404,2.672625
0.514893,2.870317
0.515381,2.994606
0.515869,2.900514
0.516357,2.777317
0.516846,2.734410
0.517334,2.768288
0.517822,2.964101
0.518311,2.965058
0.518799,2.930036
0.519287,2.713483
0.519775,2.702642
0.520264,2.705298
0.520752,2.871118
0.521240,2.926184
0.521729,2.810635
0.522217,2.729502
0.522705,2.602312
0.523193,2.751837
0.523682,2.801260
0.524170,2.977333
0.524658,2.817648
0.525146,2.695019
0.525635,2.554638
0.526123,2.607142
0.526611,2.703228
0.527100,2.770627
0.527588,2.673214
0.528076,2.596976
0.528564,2.367447
0.529053,2.504659
0.529541,2.512044
0.530029,2.766713
0.530518,2.665790
0.531006,2.611331
0.531494,2.492881
0.531982,2.587721
0.532471,2.716474
0.532959,3.015392
0.533447,2.895816
0.533936,2.989182
0.534424,2.712165
0.534912,2.899323
0.535400,2.917718
0.535889,3.168217
0.536377,3.136422
0.536865,3.164670
0.537354,2.915826
0.537842,3.084828
0.538330,3.080168
0.538818,3.399306
0.539307,3.451186
0.539795,3.457132
0.540283,3.362786
0.540771,3.419915
0.541260,3.510865
0.541748,3.756780
0.542236,3.888110
0.542725,3.788622
0.543213,3.791103
0.543701,3.635849
0.544189,3.741422
0.544678,3.879202
0.545166,3.989927
0.545654,3.879331
0.546143,3.836198
0.546631,3.592807
0.547119,3.679916
0.547607,3.725857
0.548096,3.906701
0.548584,3.745597
0.549072,3.792314
0.549561,3.477278
0.550049,3.578350
0.550537,3.588433
0.551025,3.804919
0.551514,3.646155
0.552002,3.654431
0.552490,3.360467
0.552979,3.298487
0.553467,3.309190
0.553955,3.451258
0.554443,3.385591
0.554932,3.271412
0.555420,3.152947
0.555908,2.927075
0.556396,3.001641
0.556885,3.060741
0.557373,3.198603
0.557861,3.010099
0.558350,2.966967
0.558838,2.796194
0.559326,2.867532
0.559814,2.904748
0.560303,3.193120
0.560791,3.045007
0.561279,3.029021
0.561768,2.751576
0.562256,2.891911
0.562744,2.844525
0.563232,3.013474
0.563721,3.016413
0.564209,2.952945
0.564697,2.782240
0.565186,2.670838
0.565674,2.809621
0.566162,2.887394
0.566650,3.011823
0.567139,2.934983
0.567627,2.915971
0.568115,2.717779
0.568604,2.821303
0.569092,2.853654
0.569580,3.169963
0.570068,3.018233
0.570557,3.016489
0.571045,2.740039
0.571533,2.809280
0.572021,2.780660
0.572510,2.894590
0.572998,2.871761
0.573486,2.739975
0.573975,2.607305
0.574463,2.411806
0.574951,2.411493
0.575439,2.454226
0.575928,2.647473
0.576416,2.464943
0.576904,2.360934
0.577393,2.068666
0.577881,2.163005
0.578369,2.121485
0.578857,2.326303
0.579346,2.131016
0.579834,2.076012
0.580322,1.834991
0.580811,1.734811
0.581299,1.726158
0.581787,1.689684
0.582275,1.759604
0.582764,1.594331
0.583252,1.463529
0.583740,1.182282
0.584229,1.183194
0.584717,1.169406
0.585205,1.407184
0.585693,1.279042
0.586182,1.277692
0.586670,0.989042
0.587158,1.010279
0.587646,1.066864
0.588135,1.270624
0.588623,1.350708
0.589111,1.246795
0.589600,1.120208
0.590088,0.982418
0.590576,1.091190
0.591064,1.177059
0.591553,1.401545
0.592041,1.274164
0.592529,1.252423
0.593018,1.018767
0.593506,1.090495
0.593994,1.188617
0.594482,1.362204
0.594971,1.488464
0.595459,1.392376
0.595947,1.334433
0.596436,1.246616
0.596924,1.420638
0.597412,1.542011
0.597900,1.797929
0.598389,1.686137
0.598877,1.696948
0.599365,1.441678
0.599854,1.524860
0.600342,1.559651
0.600830,1.742830
0.601318,1.810771
0.601807,1.682168
0.602295,1.570616
0.602783,1.355704
0.603271,1.462427
0.603760,1.480726
0.604248,1.738238
0.604736,1.633490
0.605225,1.665127
0.605713,1.414280
0.606201,1.449266
0.606689,1.473843
0.607178,1.599208
0.607666,1.759393
0.608154,1.625376
0.608643,1.588277
0.609131,1.387421
0.609619,1.456825
0.610107,1.395818
0.610596,1.620437
0.611084,1.468208
0.611572,1.393501
0.612061,1.210714
0.612549,1.113958
0.613037,1.201803
0.613525,1.292850
0.614014,1.512673
0.614502,1.398810
0.614990,1.407357
0.615479,1.158358
0.615967,1.338968
0.616455,1.344476
0.616943,1.585084
0.617432,1.660721
0.617920,1.641423
0.618408,1.577150
0.618896,1.477020
0.619385,1.613138
0.619873,1.705543
0.620361,1.993849
0.620850,1.868682
0.621338,1.933077
0.621826,1.717635
0.622314,1.756843
0.622803,1.890942
0.623291,2.019294
0.623779,2.229727
0.624268,2.163294
0.624756,2.197537
0.625244,2.041871
0.625732,2.230803
0.626221,2.277175
0.626709,2.571011
0.627197,2.605750
0.627686,2.571941
0.628174,2.490654
0.628662,2.371824
0.629150,2.517840
0.629639,2.532197
0.630127,2.779355
0.630615,2.618940
0.631104,2.618995
0.631592,2.355331
0.632080,2.316567
0.632568,2.391878
0.633057,2.447883
0.633545,2.584603
0.634033,2.470588
0.634521,2.424801
0.635010,2.150730
0.635498,2.270223
0.635986,2.208707
0.636475,2.411678
0.636963,2.440548
0.637451,2.293500
0.637939,2.186607
0.638428,1.946812
0.638916,2.018135
0.639404,1.948010
0.639893,2.133850
0.640381,1.974918
0.640869,1.885946
0.641357,1.666240
0.641846,1.517920
0.642334,1.588700
0.642822,1.607917
0.643311,1.794199
0.643799,1.634417
0.644287,1.667359
0.644775,1.401211
0.645264,1.416126
0.645752,1.493737
0.646240,1.577245
0.646729,1.749373
0.647217,1.641315
0.647705,1.600558
0.648193,1.337199
0.648682,1.428978
0.649170,1.395181
0.649658,1.555543
0.650146,1.597042
0.650635,1.469517
0.651123,1.397547
0.651611,1.207078
0.652100,1.347029
0.652588,1.320210
0.653076,1.588865
0.653564,1.540093
0.654053,1.461783
0.654541,1.367103
0.655029,1.205491
0.655518,1.333684
0.656006,1.384028
0.656494,1.653865
0.656982,1.539242
0.657471,1.521786
0.657959,1.301601
0.658447,1.168502
0.658936,1.238944
0.659424,1.255790
0.659912,1.442127
0.660400,1.268401
0.660889,1.247469
0.661377,0.940777
0.661865,0.862251
0.662354,0.905146
0.662842,0.921311
0.663330,1.021764
0.663818,0.832674
0.664307,0.777406
0.664795,0.464285
0.665283,0.488013
0.665771,0.465187
0.666260,0.510315
0.666748,0.608904
0.667236,0.463462
0.667725,0.402615
0.668213,0.078679
0.668701,0.135014
0.669189,0.059450
0.669678,0.103408
0.670166,0.093268
0.670654,-0.123369
0.671143,-0.231459
0.671631,-0.539726
0.672119,-0.485166
0.672607,-0.522573
0.673096,-0.348685
0.673584,-0.333825
0.674072,-0.460828
0.674561,-0.510044
0.675049,-0.740948
0.675537,-0.641734
0.676025,-0.684865
0.676514,-0.467964
0.677002,-0.465144
0.677490,-0.559401
0.677979,-0.590139
0.678467,-0.781405
0.678955,-0.639745
0.679443,-0.671608
0.679932,-0.498627
0.680420,-0.538816
0.680908,-0.631275
0.681396,-0.729333
0.681885,-0.862573
0.682373,-0.700700
0.682861,-0.720874
0.683350,-0.408994
0.683838,-0.463667
0.684326,-0.520116
0.684814,-0.532303
0.685303,-0.690379
0.685791,-0.468461
0.686279,-0.448905
0.686768,-0.154671
0.687256,-0.156145
0.687744,-0.244829
0.688232,-0.311121
0.688721,-0.481893
0.689209,-0.359147
0.689697,-0.359094
0.690186,-0.081110
0.690674,-0.145909
0.691162,-0.254141
0.691650,-0.358238
0.692139,-0.586370
0.692627,-0.465234
0.693115,-0.497675
0.693604,-0.217131
0.694092,-0.257200
0.694580,-0.373866
0.695068,-0.476693
0.695557,-0.676007
0.696045,-0.528254
0.696533,-0.529629
0.697021,-0.254135
0.697510,-0.355517
0.697998,-0.449809
0.698486,-0.603058
0.698975,-0.771280
0.699463,-0.663431
0.699951,-0.700804
0.700439,-0.529747
0.700928,-0.600062
0.701416,-0.753923
0.701904,-0.793100
0.702393,-0.993374
0.702881,-0.879641
0.703369,-0.975324
0.703857,-0.781279
0.704346,-0.720269
0.704834,-0.775576
0.705322,-0.774384
0.705811,-1.006477
0.706299,-0.847197
0.706787,-0.864332
0.707275,-0.556906
0.707764,-0.422131
0.708252,-0.526816
0.708740,-0.545341
0.709229,-0.808369
0.709717,-0.607606
0.710205,-0.563605
0.710693,-0.403085
0.711182,-0.279439
0.711670,-0.413613
0.712158,-0.380211
0.712646,-0.567374
0.713135,-0.447407
0.713623,-0.401508
0.714111,-0.278207
0.714600,-0.043737
0.715088,-0.075978
0.715576,-0.044522
0.716064,-0.267924
0.716553,-0.176012
0.717041,-0.022825
0.717529,0.128049
0.718018,0.321034
0.718506,0.216953
0.718994,0.311513
0.719482,0.098077
0.719971,0.040567
0.720459,0.143163
0.720947,0.203616
0.721436,0.391544
0.721924,0.248770
0.722412,0.226623
0.722900,0.005037
0.723389,-0.055138
0.723877,0.035535
0.724365,-0.032626
0.724854,0.215097
0.725342,0.148887
0.725830,0.103019
0.726318,-0.063665
0.726807,-0.273731
0.727295,-0.132927
0.727783,-0.154694
0.728271,0.027002
0.728760,-0.047301
0.729248,-0.161470
0.729736,-0.238722
0.730225,-0.506802
0.730713,-0.461566
0.731201,-0.556847
0.731689,-0.399775
0.732178,-0.383194
0.732666,-0.594068
0.733154,-0.665311
0.733643,-0.980256
0.734131,-0.965295
0.734619,-0.973001
0.735107,-0.890860
0.735596,-0.748306
0.736084,-0.929614
0.736572,-0.939647
0.737061,-1.131977
0.737549,-1.158809
0.738037,-1.116510
0.738525,-1.051525
0.739014,-0.785185
0.739502,-0.967456
0.739990,-0.982482
0.740479,-1.107530
0.740967,-1.222680
0.741455,-1.160676
0.741943,-1.228678
0.742432,-0.925507
0.742920,-0.978563
0.743408,-1.109343
0.743896,-1.195289
0.744385,-1.375406
0.744873,-1.314639
0.745361,-1.351616
0.745850,-1.121481
0.746338,-1.038149
0.746826,-1.172765
0.747314,-1.127034
0.747803,-1.361905
0.748291,-1.305628
0.748779,-1.281974
0.749268,-1.121338
0.749756,-0.959031
0.750244,-1.156837
0.750732,-1.102020
0.751221,-1.318852
0.751709,-1.463126
0.752197,-1.377281
0.752686,-1.369519
0.753174,-1.216155
0.753662,-1.355983
0.754150,-1.434044
0.754639,-1.656271
0.755127,-1.872316
0.755615,-1.730240
0.756104,-1.874830
0.756592,-1.720851
0.757080,-1.665970
0.757568,-1.820740
0.758057,-1.934887
0.758545,-2.208790
0.759033,-2.116812
0.759521,-2.160745
0.760010,-2.079132
0.760498,-1.960291
0.760986,-2.179695
0.761475,-2.173175
0.761963,-2.465459
0.762451,-2.651987
0.762939,-2.585802
0.763428,-2.607388
0.763916,-2.490871
0.764404,-2.671934
0.764893,-2.733544
0.765381,-2.940746
0.765869,-3.179862
0.766357,-3.089141
0.766846,-3.216557
0.767334,-3.013023
0.767822,-2.971720
0.768311,-3.177536
0.768799,-3.150994
0.769287,-3.426917
0.769775,-3.428969
0.770264,-3.324331
0.770752,-3.248884
0.771240,-3.083991
0.771729,-3.175003
0.772217,-3.165887
0.772705,-3.339446
0.773193,-3.394738
0.773682,-3.346950
0.774170,-3.346094
0.774658,-3.038853
0.775146,-3.125308
0.775635,-3.214083
0.776123,-3.239665
0.776611,-3.493906
0.777100,-3.331919
0.777588,-3.326690
0.778076,-3.176252
0.778564,-2.931128
0.779053,-3.073776
0.779541,-2.986769
0.780029,-3.138030
0.780518,-3.209129
0.781006,-3.030882
0.781494,-2.988211
0.781982,-2.694438
0.782471,-2.699579
0.782959,-2.780069
0.783447,-2.788034
0.783936,-2.967461
0.784424,-2.904226
0.784912,-2.871113
0.785400,-2.759898
0.785889,-2.633435
0.786377,-2.732275
0.786865,-2.782426
0.787354,-3.014694
0.787842,-3.090090
0.788330,-3.031207
0.788818,-2.909817
0.789307,-2.713367
0.789795,-2.816415
0.790283,-2.828925
0.790771,-2.941404
0.791260,-3.081860
0.791748,-2.986394
0.792236,-2.961510
0.792725,-2.812759
0.793213,-2.742464
0.793701,-2.797767
0.794189,-2.837475
0.794678,-3.077320
0.795166,-3.145923
0.795654,-3.086581
0.796143,-2.998529
0.796631,-2.863708
0.797119,-2.937077
0.797607,-3.027320
0.798096,-3.149590
0.798584,-3.314228
0.799072,-3.252993
0.799561,-3.244748
0.800049,-3.135470
0.800537,-2.928439
0.801025,-3.047614
0.801514,-3.060382
0.802002,-3.181176
0.802490,-3.232752
0.802979,-3.066456
0.803467,-3.041816
0.803955,-2.710126
0.804443,-2.724467
0.804932,-2.841930
0.805420,-2.775610
0.805908,-3.007385
0.806396,-2.829853
0.806885,-2.831041
0.807373,-2.620487
0.807861,-2.452684
0.808350,-2.606956
0.808838,-2.429001
0.809326,-2.664847
0.809814,-2.715192
0.810303,-2.545963
0.810791,-2.465952
0.811279,-2.224658
0.811768,-2.127008
0.812256,-2.123696
0.812744,-2.186369
0.813232,-2.274747
0.813721,-2.166027
0.814209,-2.019833
0.814697,-1.917586
0.815186,-1.582249
0.815674,-1.713292
0.816162,-1.655250
0.816650,-1.731766
0.817139,-1.904100
0.817627,-1.715939
0.818115,-1.822223
0.818604,-1.544846
0.819092,-1.523261
0.819580,-1.611006
0.820068,-1.620600
0.820557,-1.864407
0.821045,-1.945967
0.821533,-1.810641
0.822021,-1.836128
0.822510,-1.590691
0.822998,-1.645626
0.823486,-1.747582
0.823975,-1.783435
0.824463,-2.075390
0.824951,-1.883444
0.825439,-1.975840
0.825928,-1.810522
0.826416,-1.698875
0.826904,-1.824891
0.827393,-1.858588
0.827881,-1.992244
0.828369,-2.237718
0.828857,-2.113153
0.829346,-2.215849
0.829834,-2.067949
0.830322,-2.056218
0.830811,-2.175073
0.831299,-2.289453
0.831787,-2.535584
0.832275,-2.602463
0.832764,-2.530568
0.833252,-2.556769
0.833740,-2.255490
0.834229,-2.384541
0.834717,-2.448373
0.835205,-2.483722
0.835693,-2.735510
0.836182,-2.637619
0.836670,-2.549466
0.837158,-2.510184
0.837646,-2.287679
0.838135,-2.402869
0.838623,-2.409120
0.839111,-2.549080
0.839600,-2.672126
0.840088,-2.595546
0.840576,-2.610061
0.841064,-2.449573
0.841553,-2.336422
0.842041,-2.498582
0.842529,-2.425840
0.843018,-2.714367
0.843506,-2.765629
0.843994,-2.658651
0.844482,-2.664681
0.844971,-2.421423
0.845459,-2.326011
0.845947,-2.469294
0.846436,-2.405950
0.846924,-2.649020
0.847412,-2.593395
0.847900,-2.501357
0.848389,-2.383196
0.848877,-2.219975
0.849365,-2.217789
0.849854,-2.336259
0.850342,-2.354339
0.850830,-2.652005
0.851318,-2.457417
0.851807,-2.543402
0.852295,-2.432623
0.852783,-2.278459
0.853271,-2.488233
0.853760,-2.493190
0.854248,-2.696105
0.854736,-2.894189
0.855225,-2.814585
0.855713,-2.871070
0.856201,-2.794763
0.856689,-2.640896
0.857178,-2.879065
0.857666,-2.808348
0.858154,-3.091544
0.858643,-3.194776
0.859131,-3.114131
0.859619,-3.186065
0.860107,-3.000529
0.860596,-2.972500
0.861084,-3.119539
0.861572,-3.195177
0.862061,-3.446420
0.862549,-3.625870
0.863037,-3.500430
0.863525,-3.620900
0.864014,-3.417164
0.864502,-3.477284
0.864990,-3.652904
0.865479,-3.720817
0.865967,-4.030791
0.866455,-4.025808
0.866943,-4.058687
0.867432,-3.951905
0.867920,-3.795581
0.868408,-3.874614
0.868896,-3.908143
0.869385,-4.008087
0.869873,-4.212372
0.870361,-4.115169
0.870850,-4.010201
0.871338,-4.011714
0.871826,-3.689521
0.872314,-3.827067
0.872803,-3.861337
0.873291,-3.895401
0.873779,-4.146273
0.874268,-3.955652
0.874756,-4.022104
0.875244,-3.862455
0.875732,-3.660417
0.876221,-3.832119
0.876709,-3.766620
0.877197,-3.904237
0.877686,-4.017657
0.878174,-3.904983
0.878662,-3.879631
0.879150,-3.712462
0.879639,-3.499032
0.880127,-3.598524
0.880615,-3.585926
0.881104,-3.586839
0.881592,-3.751519
0.882080,-3.574997
0.882568,-3.520876
0.883057,-3.363691
0.883545,-3.095832
0.884033,-3.244790
0.884521,-3.174928
0.885010,-3.278333
0.885498,-3.445779
0.885986,-3.217593
0.886475,-3.333185
0.886963,-3.129156
0.887451,-2.955700
0.887939,-3.162832
0.888428,-3.046999
0.888916,-3.299081
0.889404,-3.446080
0.889893,-3.243850
0.890381,-3.327180
0.890869,-3.062854
0.891357,-2.977703
0.891846,-3.110690
0.892334,-3.037684
0.892822,-3.281516
0.893311,-3.291696
0.893799,-3.194063
0.894287,-3.256459
0.894775,-2.974495
0.895264,-2.940199
0.895752,-3.019974
0.896240,-2.943676
0.896729,-3.232347
0.897217,-3.279947
0.897705,-3.216511
0.898193,-3.282636
0.898682,-3.057042
0.899170,-3.024522
0.899658,-3.110837
0.900146,-3.117527
0.900635,-3.394900
0.901123,-3.436977
0.901611,-3.409520
0.902100,-3.390256
0.902588,-3.130726
0.903076,-3.091607
0.903564,-3.090720
0.904053,-3.043239
0.904541,-3.256573
0.905029,-3.232126
0.905518,-3.136587
0.906006,-3.095846
0.906494,-2.823535
0.906982,-2.718567
0.907471,-2.752764
0.907959,-2.681098
0.908447,-2.844444
0.908936,-2.871184
0.909424,-2.729368
0.909912,-2.711779
0.910400,-2.455956
0.910889,-2.347362
0.911377,-2.432801
0.911865,-2.343049
0.912354,-2.525124
0.912842,-2.592280
0.913330,-2.370731
0.913818,-2.434971
0.914307,-2.127437
0.914795,-1.912393
0.915283,-2.057928
0.915771,-1.862389
0.916260,-1.986247
0.916748,-2.094686
0.917236,-1.803447
0.917725,-1.813708
0.918213,-1.612815
0.918701,-1.353151
0.919189,-1.463838
0.919678,-1.426567
0.920166,-1.500672
0.920654,-1.643642
0.921143,-1.531907
0.921631,-1.463482
0.922119,-1.361294
0.922607,-1.224324
0.923096,-1.267499
0.923584,-1.312387
0.924072,-1.436293
0.924561,-1.577812
0.925049,-1.489492
0.925537,-1.488042
0.926025,-1.376008
0.926514,-1.180435
0.927002,-1.349750
0.927490,-1.303942
0.927979,-1.401712
0.928467,-1.648561
0.928955,-1.459888
0.929443,-1.479357
0.929932,-1.426890
0.930420,-1.157686
0.930908,-1.308972
0.931396,-1.390828
0.931885,-1.459645
0.932373,-1.705785
0.932861,-1.721543
0.933350,-1.657314
0.933838,-1.664111
0.934326,-1.523082
0.934814,-1.583534
0.935303,-1.708428
0.935791,-1.808922
0.936279,-2.091151
0.936768,-2.055198
0.937256,-1.993810
0.937744,-2.052199
0.938232,-1.753414
0.938721,-1.821782
0.939209,-1.941800
0.939697,-1.924025
0.940186,-2.158621
0.940674,-2.219519
0.941162,-2.104900
0.941650,-2.049562
0.942139,-1.855378
0.942627,-1.750881
0.943115,-1.819386
0.943604,-1.792012
0.944092,-2.026646
0.944580,-2.126581
0.945068,-1.967247
0.945557,-2.081358
0.946045,-1.876316
0.946533,-1.699649
0.947021,-1.871120
0.947510,-1.853281
0.947998,-1.967051
0.948486,-2.113176
0.948975,-2.057913
0.949463,-2.006827
0.949951,-1.858447
0.950439,-1.664185
0.950928,-1.766970
0.951416,-1.708508
0.951904,-1.755748
0.952393,-2.038425
0.952881,-1.843000
0.953369,-1.747828
0.953857,-1.707163
0.954346,-1.462058
0.954834,-1.487084
0.955322,-1.556361
0.955811,-1.669744
0.956299,-1.862360
0.956787,-1.825002
0.957275,-1.771262
0.957764,-1.826586
0.958252,-1.604579
0.958740,-1.598115
0.959229,-1.800926
0.959717,-1.802411
0.960205,-2.073217
0.960693,-2.162394
0.961182,-2.164674
0.961670,-2.185772
0.962158,-1.979946
0.962646,-1.908099
0.963135,-2.125527
0.963623,-2.120683
0.964111,-2.219410
0.964600,-2.471770
0.965088,-2.375914
0.965576,-2.407905
0.966064,-2.293874
0.966553,-2.187966
0.967041,-2.351404
0.967529,-2.386819
0.968018,-2.518307
0.968506,-2.793958
0.968994,-2.757492
0.969482,-2.715272
0.969971,-2.755469
0.970459,-2.575583
0.970947,-2.695761
0.971436,-2.790766
0.971924,-2.866812
0.972412,-3.230626
0.972900,-3.255552
0.973389,-3.165671
0.973877,-3.204719
0.974365,-3.073342
0.974854,-2.974415
0.975342,-3.102330
0.975830,-3.057766
0.976318,-3.281703
0.976807,-3.398755
0.977295,-3.233525
0.977783,-3.227914
0.978271,-3.083837
0.978760,-2.946354
0.979248,-3.028526
0.979736,-2.990693
0.980225,-3.055178
0.980713,-3.355564
0.981201,-3.186004
0.981689,-3.083693
0.982178,-3.059727
0.982666,-2.862358
0.983154,-2.875712
0.983643,-2.909887
0.984131,-2.906771
0.984619,-3.140248
0.985107,-3.186333
0.985596,-3.010726
0.986084,-2.969351
0.986572,-2.700829
0.987061,-2.657512
0.987549,-2.695921
0.988037,-2.558821
0.988525,-2.698277
0.989014,-2.831074
0.989502,-2.613895
0.989990,-2.553586
0.990479,-2.372450
0.990967,-2.115557
0.991455,-2.281124
0.991943,-2.222185
0.992432,-2.215579
0.992920,-2.430318
0.993408,-2.404575
0.993896,-2.294425
0.994385,-2.294163
0.994873,-1.982543
0.995361,-2.027640
0.995850,-2.154666
0.996338,-2.148083
0.996826,-2.352747
0.997314,-2.409446
0.997803,-2.278852
0.998291,-2.370354
0.998779,-2.173181
0.999268,-1.987517
0.999756,-2.121397
