0.000122,0.040288
0.000366,0.116791
0.000610,0.081784
0.000854,0.097234
0.001099,0.164180
0.001343,0.149326
0.001587,0.000813
0.001831,-0.003258
0.002075,-0.031115
0.002319,0.008278
0.002563,0.093828
0.002808,0.207687
0.003052,0.217956
0.003296,0.210308
0.003540,0.183961
0.003784,0.204592
0.004028,0.266162
0.004272,0.353576
0.004517,0.407212
0.004761,0.505172
0.005005,0.565357
0.005249,0.607228
0.005493,0.638573
0.005737,0.638300
0.005981,0.522864
0.006226,0.486634
0.006470,0.529574
0.006714,0.558266
0.006958,0.511041
0.007202,0.528073
0.007446,0.624474
0.007690,0.608430
0.007935,0.593371
0.008179,0.650729
0.008423,0.599938
0.008667,0.539629
0.008911,0.548217
0.009155,0.447207
0.009399,0.426468
0.009644,0.402135
0.009888,0.281321
0.010132,0.368660
0.010376,0.378030
0.010620,0.468707
0.010864,0.466605
0.011108,0.515321
0.011353,0.654071
0.011597,0.585752
0.011841,0.704792
0.012085,0.678802
0.012329,0.709278
0.012573,0.689171
0.012817,0.698514
0.013062,0.643445
0.013306,0.695891
0.013550,0.641749
0.013794,0.711736
0.014038,0.683884
0.014282,0.801249
0.014526,0.803317
0.014771,0.913293
0.015015,0.946036
0.015259,1.062126
0.015503,1.086181
0.015747,1.179895
0.015991,1.204166
0.016235,1.252421
0.016479,1.213504
0.016724,1.293876
0.016968,1.179067
0.017212,1.265979
0.017456,1.151667
0.017700,1.113344
0.017944,1.122945
0.018188,1.063000
0.018433,1.078650
0.018677,1.041897
0.018921,1.112426
0.019165,1.010614
0.019409,1.107063
0.019653,1.142143
0.019897,1.111491
0.020142,1.194623
0.020386,1.150079
0.020630,1.264613
0.020874,1.175665
0.021118,1.168342
0.021362,1.199773
0.021606,1.134761
0.021851,1.195200
0.022095,1.045308
0.022339,1.020244
0.022583,0.999218
0.022827,0.910461
0.023071,0.940917
0.023315,0.814264
0.023560,0.765257
0.023804,0.793085
0.024048,0.706331
0.024292,0.821134
0.024536,0.815101
0.024780,0.796206
0.025024,0.863241
0.025269,0.798098
0.025513,0.870301
0.025757,0.959896
0.026001,0.934085
0.026245,1.055136
0.026489,1.090634
0.026733,1.081397
0.026978,1.186646
0.027222,1.106861
0.027466,1.098699
0.027710,1.162687
0.027954,1.051426
0.028198,1.065375
0.028442,1.092895
0.028687,0.995786
0.028931,1.041306
0.029175,1.074118
0.029419,0.986359
0.029663,1.058474
0.029907,1.098960
0.030151,1.027922
0.030396,1.138457
0.030640,1.163442
0.030884,1.136705
0.031128,1.276887
0.031372,1.317853
0.031616,1.306718
0.031860,1.446750
0.032104,1.479480
0.032349,1.455052
0.032593,1.581025
0.032837,1.591616
0.033081,1.570748
0.033325,1.668829
0.033569,1.666568
0.033813,1.572156
0.034058,1.643457
0.034302,1.645914
0.034546,1.517025
0.034790,1.555635
0.035034,1.545567
0.035278,1.436294
0.035522,1.432920
0.035767,1.471427
0.036011,1.353438
0.036255,1.354556
0.036499,1.411864
0.036743,1.363836
0.036987,1.316940
0.037231,1.389552
0.037476,1.367691
0.037720,1.287390
0.037964,1.344605
0.038208,1.362208
0.038452,1.277390
0.038696,1.354042
0.038940,1.433706
0.039185,1.387174
0.039429,1.411229
0.039673,1.515737
0.039917,1.461617
0.040161,1.374366
0.040405,1.416154
0.040649,1.409451
0.040894,1.298261
0.041138,1.296941
0.041382,1.356310
0.041626,1.264082
0.041870,1.179946
0.042114,1.185993
0.042358,1.117539
0.042603,0.971918
0.042847,0.960420
0.043091,0.983952
0.043335,0.920078
0.043579,0.870004
0.043823,0.879663
0.044067,0.846386
0.044312,0.722211
0.044556,0.727637
0.044800,0.857545
0.045044,0.799335
0.045288,0.776435
0.045532,0.836808
0.045776,0.850579
0.046021,0.794853
0.046265,0.862584
0.046509,0.998046
0.046753,0.996007
0.046997,0.913094
0.047241,0.963301
0.047485,1.075322
0.047729,1.030181
0.047974,1.045032
0.048218,1.117328
0.048462,1.103109
0.048706,1.009093
0.048950,1.067098
0.049194,1.158178
0.049438,1.101438
0.049683,0.954272
0.049927,0.980998
0.050171,1.080176
0.050415,1.034381
0.050659,0.926216
0.050903,0.938636
0.051147,0.969574
0.051392,0.926474
0.051636,0.877441
0.051880,0.915575
0.052124,0.924512
0.052368,0.868260
0.052612,0.905559
0.052856,0.997643
0.053101,0.976960
0.053345,0.935335
0.053589,1.034597
0.053833,1.158491
0.054077,1.136344
0.054321,1.101301
0.054565,1.186174
0.054810,1.317247
0.055054,1.294489
0.055298,1.239296
0.055542,1.338033
0.055786,1.490392
0.056030,1.433084
0.056274,1.338673
0.056519,1.438828
0.056763,1.566406
0.057007,1.482477
0.057251,1.363558
0.057495,1.433168
0.057739,1.516754
0.057983,1.437934
0.058228,1.321098
0.058472,1.333908
0.058716,1.408389
0.058960,1.327100
0.059204,1.181115
0.059448,1.222976
0.059692,1.251209
0.059937,1.177944
0.060181,1.067646
0.060425,1.077085
0.060669,1.082295
0.060913,1.067425
0.061157,1.003117
0.061401,0.986477
0.061646,0.986756
0.061890,1.039716
0.062134,1.002191
0.062378,0.952283
0.062622,0.947909
0.062866,1.059673
0.063110,1.047143
0.063354,0.905868
0.063599,0.983654
0.063843,1.122791
0.064087,1.050795
0.064331,0.964230
0.064575,1.026302
0.064819,1.078823
0.065063,1.046684
0.065308,1.022897
0.065552,1.000607
0.065796,0.980963
0.066040,1.024802
0.066284,1.010327
0.066528,0.862059
0.066772,0.837337
0.067017,0.944290
0.067261,0.841265
0.067505,0.707591
0.067749,0.708800
0.067993,0.725230
0.068237,0.621481
0.068481,0.551588
0.068726,0.465297
0.068970,0.418917
0.069214,0.492830
0.069458,0.430866
0.069702,0.262533
0.069946,0.282351
0.070190,0.353309
0.070435,0.263974
0.070679,0.196058
0.070923,0.175049
0.071167,0.173938
0.071411,0.253686
0.071655,0.234528
0.071899,0.112072
0.072144,0.173330
0.072388,0.282907
0.072632,0.237610
0.072876,0.230981
0.073120,0.245472
0.073364,0.263197
0.073608,0.371960
0.073853,0.353850
0.074097,0.239653
0.074341,0.330737
0.074585,0.447723
0.074829,0.430670
0.075073,0.436981
0.075317,0.363537
0.075562,0.386963
0.075806,0.520007
0.076050,0.462229
0.076294,0.370079
0.076538,0.429077
0.076782,0.411353
0.077026,0.444577
0.077271,0.433519
0.077515,0.296126
0.077759,0.325479
0.078003,0.371123
0.078247,0.331623
0.078491,0.327277
0.078735,0.198965
0.078979,0.191245
0.079224,0.327060
0.079468,0.230678
0.079712,0.142064
0.079956,0.152604
0.080200,0.147119
0.080444,0.248164
0.080688,0.216655
0.080933,0.098082
0.081177,0.179875
0.081421,0.213630
0.081665,0.266857
0.081909,0.290901
0.082153,0.153362
0.082397,0.271182
0.082642,0.371439
0.082886,0.359570
0.083130,0.437749
0.083374,0.320808
0.083618,0.418537
0.083862,0.552579
0.084106,0.545761
0.084351,0.567254
0.084595,0.513844
0.084839,0.557238
0.085083,0.722679
0.085327,0.668921
0.085571,0.679503
0.085815,0.620604
0.086060,0.650534
0.086304,0.784190
0.086548,0.733020
0.086792,0.670056
0.087036,0.645490
0.087280,0.629037
0.087524,0.745060
0.087769,0.658159
0.088013,0.597461
0.088257,0.549059
0.088501,0.505727
0.088745,0.615413
0.088989,0.508174
0.089233,0.441655
0.089478,0.347347
0.089722,0.348248
0.089966,0.425790
0.090210,0.330900
0.090454,0.299407
0.090698,0.154121
0.090942,0.183902
0.091187,0.275670
0.091431,0.180890
0.091675,0.158697
0.091919,0.072841
0.092163,0.085861
0.092407,0.168199
0.092651,0.120004
0.092896,0.142859
0.093140,-0.008838
0.093384,0.063398
0.093628,0.119075
0.093872,0.156751
0.094116,0.146227
0.094360,-0.000732
0.094604,0.076983
0.094849,0.137221
0.095093,0.194010
0.095337,0.177897
0.095581,0.027308
0.095825,0.108203
0.096069,0.092986
0.096313,0.239640
0.096558,0.150618
0.096802,0.081307
0.097046,0.036548
0.097290,0.024735
0.097534,0.154438
0.097778,0.051603
0.098022,0.054172
0.098267,-0.098863
0.098511,-0.074662
0.098755,-0.021669
0.098999,-0.100953
0.099243,-0.135516
0.099487,-0.325433
0.099731,-0.270070
0.099976,-0.319844
0.100220,-0.279704
0.100464,-0.361470
0.100708,-0.503856
0.100952,-0.512678
0.101196,-0.569424
0.101440,-0.470235
0.101685,-0.587121
0.101929,-0.645290
0.102173,-0.770726
0.102417,-0.758330
0.102661,-0.713851
0.102905,-0.733102
0.103149,-0.766181
0.103394,-0.911434
0.103638,-0.853371
0.103882,-0.883445
0.104126,-0.751809
0.104370,-0.842098
0.104614,-0.894392
0.104858,-0.939538
0.105103,-0.918628
0.105347,-0.795843
0.105591,-0.811733
0.105835,-0.803123
0.106079,-0.936810
0.106323,-0.819999
0.106567,-0.801382
0.106812,-0.660724
0.107056,-0.703037
0.107300,-0.734033
0.107544,-0.762445
0.107788,-0.732156
0.108032,-0.611504
0.108276,-0.642202
0.108521,-0.596079
0.108765,-0.726966
0.109009,-0.641867
0.109253,-0.629142
0.109497,-0.531296
0.109741,-0.607462
0.109985,-0.635745
0.110229,-0.700684
0.110474,-0.668249
0.110718,-0.590297
0.110962,-0.605666
0.111206,-0.647800
0.111450,-0.771703
0.111694,-0.733947
0.111938,-0.755219
0.112183,-0.664675
0.112427,-0.767865
0.112671,-0.736977
0.112915,-0.898287
0.113159,-0.858613
0.113403,-0.869601
0.113647,-0.757014
0.113892,-0.847554
0.114136,-0.918400
0.114380,-0.983829
0.114624,-0.928610
0.114868,-0.858571
0.115112,-0.872185
0.115356,-0.884926
0.115601,-0.974581
0.115845,-0.949350
0.116089,-0.961081
0.116333,-0.782924
0.116577,-0.814208
0.116821,-0.808422
0.117065,-0.930950
0.117310,-0.804399
0.117554,-0.812722
0.117798,-0.647747
0.118042,-0.692445
0.118286,-0.671078
0.118530,-0.751669
0.118774,-0.618699
0.119019,-0.610624
0.119263,-0.464916
0.119507,-0.495606
0.119751,-0.516107
0.119995,-0.555945
0.120239,-0.491003
0.120483,-0.426294
0.120728,-0.309261
0.120972,-0.350838
0.121216,-0.389660
0.121460,-0.434069
0.121704,-0.411297
0.121948,-0.281138
0.122192,-0.277522
0.122437,-0.292879
0.122681,-0.408838
0.122925,-0.412556
0.123169,-0.407601
0.123413,-0.335289
0.123657,-0.322956
0.123901,-0.377667
0.124146,-0.509062
0.124390,-0.520896
0.124634,-0.543376
0.124878,-0.455865
0.125122,-0.491721
0.125366,-0.539830
0.125610,-0.681017
0.125854,-0.701505
0.126099,-0.731839
0.126343,-0.635415
0.126587,-0.698388
0.126831,-0.715926
0.127075,-0.870602
0.127319,-0.869372
0.127563,-0.903136
0.127808,-0.813638
0.128052,-0.847481
0.128296,-0.875388
0.128540,-0.989227
0.128784,-0.991919
0.129028,-0.996305
0.129272,-0.904763
0.129517,-0.919786
0.129761,-0.957263
0.130005,-1.031476
0.130249,-1.047039
0.130493,-1.020582
0.130737,-0.904362
0.130981,-0.909788
0.131226,-0.920320
0.131470,-1.026957
0.131714,-1.007550
0.131958,-1.000195
0.132202,-0.923945
0.132446,-0.855999
0.132690,-0.900705
0.132935,-0.920796
0.133179,-1.005619
0.133423,-0.951886
0.133667,-0.905045
0.133911,-0.845508
0.134155,-0.895504
0.134399,-0.924624
0.134644,-1.056404
0.134888,-0.960079
0.135132,-0.997799
0.135376,-0.892448
0.135620,-0.975935
0.135864,-1.006619
0.136108,-1.167075
0.136353,-1.086807
0.136597,-1.169096
0.136841,-1.046825
0.137085,-1.145610
0.137329,-1.184125
0.137573,-1.362642
0.137817,-1.327961
0.138062,-1.400465
0.138306,-1.320029
0.138550,-1.358865
0.138794,-1.420401
0.139038,-1.575485
0.139282,-1.619623
0.139526,-1.625678
0.139771,-1.630743
0.140015,-1.585720
0.140259,-1.660260
0.140503,-1.721385
0.140747,-1.881787
0.140991,-1.820224
0.141235,-1.844847
0.141479,-1.735996
0.141724,-1.851309
0.141968,-1.838836
0.142212,-1.999566
0.142456,-1.949498
0.142700,-1.982434
0.142944,-1.855502
0.143188,-1.874646
0.143433,-1.885422
0.143677,-1.999624
0.143921,-2.016760
0.144165,-1.936269
0.144409,-1.897961
0.144653,-1.813065
0.144897,-1.867146
0.145142,-1.851651
0.145386,-1.944745
0.145630,-1.845481
0.145874,-1.872580
0.146118,-1.698135
0.146362,-1.750789
0.146606,-1.682432
0.146851,-1.804676
0.147095,-1.775039
0.147339,-1.757731
0.147583,-1.652060
0.147827,-1.574626
0.148071,-1.602757
0.148315,-1.614915
0.148560,-1.728785
0.148804,-1.653399
0.149048,-1.650665
0.149292,-1.504272
0.149536,-1.544881
0.149780,-1.536844
0.150024,-1.670552
0.150269,-1.658276
0.150513,-1.670840
0.150757,-1.594361
0.151001,-1.545477
0.151245,-1.613555
0.151489,-1.615752
0.151733,-1.769566
0.151978,-1.699725
0.152222,-1.743662
0.152466,-1.630149
0.152710,-1.717846
0.152954,-1.708278
0.153198,-1.829095
0.153442,-1.863644
0.153687,-1.819845
0.153931,-1.782690
0.154175,-1.691466
0.154419,-1.798266
0.154663,-1.782659
0.154907,-1.934111
0.155151,-1.871589
0.155396,-1.909267
0.155640,-1.808669
0.155884,-1.803123
0.156128,-1.832279
0.156372,-1.864432
0.156616,-1.953457
0.156860,-1.864236
0.157104,-1.869700
0.157349,-1.702532
0.157593,-1.750133
0.157837,-1.700836
0.158081,-1.784891
0.158325,-1.759841
0.158569,-1.691251
0.158813,-1.634473
0.159058,-1.503594
0.159302,-1.561875
0.159546,-1.511157
0.159790,-1.632374
0.160034,-1.536539
0.160278,-1.506563
0.160522,-1.370213
0.160767,-1.299645
0.161011,-1.323985
0.161255,-1.301166
0.161499,-1.404162
0.161743,-1.294425
0.161987,-1.302472
0.162231,-1.143575
0.162476,-1.149523
0.162720,-1.147110
0.162964,-1.191101
0.163208,-1.265311
0.163452,-1.175801
0.163696,-1.189183
0.163940,-1.036765
0.164185,-1.103240
0.164429,-1.091396
0.164673,-1.196283
0.164917,-1.237045
0.165161,-1.180444
0.165405,-1.172592
0.165649,-1.036886
0.165894,-1.139403
0.166138,-1.138994
0.166382,-1.288611
0.166626,-1.287174
0.166870,-1.257598
0.167114,-1.253555
0.167358,-1.182342
0.167603,-1.303983
0.167847,-1.300468
0.168091,-1.481313
0.168335,-1.481635
0.168579,-1.466259
0.168823,-1.419053
0.169067,-1.354054
0.169312,-1.460339
0.169556,-1.460496
0.169800,-1.656004
0.170044,-1.631697
0.170288,-1.638857
0.170532,-1.598240
0.170776,-1.516994
0.171021,-1.609039
0.171265,-1.609251
0.171509,-1.753782
0.171753,-1.724162
0.171997,-1.728110
0.172241,-1.659235
0.172485,-1.598436
0.172729,-1.661726
0.172974,-1.652352
0.173218,-1.774816
0.173462,-1.735848
0.173706,-1.719371
0.173950,-1.664987
0.174194,-1.563284
0.174438,-1.642369
0.174683,-1.587886
0.174927,-1.736635
0.175171,-1.677973
0.175415,-1.678726
0.175659,-1.596365
0.175903,-1.496829
0.176147,-1.549742
0.176392,-1.537210
0.176636,-1.667038
0.176880,-1.644082
0.177124,-1.605718
0.177368,-1.539132
0.177612,-1.444093
0.177856,-1.537405
0.178101,-1.525331
0.178345,-1.640542
0.178589,-1.623734
0.178833,-1.617318
0.179077,-1.606178
0.179321,-1.482657
0.179565,-1.590547
0.179810,-1.569671
0.180054,-1.709818
0.180298,-1.775634
0.180542,-1.706366
0.180786,-1.737522
0.181030,-1.651133
0.181274,-1.745732
0.181519,-1.743065
0.181763,-1.854924
0.182007,-1.988744
0.182251,-1.938865
0.182495,-1.973897
0.182739,-1.857682
0.182983,-1.956374
0.183228,-2.025202
0.183472,-2.060306
0.183716,-2.202055
0.183960,-2.180089
0.184204,-2.263214
0.184448,-2.146644
0.184692,-2.128029
0.184937,-2.248056
0.185181,-2.285986
0.185425,-2.439519
0.185669,-2.398657
0.185913,-2.426263
0.186157,-2.376757
0.186401,-2.292858
0.186646,-2.422464
0.186890,-2.402220
0.187134,-2.527080
0.187378,-2.558305
0.187622,-2.524569
0.187866,-2.488374
0.188110,-2.347764
0.188354,-2.449243
0.188599,-2.422981
0.188843,-2.458279
0.189087,-2.562785
0.189331,-2.470044
0.189575,-2.474080
0.189819,-2.339602
0.190063,-2.320997
0.190308,-2.346597
0.190552,-2.350296
0.190796,-2.461310
0.191040,-2.341633
0.191284,-2.360219
0.191528,-2.274311
0.191772,-2.117616
0.192017,-2.211768
0.192261,-2.165391
0.192505,-2.239733
0.192749,-2.247204
0.192993,-2.158443
0.193237,-2.143623
0.193481,-2.006200
0.193726,-2.017416
0.193970,-2.021060
0.194214,-2.082855
0.194458,-2.146279
0.194702,-2.053859
0.194946,-2.077080
0.195190,-1.940529
0.195435,-1.891842
0.195679,-1.950689
0.195923,-1.932400
0.196167,-2.100802
0.196411,-2.035667
0.196655,-2.021014
0.196899,-2.013762
0.197144,-1.848747
0.197388,-1.955641
0.197632,-1.953564
0.197876,-2.031011
0.198120,-2.127271
0.198364,-2.023912
0.198608,-2.106291
0.198853,-1.977259
0.199097,-1.957304
0.199341,-2.048284
0.199585,-2.013935
0.199829,-2.190015
0.200073,-2.158371
0.200317,-2.144989
0.200562,-2.126043
0.200806,-2.012621
0.201050,-2.100540
0.201294,-2.065325
0.201538,-2.152528
0.201782,-2.255368
0.202026,-2.176405
0.202271,-2.177359
0.202515,-2.112111
0.202759,-2.033540
0.203003,-2.085886
0.203247,-2.082756
0.203491,-2.169951
0.203735,-2.194190
0.203979,-2.086962
0.204224,-2.117830
0.204468,-1.939744
0.204712,-1.961586
0.204956,-1.966748
0.205200,-1.962119
0.205444,-2.055921
0.205688,-1.966282
0.205933,-1.957512
0.206177,-1.838602
0.206421,-1.739268
0.206665,-1.753420
0.206909,-1.729561
0.207153,-1.740759
0.207397,-1.832353
0.207642,-1.664794
0.207886,-1.689385
0.208130,-1.536549
0.208374,-1.455933
0.208618,-1.494335
0.208862,-1.451938
0.209106,-1.528239
0.209351,-1.517795
0.209595,-1.426205
0.209839,-1.416602
0.210083,-1.237657
0.210327,-1.262050
0.210571,-1.252316
0.210815,-1.245765
0.211060,-1.361049
0.211304,-1.295784
0.211548,-1.236754
0.211792,-1.248183
0.212036,-1.047796
0.212280,-1.166932
0.212524,-1.121945
0.212769,-1.191594
0.213013,-1.286985
0.213257,-1.224073
0.213501,-1.221514
0.213745,-1.162533
0.213989,-1.084878
0.214233,-1.153317
0.214478,-1.171123
0.214722,-1.253378
0.214966,-1.350530
0.215210,-1.269320
0.215454,-1.341178
0.215698,-1.208457
0.215942,-1.217412
0.216187,-1.290398
0.216431,-1.278613
0.216675,-1.444497
0.216919,-1.469620
0.217163,-1.430156
0.217407,-1.466718
0.217651,-1.386902
0.217896,-1.358026
0.218140,-1.456348
0.218384,-1.451311
0.218628,-1.600799
0.218872,-1.617480
0.219116,-1.559430
0.219360,-1.638046
0.219604,-1.457008
0.219849,-1.504551
0.220093,-1.578496
0.220337,-1.541034
0.220581,-1.728798
0.220825,-1.661061
0.221069,-1.650033
0.221313,-1.675903
0.221558,-1.499040
0.221802,-1.560521
0.222046,-1.556159
0.222290,-1.570778
0.222534,-1.724653
0.222778,-1.650235
0.223022,-1.627923
0.223267,-1.592474
0.223511,-1.452033
0.223755,-1.498386
0.223999,-1.502677
0.224243,-1.509732
0.224487,-1.619198
0.224731,-1.547649
0.224976,-1.531007
0.225220,-1.483896
0.225464,-1.362939
0.225708,-1.397411
0.225952,-1.388416
0.226196,-1.415181
0.226440,-1.508230
0.226685,-1.455466
0.226929,-1.434829
0.227173,-1.389047
0.227417,-1.271949
0.227661,-1.303753
0.227905,-1.317194
0.228149,-1.343631
0.228394,-1.470044
0.228638,-1.441069
0.228882,-1.415697
0.229126,-1.426400
0.229370,-1.284557
0.229614,-1.325026
0.229858,-1.388588
0.230103,-1.358442
0.230347,-1.544378
0.230591,-1.531568
0.230835,-1.474689
0.231079,-1.556172
0.231323,-1.406776
0.231567,-1.432813
0.231812,-1.550535
0.232056,-1.515498
0.232300,-1.683587
0.232544,-1.736261
0.232788,-1.690595
0.233032,-1.724127
0.233276,-1.650655
0.233521,-1.653075
0.233765,-1.723014
0.234009,-1.752559
0.234253,-1.882585
0.234497,-1.939726
0.234741,-1.896433
0.234985,-1.969461
0.235229,-1.883644
0.235474,-1.828719
0.235718,-1.991479
0.235962,-1.953143
0.236206,-2.059595
0.236450,-2.184964
0.236694,-2.103844
0.236938,-2.124732
0.237183,-2.066738
0.237427,-2.017488
0.237671,-2.082109
0.237915,-2.088024
0.238159,-2.154446
0.238403,-2.274378
0.238647,-2.179228
0.238892,-2.172930
0.239136,-2.198148
0.239380,-2.028687
0.239624,-2.079911
0.239868,-2.097344
0.240112,-2.099574
0.240356,-2.216823
0.240601,-2.167938
0.240845,-2.136086
0.241089,-2.114476
0.241333,-1.943513
0.241577,-1.926315
0.241821,-2.019704
0.242065,-1.936745
0.242310,-2.018761
0.242554,-2.036333
0.242798,-1.961238
0.243042,-1.960200
0.243286,-1.785729
0.243530,-1.726234
0.243774,-1.806022
0.244019,-1.754774
0.244263,-1.763175
0.244507,-1.865469
0.244751,-1.765380
0.244995,-1.749613
0.245239,-1.654507
0.245483,-1.514233
0.245728,-1.586146
0.245972,-1.570576
0.246216,-1.571956
0.246460,-1.659061
0.246704,-1.618832
0.246948,-1.577230
0.247192,-1.584231
0.247437,-1.385170
0.247681,-1.415130
0.247925,-1.468896
0.248169,-1.433957
0.248413,-1.547334
0.248657,-1.563538
0.248901,-1.478609
0.249146,-1.537926
0.249390,-1.432278
0.249634,-1.332780
0.249878,-1.425227
0.250122,-1.394537
0.250366,-1.499681
0.250610,-1.594313
0.250854,-1.527093
0.251099,-1.500223
0.251343,-1.516007
0.251587,-1.393413
0.251831,-1.435198
0.252075,-1.471503
0.252319,-1.453087
0.252563,-1.588682
0.252808,-1.645660
0.253052,-1.552157
0.253296,-1.603661
0.253540,-1.459549
0.253784,-1.421508
0.254028,-1.507834
0.254272,-1.519605
0.254517,-1.557785
0.254761,-1.669838
0.255005,-1.562843
0.255249,-1.568411
0.255493,-1.564067
0.255737,-1.426957
0.255981,-1.455225
0.256226,-1.471492
0.256470,-1.426774
0.256714,-1.554828
0.256958,-1.564487
0.257202,-1.487085
0.257446,-1.489241
0.257690,-1.365341
0.257935,-1.239444
0.258179,-1.322602
0.258423,-1.276210
0.258667,-1.325517
0.258911,-1.418249
0.259155,-1.311751
0.259399,-1.250317
0.259644,-1.200942
0.259888,-1.044611
0.260132,-1.021174
0.260376,-1.082898
0.260620,-0.997890
0.260864,-1.088022
0.261108,-1.084823
0.261353,-0.943299
0.261597,-0.949132
0.261841,-0.843868
0.262085,-0.708730
0.262329,-0.772130
0.262573,-0.725330
0.262817,-0.704466
0.263062,-0.798118
0.263306,-0.711341
0.263550,-0.650369
0.263794,-0.638736
0.264038,-0.501977
0.264282,-0.447803
0.264526,-0.503397
0.264771,-0.431327
0.265015,-0.498555
0.265259,-0.543076
0.265503,-0.458543
0.265747,-0.436645
0.265991,-0.420364
0.266235,-0.258737
0.266479,-0.319618
0.266724,-0.338120
0.266968,-0.305339
0.267212,-0.415551
0.267456,-0.461388
0.267700,-0.335771
0.267944,-0.380134
0.268188,-0.319573
0.268433,-0.204803
0.268677,-0.288471
0.268921,-0.327813
0.269165,-0.343486
0.269409,-0.475111
0.269653,-0.481039
0.269897,-0.415246
0.270142,-0.468607
0.270386,-0.337527
0.270630,-0.295369
0.270874,-0.393979
0.271118,-0.408497
0.271362,-0.444504
0.271606,-0.611618
0.271851,-0.581855
0.272095,-0.581390
0.272339,-0.609254
0.272583,-0.474520
0.272827,-0.467412
0.273071,-0.561947
0.273315,-0.557359
0.273560,-0.622457
0.273804,-0.744068
0.274048,-0.650965
0.274292,-0.673914
0.274536,-0.672733
0.274780,-0.555852
0.275024,-0.568721
0.275269,-0.644726
0.275513,-0.622430
0.275757,-0.735145
0.276001,-0.837358
0.276245,-0.739427
0.276489,-0.767945
0.276733,-0.710808
0.276978,-0.577729
0.277222,-0.598025
0.277466,-0.652288
0.277710,-0.616260
0.277954,-0.731707
0.278198,-0.774118
0.278442,-0.653515
0.278687,-0.676107
0.278931,-0.586978
0.279175,-0.455724
0.279419,-0.484432
0.279663,-0.516971
0.279907,-0.482647
0.280151,-0.603150
0.280396,-0.626473
0.280640,-0.516944
0.280884,-0.554006
0.281128,-0.453289
0.281372,-0.333413
0.281616,-0.377924
0.281860,-0.393456
0.282104,-0.362944
0.282349,-0.477979
0.282593,-0.494249
0.282837,-0.382131
0.283081,-0.420572
0.283325,-0.321289
0.283569,-0.214307
0.283813,-0.277897
0.284058,-0.288398
0.284302,-0.289122
0.284546,-0.409669
0.284790,-0.431971
0.285034,-0.334762
0.285278,-0.383786
0.285522,-0.298720
0.285767,-0.195377
0.286011,-0.289209
0.286255,-0.295509
0.286499,-0.311541
0.286743,-0.444128
0.286987,-0.474371
0.287231,-0.407349
0.287476,-0.454040
0.287720,-0.406092
0.287964,-0.295324
0.288208,-0.403642
0.288452,-0.434541
0.288696,-0.453955
0.288940,-0.610987
0.289185,-0.643352
0.289429,-0.600462
0.289673,-0.633734
0.289917,-0.609142
0.290161,-0.497234
0.290405,-0.579333
0.290649,-0.649440
0.290894,-0.632580
0.291138,-0.807241
0.291382,-0.868406
0.291626,-0.818040
0.291870,-0.878586
0.292114,-0.848151
0.292358,-0.760384
0.292603,-0.813393
0.292847,-0.884421
0.293091,-0.874822
0.293335,-1.004763
0.293579,-1.105533
0.293823,-1.022455
0.294067,-1.068019
0.294312,-1.041894
0.294556,-0.898717
0.294800,-0.937203
0.295044,-0.979502
0.295288,-0.974200
0.295532,-1.065477
0.295776,-1.159910
0.296021,-1.080753
0.296265,-1.044291
0.296509,-1.064413
0.296753,-0.919336
0.296997,-0.921796
0.297241,-1.010261
0.297485,-0.946464
0.297729,-1.014025
0.297974,-1.119525
0.298218,-1.045231
0.298462,-1.011949
0.298706,-0.977644
0.298950,-0.840860
0.299194,-0.754150
0.299438,-0.833180
0.299683,-0.793013
0.299927,-0.773785
0.300171,-0.899948
0.300415,-0.860846
0.300659,-0.779559
0.300903,-0.801896
0.301147,-0.661100
0.301392,-0.563425
0.301636,-0.623799
0.301880,-0.579881
0.302124,-0.546133
0.302368,-0.641698
0.302612,-0.649955
0.302856,-0.524417
0.303101,-0.517562
0.303345,-0.481676
0.303589,-0.328337
0.303833,-0.345418
0.304077,-0.398508
0.304321,-0.335341
0.304565,-0.419824
0.304810,-0.463294
0.305054,-0.352637
0.305298,-0.349075
0.305542,-0.301705
0.305786,-0.177902
0.306030,-0.177431
0.306274,-0.225179
0.306519,-0.216047
0.306763,-0.256719
0.307007,-0.349335
0.307251,-0.296406
0.307495,-0.230864
0.307739,-0.253771
0.307983,-0.154967
0.308228,-0.083817
0.308472,-0.178362
0.308716,-0.184857
0.308960,-0.182608
0.309204,-0.308336
0.309448,-0.311605
0.309692,-0.228683
0.309937,-0.260909
0.310181,-0.227663
0.310425,-0.114210
0.310669,-0.168315
0.310913,-0.227169
0.311157,-0.179826
0.311401,-0.277081
0.311646,-0.363063
0.311890,-0.288984
0.312134,-0.298884
0.312378,-0.318134
0.312622,-0.201027
0.312866,-0.147328
0.313110,-0.231054
0.313354,-0.204446
0.313599,-0.208115
0.313843,-0.388745
0.314087,-0.351972
0.314331,-0.289629
0.314575,-0.330134
0.314819,-0.200278
0.315063,-0.096571
0.315308,-0.135399
0.315552,-0.171554
0.315796,-0.147034
0.316040,-0.266391
0.316284,-0.292705
0.316528,-0.186275
0.316772,-0.155200
0.317017,-0.128449
0.317261,-0.014622
0.317505,0.045692
0.317749,-0.033429
0.317993,0.045237
0.318237,0.044034
0.318481,-0.057694
0.318726,-0.040213
0.318970,0.082702
0.319214,0.043754
0.319458,0.187221
0.319702,0.344247
0.319946,0.319483
0.320190,0.280765
0.320435,0.358999
0.320679,0.246753
0.320923,0.252795
0.321167,0.377579
0.321411,0.418293
0.321655,0.422004
0.321899,0.599969
0.322144,0.641015
0.322388,0.624618
0.322632,0.684462
0.322876,0.676666
0.323120,0.571990
0.323364,0.595606
0.323608,0.718728
0.323853,0.734044
0.324097,0.839637
0.324341,0.947584
0.324585,0.941335
0.324829,0.901148
0.325073,0.974835
0.325317,0.939900
0.325562,0.819944
0.325806,0.902739
0.326050,0.948810
0.326294,0.961720
0.326538,1.096004
0.326782,1.178472
0.327026,1.088024
0.327271,1.065225
0.327515,1.132994
0.327759,1.004709
0.328003,0.949544
0.328247,1.055801
0.328491,1.013687
0.328735,1.053589
0.328979,1.218830
0.329224,1.181474
0.329468,1.088703
0.329712,1.124967
0.329956,1.087609
0.330200,0.954047
0.330444,0.950372
0.330688,0.998123
0.330933,0.962898
0.331177,1.038626
0.331421,1.151877
0.331665,1.053114
0.331909,0.981638
0.332153,1.037730
0.332397,0.926300
0.332642,0.789869
0.332886,0.849250
0.333130,0.867105
0.333374,0.841004
0.333618,0.953925
0.333862,0.985151
0.334106,0.876196
0.334351,0.887472
0.334595,0.892992
0.334839,0.723701
0.335083,0.657579
0.335327,0.755958
0.335571,0.753113
0.335815,0.728187
0.336060,0.838833
0.336304,0.874945
0.336548,0.804659
0.336792,0.804498
0.337036,0.771184
0.337280,0.639174
0.337524,0.635014
0.337769,0.714898
0.338013,0.689639
0.338257,0.711689
0.338501,0.857847
0.338745,0.875165
0.338989,0.786841
0.339233,0.800206
0.339478,0.791738
0.339722,0.692167
0.339966,0.689859
0.340210,0.756202
0.340454,0.771729
0.340698,0.847025
0.340942,0.955452
0.341187,0.937561
0.341431,0.908722
0.341675,0.947389
0.341919,0.884154
0.342163,0.793634
0.342407,0.856130
0.342651,0.912104
0.342896,0.892831
0.343140,1.004725
0.343384,1.140344
0.343628,1.075542
0.343872,1.024868
0.344116,1.099117
0.344360,1.049883
0.344604,0.927795
0.344849,0.981134
0.345093,1.059154
0.345337,1.045711
0.345581,1.127356
0.345825,1.249565
0.346069,1.208980
0.346313,1.147147
0.346558,1.159511
0.346802,1.099410
0.347046,1.028904
0.347290,1.068389
0.347534,1.095859
0.347778,1.094614
0.348022,1.169879
0.348267,1.225611
0.348511,1.192027
0.348755,1.174080
0.348999,1.149236
0.349243,1.040077
0.349487,0.970443
0.349731,1.001458
0.349976,0.993449
0.350220,0.994583
0.350464,1.102598
0.350708,1.130701
0.350952,1.056203
0.351196,1.043915
0.351440,1.002117
0.351685,0.855259
0.351929,0.786105
0.352173,0.830630
0.352417,0.799156
0.352661,0.786223
0.352905,0.899755
0.353149,0.920708
0.353394,0.833599
0.353638,0.812182
0.353882,0.787571
0.354126,0.632834
0.354370,0.550455
0.354614,0.589803
0.354858,0.572475
0.355103,0.540442
0.355347,0.630502
0.355591,0.686567
0.355835,0.605569
0.356079,0.560708
0.356323,0.560198
0.356567,0.458796
0.356812,0.343726
0.357056,0.386689
0.357300,0.432872
0.357544,0.391418
0.357788,0.444868
0.358032,0.556523
0.358276,0.496584
0.358521,0.402345
0.358765,0.443528
0.359009,0.380598
0.359253,0.239222
0.359497,0.290342
0.359741,0.374800
0.359985,0.313954
0.360229,0.395073
0.360474,0.533072
0.360718,0.471563
0.360962,0.429325
0.361206,0.486408
0.361450,0.397444
0.361694,0.300100
0.361938,0.390141
0.362183,0.425784
0.362427,0.414967
0.362671,0.535049
0.362915,0.634716
0.363159,0.621639
0.363403,0.610999
0.363647,0.642385
0.363892,0.610082
0.364136,0.511480
0.364380,0.544067
0.364624,0.663622
0.364868,0.648515
0.365112,0.682355
0.365356,0.874717
0.365601,0.884482
0.365845,0.789920
0.366089,0.870055
0.366333,0.868483
0.366577,0.729912
0.366821,0.763559
0.367065,0.865895
0.367310,0.879456
0.367554,0.927545
0.367798,1.052686
0.368042,1.133288
0.368286,1.089392
0.368530,1.065734
0.368774,1.107646
0.369019,1.007516
0.369263,0.941079
0.369507,1.060190
0.369751,1.061843
0.369995,1.059987
0.370239,1.233389
0.370483,1.282558
0.370728,1.221727
0.370972,1.239226
0.371216,1.243985
0.371460,1.151465
0.371704,1.046221
0.371948,1.114976
0.372192,1.199456
0.372437,1.130617
0.372681,1.227546
0.372925,1.379712
0.373169,1.292457
0.373413,1.239336
0.373657,1.259608
0.373901,1.189375
0.374146,1.100549
0.374390,1.095857
0.374634,1.177826
0.374878,1.156674
0.375122,1.156633
0.375366,1.305266
0.375610,1.273666
0.375854,1.200344
0.376099,1.256454
0.376343,1.190258
0.376587,1.063192
0.376831,1.026117
0.377075,1.102054
0.377319,1.119038
0.377563,1.076008
0.377808,1.225312
0.378052,1.284531
0.378296,1.164368
0.378540,1.175091
0.378784,1.183691
0.379028,1.110860
0.379272,1.007535
0.379517,1.035121
0.379761,1.127827
0.380005,1.088387
0.380249,1.185927
0.380493,1.290119
0.380737,1.222566
0.380981,1.222085
0.381226,1.255877
0.381470,1.220731
0.381714,1.080482
0.381958,1.104189
0.382202,1.247563
0.382446,1.196698
0.382690,1.240938
0.382935,1.382730
0.383179,1.446243
0.383423,1.409103
0.383667,1.380388
0.383911,1.444896
0.384155,1.340625
0.384399,1.320513
0.384644,1.421639
0.384888,1.425273
0.385132,1.482609
0.385376,1.593997
0.385620,1.726088
0.385864,1.668159
0.386108,1.659590
0.386353,1.774951
0.386597,1.685370
0.386841,1.609472
0.387085,1.662696
0.387329,1.795474
0.387573,1.784768
0.387817,1.827159
0.388062,2.028495
0.388306,2.041969
0.388550,2.018995
0.388794,2.045534
0.389038,2.084914
0.389282,1.972740
0.389526,1.955555
0.389771,2.100331
0.390015,2.090301
0.390259,2.114648
0.390503,2.239804
0.390747,2.383469
0.390991,2.319716
0.391235,2.296412
0.391479,2.362782
0.391724,2.297812
0.391968,2.237791
0.392212,2.229384
0.392456,2.334067
0.392700,2.321284
0.392944,2.380543
0.393188,2.501307
0.393433,2.538365
0.393677,2.471180
0.393921,2.454775
0.394165,2.532621
0.394409,2.369327
0.394653,2.308148
0.394897,2.383904
0.395142,2.438699
0.395386,2.387652
0.395630,2.475797
0.395874,2.571308
0.396118,2.519346
0.396362,2.493268
0.396606,2.461959
0.396851,2.456406
0.397095,2.271492
0.397339,2.293573
0.397583,2.360074
0.397827,2.342510
0.398071,2.295715
0.398315,2.432932
0.398560,2.469386
0.398804,2.392194
0.399048,2.342142
0.399292,2.333838
0.399536,2.271340
0.399780,2.109756
0.400024,2.192587
0.400269,2.183658
0.400513,2.155263
0.400757,2.171434
0.401001,2.313985
0.401245,2.295234
0.401489,2.191893
0.401733,2.169899
0.401978,2.185171
0.402222,2.034902
0.402466,1.978972
0.402710,2.022489
0.402954,2.040026
0.403198,2.007202
0.403442,2.078092
0.403687,2.209944
0.403931,2.107377
0.404175,2.078005
0.404419,2.062944
0.404663,2.079748
0.404907,1.891644
0.405151,1.910791
0.405396,1.952842
0.405640,1.985420
0.405884,1.952016
0.406128,2.099930
0.406372,2.145533
0.406616,2.085099
0.406860,2.041508
0.407104,2.111041
0.407349,2.027675
0.407593,1.911774
0.407837,1.930742
0.408081,2.030796
0.408325,2.016240
0.408569,2.052601
0.408813,2.175331
0.409058,2.225620
0.409302,2.143110
0.409546,2.170246
0.409790,2.190096
0.410034,2.112425
0.410278,1.998719
0.410522,2.088067
0.410767,2.150068
0.411011,2.148707
0.411255,2.190457
0.411499,2.332860
0.411743,2.333673
0.411987,2.286218
0.412231,2.298948
0.412476,2.330712
0.412720,2.194944
0.412964,2.137739
0.413208,2.222241
0.413452,2.285539
0.413696,2.249061
0.413940,2.328436
0.414185,2.439851
0.414429,2.433552
0.414673,2.349901
0.414917,2.411906
0.415161,2.366700
0.415405,2.252567
0.415649,2.175233
0.415894,2.305362
0.416138,2.280967
0.416382,2.303794
0.416626,2.321735
0.416870,2.472175
0.417114,2.375189
0.417358,2.346013
0.417603,2.347477
0.417847,2.319766
0.418091,2.152196
0.418335,2.112187
0.418579,2.206640
0.418823,2.181339
0.419067,2.168157
0.419312,2.222067
0.419556,2.312283
0.419800,2.220734
0.420044,2.168120
0.420288,2.173850
0.420532,2.122441
0.420776,1.934299
0.421021,1.927219
0.421265,1.951834
0.421509,1.986477
0.421753,1.897461
0.421997,2.017195
0.422241,2.050868
0.422485,1.956157
0.422729,1.902226
0.422974,1.905531
0.423218,1.847539
0.423462,1.667114
0.423706,1.643597
0.423950,1.690216
0.424194,1.692217
0.424438,1.620435
0.424683,1.769977
0.424927,1.762642
0.425171,1.704187
0.425415,1.624660
0.425659,1.641257
0.425903,1.593819
0.426147,1.425968
0.426392,1.410039
0.426636,1.458469
0.426880,1.456338
0.427124,1.406143
0.427368,1.562782
0.427612,1.583541
0.427856,1.521034
0.428101,1.461190
0.428345,1.468442
0.428589,1.443735
0.428833,1.301085
0.429077,1.305655
0.429321,1.347043
0.429565,1.380117
0.429810,1.314839
0.430054,1.474103
0.430298,1.563479
0.430542,1.488930
0.430786,1.450189
0.431030,1.476135
0.431274,1.450644
0.431519,1.303613
0.431763,1.362243
0.432007,1.415482
0.432251,1.430702
0.432495,1.427129
0.432739,1.530232
0.432983,1.660171
0.433228,1.613939
0.433472,1.607075
0.433716,1.605496
0.433960,1.617228
0.434204,1.496845
0.434448,1.471982
0.434692,1.601146
0.434937,1.628873
0.435181,1.647388
0.435425,1.697838
0.435669,1.860241
0.435913,1.841583
0.436157,1.784137
0.436401,1.854409
0.436646,1.838887
0.436890,1.763768
0.437134,1.673887
0.437378,1.798727
0.437622,1.862072
0.437866,1.830771
0.438110,1.948727
0.438354,2.054504
0.438599,2.089987
0.438843,1.987854
0.439087,2.011930
0.439331,2.063009
0.439575,1.952602
0.439819,1.916292
0.440063,1.948275
0.440308,2.024645
0.440552,1.997843
0.440796,2.049300
0.441040,2.214632
0.441284,2.201195
0.441528,2.167799
0.441772,2.144915
0.442017,2.147254
0.442261,2.068285
0.442505,1.955148
0.442749,2.056460
0.442993,2.092144
0.443237,2.052436
0.443481,2.081757
0.443726,2.191312
0.443970,2.272707
0.444214,2.145637
0.444458,2.131679
0.444702,2.188163
0.444946,2.084742
0.445190,1.981429
0.445435,1.947446
0.445679,2.031191
0.445923,2.028778
0.446167,2.004527
0.446411,2.154727
0.446655,2.181565
0.446899,2.105301
0.447144,2.059506
0.447388,2.071537
0.447632,2.064516
0.447876,1.895505
0.448120,1.864564
0.448364,1.958393
0.448608,1.930190
0.448853,1.931745
0.449097,1.993184
0.449341,2.094373
0.449585,2.079187
0.449829,1.970625
0.450073,2.028278
0.450317,2.016336
0.450562,1.864703
0.450806,1.809240
0.451050,1.844959
0.451294,1.921296
0.451538,1.905802
0.451782,1.930951
0.452026,2.098022
0.452271,2.085156
0.452515,1.988080
0.452759,2.003597
0.453003,2.012671
0.453247,1.977108
0.453491,1.884700
0.453735,1.909111
0.453979,2.019059
0.454224,1.960244
0.454468,1.972564
0.454712,2.132093
0.454956,2.202333
0.455200,2.193143
0.455444,2.161883
0.455688,2.195469
0.455933,2.198626
0.456177,2.050208
0.456421,2.045689
0.456665,2.178100
0.456909,2.187942
0.457153,2.216376
0.457397,2.331340
0.457642,2.451126
0.457886,2.483484
0.458130,2.397383
0.458374,2.428437
0.458618,2.491302
0.458862,2.374705
0.459106,2.333629
0.459351,2.438846
0.459595,2.493716
0.459839,2.513985
0.460083,2.565074
0.460327,2.704239
0.460571,2.816786
0.460815,2.748161
0.461060,2.739732
0.461304,2.828858
0.461548,2.750119
0.461792,2.645287
0.462036,2.683138
0.462280,2.758380
0.462524,2.808343
0.462769,2.823842
0.463013,2.921246
0.463257,3.084548
0.463501,3.057368
0.463745,2.973879
0.463989,3.047065
0.464233,3.045932
0.464478,2.929409
0.464722,2.907361
0.464966,2.967224
0.465210,3.025149
0.465454,3.022415
0.465698,3.025277
0.465942,3.159525
0.466187,3.220981
0.466431,3.110333
0.466675,3.110331
0.466919,3.175643
0.467163,3.079820
0.467407,2.972976
0.467651,2.983279
0.467896,3.026942
0.468140,3.041169
0.468384,3.022083
0.468628,3.088456
0.468872,3.225477
0.469116,3.191325
0.469360,3.080975
0.469604,3.120362
0.469849,3.106178
0.470093,2.940772
0.470337,2.872637
0.470581,2.922188
0.470825,2.941386
0.471069,2.928346
0.471313,2.942619
0.471558,3.031105
0.471802,3.090536
0.472046,2.985301
0.472290,2.898162
0.472534,2.943767
0.472778,2.871939
0.473022,2.698318
0.473267,2.698642
0.473511,2.774875
0.473755,2.739430
0.473999,2.710707
0.474243,2.772704
0.474487,2.834826
0.474731,2.816342
0.474976,2.724745
0.475220,2.685466
0.475464,2.710690
0.475708,2.615194
0.475952,2.467105
0.476196,2.505249
0.476440,2.583006
0.476685,2.509195
0.476929,2.496174
0.477173,2.632044
0.477417,2.680535
0.477661,2.612760
0.477905,2.586024
0.478149,2.597519
0.478394,2.559984
0.478638,2.454580
0.478882,2.371740
0.479126,2.407698
0.479370,2.463733
0.479614,2.414346
0.479858,2.420743
0.480103,2.573783
0.480347,2.620680
0.480591,2.512126
0.480835,2.504766
0.481079,2.569284
0.481323,2.479155
0.481567,2.351804
0.481812,2.376411
0.482056,2.447534
0.482300,2.442569
0.482544,2.449515
0.482788,2.535899
0.483032,2.633230
0.483276,2.645415
0.483521,2.578187
0.483765,2.557028
0.484009,2.591704
0.484253,2.528109
0.484497,2.406807
0.484741,2.448639
0.484985,2.569682
0.485229,2.550370
0.485474,2.522527
0.485718,2.662669
0.485962,2.769203
0.486206,2.692523
0.486450,2.644516
0.486694,2.707486
0.486938,2.690096
0.487183,2.559704
0.487427,2.515887
0.487671,2.578316
0.487915,2.614420
0.488159,2.607119
0.488403,2.654736
0.488647,2.757895
0.488892,2.819354
0.489136,2.772941
0.489380,2.708686
0.489624,2.710323
0.489868,2.691422
0.490112,2.571225
0.490356,2.500881
0.490601,2.594795
0.490845,2.664568
0.491089,2.604858
0.491333,2.609122
0.491577,2.742065
0.491821,2.770615
0.492065,2.647257
0.492310,2.613389
0.492554,2.669208
0.492798,2.582398
0.493042,2.413055
0.493286,2.401890
0.493530,2.487732
0.493774,2.469171
0.494019,2.421233
0.494263,2.497259
0.494507,2.581159
0.494751,2.521445
0.494995,2.425776
0.495239,2.423748
0.495483,2.416457
0.495728,2.297837
0.495972,2.172185
0.496216,2.158839
0.496460,2.196233
0.496704,2.185935
0.496948,2.164854
0.497192,2.204418
0.497437,2.252926
0.497681,2.219437
0.497925,2.137920
0.498169,2.098415
0.498413,2.071964
0.498657,1.968171
0.498901,1.838593
0.499146,1.819904
0.499390,1.883365
0.499634,1.879074
0.499878,1.818739
0.500122,1.850364
0.500366,1.949313
0.500610,1.934035
0.500854,1.807084
0.501099,1.748430
0.501343,1.759314
0.501587,1.676161
0.501831,1.533401
0.502075,1.519158
0.502319,1.596220
0.502563,1.587040
0.502808,1.546028
0.503052,1.623135
0.503296,1.719925
0.503540,1.670750
0.503784,1.567822
0.504028,1.566628
0.504272,1.577726
0.504517,1.459036
0.504761,1.328932
0.505005,1.369463
0.505249,1.467794
0.505493,1.435150
0.505737,1.397162
0.505981,1.522651
0.506226,1.648049
0.506470,1.591783
0.506714,1.493175
0.506958,1.522507
0.507202,1.560307
0.507446,1.441846
0.507690,1.312296
0.507935,1.373328
0.508179,1.481751
0.508423,1.455861
0.508667,1.436627
0.508911,1.566544
0.509155,1.702666
0.509399,1.675925
0.509644,1.594552
0.509888,1.630737
0.510132,1.670675
0.510376,1.575432
0.510620,1.475555
0.510864,1.510107
0.511108,1.607576
0.511353,1.624573
0.511597,1.611512
0.511841,1.708094
0.512085,1.838046
0.512329,1.860728
0.512573,1.795600
0.512817,1.784106
0.513062,1.840619
0.513306,1.799012
0.513550,1.689201
0.513794,1.694085
0.514038,1.801755
0.514282,1.835143
0.514526,1.807329
0.514771,1.896230
0.515015,2.018106
0.515259,2.019992
0.515503,1.966518
0.515747,1.974949
0.515991,1.985789
0.516235,1.921439
0.516479,1.862031
0.516724,1.863403
0.516968,1.923741
0.517212,1.956231
0.517456,1.955210
0.517700,2.025457
0.517944,2.142615
0.518188,2.132552
0.518433,2.041691
0.518677,2.072554
0.518921,2.089042
0.519165,1.976747
0.519409,1.868082
0.519653,1.898191
0.519897,1.957600
0.520142,1.966926
0.520386,1.926869
0.520630,1.988906
0.520874,2.143709
0.521118,2.155849
0.521362,2.021784
0.521606,2.011179
0.521851,2.066121
0.522095,1.995650
0.522339,1.846996
0.522583,1.785258
0.522827,1.854715
0.523071,1.917646
0.523315,1.847273
0.523560,1.847832
0.523804,1.973195
0.524048,2.018568
0.524292,1.953244
0.524536,1.894867
0.524780,1.881530
0.525024,1.873596
0.525269,1.756032
0.525513,1.685462
0.525757,1.741063
0.526001,1.755540
0.526245,1.722396
0.526489,1.765037
0.526733,1.846961
0.526978,1.912563
0.527222,1.824584
0.527466,1.749119
0.527710,1.815631
0.527954,1.780347
0.528198,1.645409
0.528442,1.545574
0.528687,1.588727
0.528931,1.696880
0.529175,1.663097
0.529419,1.622372
0.529663,1.733062
0.529907,1.843588
0.530151,1.851651
0.530396,1.763112
0.530640,1.745733
0.530884,1.782826
0.531128,1.700253
0.531372,1.624661
0.531616,1.621743
0.531860,1.691803
0.532104,1.701919
0.532349,1.674509
0.532593,1.796358
0.532837,1.906200
0.533081,1.921325
0.533325,1.833560
0.533569,1.828280
0.533813,1.923588
0.534058,1.866321
0.534302,1.760071
0.534546,1.713453
0.534790,1.826670
0.535034,1.914576
0.535278,1.894711
0.535522,1.950390
0.535767,2.061295
0.536011,2.162122
0.536255,2.119684
0.536499,2.114775
0.536743,2.154154
0.536987,2.142750
0.537231,2.047931
0.537476,1.987054
0.537720,2.103433
0.537964,2.171317
0.538208,2.167952
0.538452,2.148024
0.538696,2.294866
0.538940,2.427439
0.539185,2.436662
0.539429,2.366060
0.539673,2.368087
0.539917,2.428474
0.540161,2.353944
0.540405,2.307670
0.540649,2.313344
0.540894,2.422083
0.541138,2.416806
0.541382,2.426091
0.541626,2.511898
0.541870,2.684093
0.542114,2.711344
0.542358,2.625404
0.542603,2.599101
0.542847,2.664035
0.543091,2.656145
0.543335,2.547849
0.543579,2.499102
0.543823,2.548585
0.544067,2.607439
0.544312,2.584823
0.544556,2.633170
0.544800,2.740384
0.545044,2.832507
0.545288,2.736900
0.545532,2.683558
0.545776,2.697725
0.546021,2.753078
0.546265,2.624804
0.546509,2.523445
0.546753,2.509665
0.546997,2.600913
0.547241,2.585709
0.547485,2.590066
0.547729,2.650867
0.547974,2.761575
0.548218,2.726058
0.548462,2.645214
0.548706,2.615670
0.548950,2.667510
0.549194,2.603244
0.549438,2.464487
0.549683,2.378830
0.549927,2.434107
0.550171,2.469948
0.550415,2.442866
0.550659,2.450304
0.550903,2.538552
0.551147,2.583292
0.551392,2.487218
0.551636,2.414263
0.551880,2.417340
0.552124,2.436801
0.552368,2.294595
0.552612,2.169625
0.552856,2.134924
0.553101,2.207802
0.553345,2.186560
0.553589,2.161563
0.553833,2.215038
0.554077,2.306453
0.554321,2.283940
0.554565,2.158502
0.554810,2.135838
0.555054,2.145317
0.555298,2.125222
0.555542,1.959924
0.555786,1.899222
0.556030,1.918821
0.556274,1.954927
0.556519,1.915801
0.556763,1.924387
0.557007,2.052323
0.557251,2.100935
0.557495,2.047516
0.557739,1.926901
0.557983,1.947989
0.558228,1.957724
0.558472,1.871267
0.558716,1.768020
0.558960,1.747880
0.559204,1.836043
0.559448,1.800106
0.559692,1.774798
0.559937,1.821980
0.560181,1.963436
0.560425,2.014234
0.560669,1.917676
0.560913,1.875818
0.561157,1.878835
0.561401,1.853137
0.561646,1.745979
0.561890,1.668994
0.562134,1.765502
0.562378,1.809566
0.562622,1.794703
0.562866,1.756772
0.563110,1.839573
0.563354,1.972459
0.563599,1.951452
0.563843,1.907196
0.564087,1.902439
0.564331,1.927573
0.564575,1.864656
0.564819,1.711318
0.565063,1.694677
0.565308,1.789985
0.565552,1.836573
0.565796,1.839804
0.566040,1.844876
0.566284,1.971682
0.566528,2.036214
0.566772,1.954829
0.567017,1.915040
0.567261,1.933390
0.567505,1.972467
0.567749,1.900370
0.567993,1.773572
0.568237,1.792452
0.568481,1.862185
0.568726,1.841952
0.568970,1.829341
0.569214,1.887570
0.569458,2.023340
0.569702,2.090647
0.569946,1.988313
0.570190,1.946759
0.570435,1.966550
0.570679,1.915644
0.570923,1.808566
0.571167,1.719451
0.571411,1.766435
0.571655,1.861004
0.571899,1.833033
0.572144,1.789941
0.572388,1.875814
0.572632,1.951888
0.572876,1.928889
0.573120,1.855069
0.573364,1.809235
0.573608,1.855657
0.573853,1.814452
0.574097,1.648443
0.574341,1.581989
0.574585,1.623217
0.574829,1.630426
0.575073,1.584988
0.575317,1.577699
0.575562,1.658461
0.575806,1.756189
0.576050,1.720442
0.576294,1.592814
0.576538,1.576240
0.576782,1.577363
0.577026,1.446880
0.577271,1.306418
0.577515,1.267750
0.577759,1.313550
0.578003,1.342360
0.578247,1.296569
0.578491,1.276631
0.578735,1.359761
0.578979,1.413528
0.579224,1.303881
0.579468,1.188499
0.579712,1.200541
0.579956,1.184937
0.580200,1.066660
0.580444,0.953959
0.580688,0.927254
0.580933,0.965658
0.581177,0.959357
0.581421,0.887474
0.581665,0.874178
0.581909,0.965499
0.582153,1.015445
0.582397,0.918947
0.582642,0.833680
0.582886,0.869198
0.583130,0.853020
0.583374,0.706468
0.583618,0.584710
0.583862,0.579756
0.584106,0.614348
0.584351,0.591566
0.584595,0.551258
0.584839,0.594789
0.585083,0.695936
0.585327,0.738346
0.585571,0.672143
0.585815,0.591271
0.586060,0.598705
0.586304,0.592559
0.586548,0.454854
0.586792,0.323077
0.587036,0.348998
0.587280,0.432401
0.587524,0.422546
0.587769,0.380695
0.588013,0.460431
0.588257,0.601952
0.588501,0.612629
0.588745,0.516921
0.588989,0.484420
0.589233,0.512075
0.589478,0.470884
0.589722,0.350364
0.589966,0.279526
0.590210,0.332346
0.590454,0.409765
0.590698,0.413399
0.590942,0.416472
0.591187,0.507304
0.591431,0.617659
0.591675,0.637836
0.591919,0.576085
0.592163,0.535237
0.592407,0.554782
0.592651,0.541415
0.592896,0.445530
0.593140,0.382171
0.593384,0.437578
0.593628,0.524915
0.593872,0.549118
0.594116,0.556180
0.594360,0.633332
0.594604,0.750396
0.594849,0.786147
0.595093,0.721337
0.595337,0.679300
0.595581,0.708908
0.595825,0.702225
0.596069,0.611082
0.596313,0.551149
0.596558,0.605143
0.596802,0.690024
0.597046,0.711016
0.597290,0.716668
0.597534,0.796690
0.597778,0.912963
0.598022,0.944613
0.598267,0.881544
0.598511,0.848897
0.598755,0.880454
0.598999,0.852633
0.599243,0.739507
0.599487,0.678064
0.599731,0.732605
0.599976,0.807484
0.600220,0.808303
0.600464,0.802309
0.600708,0.895041
0.600952,1.023047
0.601196,1.043442
0.601440,0.955004
0.601685,0.911630
0.601929,0.956443
0.602173,0.945608
0.602417,0.808617
0.602661,0.692381
0.602905,0.724534
0.603149,0.811648
0.603394,0.815398
0.603638,0.777468
0.603882,0.829528
0.604126,0.945997
0.604370,0.991992
0.604614,0.928045
0.604858,0.874478
0.605103,0.880609
0.605347,0.862342
0.605591,0.743578
0.605835,0.632603
0.606079,0.637596
0.606323,0.700192
0.606567,0.680741
0.606812,0.615856
0.607056,0.648083
0.607300,0.772927
0.607544,0.825785
0.607788,0.742944
0.608032,0.661990
0.608276,0.672942
0.608521,0.681439
0.608765,0.590594
0.609009,0.478952
0.609253,0.471792
0.609497,0.528574
0.609741,0.523986
0.609985,0.477025
0.610229,0.504462
0.610474,0.617060
0.610718,0.672050
0.610962,0.596695
0.611206,0.508608
0.611450,0.504173
0.611694,0.515674
0.611938,0.441886
0.612183,0.328676
0.612427,0.308827
0.612671,0.378153
0.612915,0.407099
0.613159,0.371627
0.613403,0.390438
0.613647,0.513137
0.613892,0.616331
0.614136,0.592323
0.614380,0.515422
0.614624,0.503998
0.614868,0.524990
0.615112,0.468191
0.615356,0.352751
0.615601,0.311477
0.615845,0.379953
0.616089,0.439860
0.616333,0.415693
0.616577,0.397596
0.616821,0.480700
0.617065,0.592513
0.617310,0.604469
0.617554,0.540698
0.617798,0.528680
0.618042,0.580023
0.618286,0.571882
0.618530,0.466506
0.618774,0.395202
0.619019,0.453401
0.619263,0.547909
0.619507,0.565246
0.619751,0.566369
0.619995,0.667638
0.620239,0.818546
0.620483,0.870058
0.620728,0.816065
0.620972,0.788762
0.621216,0.832640
0.621460,0.843806
0.621704,0.762554
0.621948,0.685350
0.622192,0.722844
0.622437,0.826963
0.622681,0.867555
0.622925,0.848782
0.623169,0.901075
0.623413,1.040271
0.623657,1.117454
0.623901,1.066806
0.624146,1.010106
0.624390,1.041090
0.624634,1.078521
0.624878,1.021131
0.625122,0.921528
0.625366,0.915336
0.625610,1.015695
0.625854,1.086501
0.626099,1.066973
0.626343,1.079794
0.626587,1.202527
0.626831,1.317334
0.627075,1.311555
0.627319,1.247226
0.627563,1.242289
0.627808,1.290437
0.628052,1.275319
0.628296,1.170859
0.628540,1.118187
0.628784,1.191327
0.629028,1.271524
0.629272,1.268218
0.629517,1.256551
0.629761,1.333605
0.630005,1.458901
0.630249,1.489586
0.630493,1.404107
0.630737,1.349402
0.630981,1.376951
0.631226,1.368209
0.631470,1.260284
0.631714,1.143003
0.631958,1.137025
0.632202,1.212034
0.632446,1.223292
0.632690,1.176741
0.632935,1.202678
0.633179,1.309897
0.633423,1.379152
0.633667,1.327049
0.633911,1.238353
0.634155,1.238764
0.634399,1.259905
0.634644,1.183784
0.634888,1.049638
0.635132,0.985470
0.635376,1.038266
0.635620,1.080150
0.635864,1.031730
0.636108,1.001750
0.636353,1.066035
0.636597,1.155289
0.636841,1.138626
0.637085,1.026394
0.637329,0.970388
0.637573,0.980499
0.637817,0.944367
0.638062,0.811910
0.638306,0.686599
0.638550,0.692617
0.638794,0.747870
0.639038,0.738663
0.639282,0.686575
0.639526,0.704084
0.639771,0.812122
0.640015,0.855738
0.640259,0.782705
0.640503,0.691318
0.640747,0.680595
0.640991,0.693759
0.641235,0.600342
0.641479,0.461260
0.641724,0.403677
0.641968,0.456864
0.642212,0.487949
0.642456,0.434552
0.642700,0.409489
0.642944,0.480317
0.643188,0.582338
0.643433,0.568746
0.643677,0.477289
0.643921,0.431701
0.644165,0.457773
0.644409,0.438555
0.644653,0.313792
0.644897,0.218470
0.645142,0.236536
0.645386,0.318175
0.645630,0.322645
0.645874,0.283986
0.646118,0.314437
0.646362,0.430866
0.646606,0.492477
0.646851,0.432907
0.647095,0.356319
0.647339,0.353024
0.647583,0.383121
0.647827,0.312042
0.648071,0.191989
0.648315,0.140654
0.648560,0.211905
0.648804,0.268147
0.649048,0.247487
0.649292,0.229311
0.649536,0.319100
0.649780,0.437169
0.650024,0.461186
0.650269,0.386482
0.650513,0.350312
0.650757,0.386395
0.651001,0.392683
0.651245,0.291177
0.651489,0.190485
0.651733,0.200322
0.651978,0.285092
0.652222,0.313047
0.652466,0.279371
0.652710,0.302617
0.652954,0.423422
0.653198,0.515941
0.653442,0.490778
0.653687,0.412631
0.653931,0.408653
0.654175,0.443362
0.654419,0.403437
0.654663,0.277488
0.654907,0.205169
0.655151,0.249602
0.655396,0.319330
0.655640,0.305356
0.655884,0.273285
0.656128,0.326809
0.656372,0.450783
0.656616,0.492059
0.656860,0.428427
0.657104,0.355498
0.657349,0.375665
0.657593,0.382640
0.657837,0.303951
0.658081,0.169982
0.658325,0.138817
0.658569,0.204891
0.658813,0.249941
0.659058,0.217806
0.659302,0.203151
0.659546,0.292205
0.659790,0.396211
0.660034,0.394760
0.660278,0.295945
0.660522,0.244715
0.660767,0.254038
0.661011,0.230316
0.661255,0.106210
0.661499,-0.015453
0.661743,-0.013377
0.661987,0.056154
0.662231,0.074454
0.662476,0.021683
0.662720,0.028886
0.662964,0.115662
0.663208,0.175484
0.663452,0.112143
0.663696,-0.009791
0.663940,-0.058151
0.664185,-0.059558
0.664429,-0.118850
0.664673,-0.268650
0.664917,-0.372098
0.665161,-0.356080
0.665405,-0.312585
0.665649,-0.341734
0.665894,-0.414473
0.666138,-0.392348
0.666382,-0.295492
0.666626,-0.251820
0.666870,-0.319189
0.667114,-0.413293
0.667358,-0.422239
0.667603,-0.426464
0.667847,-0.525468
0.668091,-0.683177
0.668335,-0.771638
0.668579,-0.730451
0.668823,-0.687967
0.669067,-0.724559
0.669312,-0.768238
0.669556,-0.729346
0.669800,-0.638187
0.670044,-0.640303
0.670288,-0.745375
0.670532,-0.825778
0.670776,-0.830852
0.671021,-0.833774
0.671265,-0.941605
0.671509,-1.099312
0.671753,-1.157103
0.671997,-1.117193
0.672241,-1.087466
0.672485,-1.121238
0.672729,-1.138554
0.672974,-1.048755
0.673218,-0.943199
0.673462,-0.950921
0.673706,-1.041110
0.673950,-1.096663
0.674194,-1.070586
0.674438,-1.069027
0.674683,-1.185440
0.674927,-1.321563
0.675171,-1.353046
0.675415,-1.304923
0.675659,-1.280523
0.675903,-1.316931
0.676147,-1.317828
0.676392,-1.216528
0.676636,-1.121672
0.676880,-1.140133
0.677124,-1.214366
0.677368,-1.231806
0.677612,-1.182102
0.677856,-1.179670
0.678101,-1.293665
0.678345,-1.407078
0.678589,-1.391153
0.678833,-1.302150
0.679077,-1.265289
0.679321,-1.292121
0.679565,-1.284886
0.679810,-1.185366
0.680054,-1.083029
0.680298,-1.090321
0.680542,-1.157470
0.680786,-1.168146
0.681030,-1.136849
0.681274,-1.163246
0.681519,-1.261080
0.681763,-1.328929
0.682007,-1.284460
0.682251,-1.189679
0.682495,-1.165486
0.682739,-1.192656
0.682983,-1.139132
0.683228,-0.991245
0.683472,-0.890598
0.683716,-0.922368
0.683960,-1.003118
0.684204,-1.012147
0.684448,-0.963576
0.684692,-0.980958
0.684937,-1.102640
0.685181,-1.197523
0.685425,-1.149298
0.685669,-1.034619
0.685913,-0.996064
0.686157,-1.019547
0.686401,-0.977224
0.686646,-0.842621
0.686890,-0.736161
0.687134,-0.753378
0.687378,-0.838058
0.687622,-0.869206
0.687866,-0.838438
0.688110,-0.857424
0.688354,-0.971082
0.688599,-1.065792
0.688843,-1.031777
0.689087,-0.928705
0.689331,-0.887953
0.689575,-0.908409
0.689819,-0.874101
0.690063,-0.753506
0.690308,-0.661217
0.690552,-0.690706
0.690796,-0.784272
0.691040,-0.824781
0.691284,-0.807289
0.691528,-0.835653
0.691772,-0.950426
0.692017,-1.047982
0.692261,-1.022722
0.692505,-0.924639
0.692749,-0.887521
0.692993,-0.924766
0.693237,-0.913289
0.693481,-0.801164
0.693726,-0.711599
0.693970,-0.762450
0.694214,-0.882979
0.694458,-0.923990
0.694702,-0.888964
0.694946,-0.919189
0.695190,-1.055578
0.695435,-1.156492
0.695679,-1.111511
0.695923,-1.014392
0.696167,-1.013726
0.696411,-1.078238
0.696655,-1.059716
0.696899,-0.947368
0.697144,-0.889940
0.697388,-0.959927
0.697632,-1.056128
0.697876,-1.072261
0.698120,-1.048786
0.698364,-1.092355
0.698608,-1.204285
0.698853,-1.280099
0.699097,-1.264295
0.699341,-1.211036
0.699585,-1.200747
0.699829,-1.242913
0.700073,-1.253962
0.700317,-1.177891
0.700562,-1.091910
0.700806,-1.107058
0.701050,-1.204633
0.701294,-1.244198
0.701538,-1.190442
0.701782,-1.190708
0.702026,-1.315599
0.702271,-1.434678
0.702515,-1.419552
0.702759,-1.343712
0.703003,-1.345109
0.703247,-1.394263
0.703491,-1.381297
0.703735,-1.282517
0.703979,-1.187703
0.704224,-1.173347
0.704468,-1.231050
0.704712,-1.279320
0.704956,-1.254448
0.705200,-1.236416
0.705444,-1.326804
0.705688,-1.463036
0.705933,-1.474745
0.706177,-1.381972
0.706421,-1.338502
0.706665,-1.370567
0.706909,-1.345594
0.707153,-1.231532
0.707397,-1.119039
0.707642,-1.093779
0.707886,-1.143195
0.708130,-1.199003
0.708374,-1.185131
0.708618,-1.153705
0.708862,-1.215763
0.709106,-1.337360
0.709351,-1.338459
0.709595,-1.218484
0.709839,-1.144439
0.710083,-1.156846
0.710327,-1.150388
0.710571,-1.077940
0.710815,-0.976746
0.711060,-0.912498
0.711304,-0.948828
0.711548,-1.002271
0.711792,-0.953609
0.712036,-0.875113
0.712280,-0.919641
0.712524,-1.032715
0.712769,-1.053083
0.713013,-0.994160
0.713257,-0.933090
0.713501,-0.909601
0.713745,-0.924274
0.713989,-0.870230
0.714233,-0.707522
0.714478,-0.592448
0.714722,-0.623214
0.714966,-0.669847
0.715210,-0.644031
0.715454,-0.623954
0.715698,-0.661639
0.715942,-0.756138
0.716187,-0.834930
0.716431,-0.779621
0.716675,-0.640992
0.716919,-0.602630
0.717163,-0.624870
0.717407,-0.571584
0.717651,-0.469923
0.717896,-0.394470
0.718140,-0.394479
0.718384,-0.475738
0.718628,-0.499065
0.718872,-0.416447
0.719116,-0.400372
0.719360,-0.490528
0.719604,-0.561434
0.719849,-0.569285
0.720093,-0.515553
0.720337,-0.472710
0.720581,-0.521714
0.720825,-0.531190
0.721069,-0.396381
0.721313,-0.271704
0.721558,-0.246143
0.721802,-0.297356
0.722046,-0.373840
0.722290,-0.373613
0.722534,-0.353380
0.722778,-0.457248
0.723022,-0.575748
0.723267,-0.587425
0.723511,-0.532614
0.723755,-0.454637
0.723999,-0.461714
0.724243,-0.528990
0.724487,-0.483375
0.724731,-0.386482
0.724976,-0.364675
0.725220,-0.402229
0.725464,-0.474843
0.725708,-0.486161
0.725952,-0.440810
0.726196,-0.514889
0.726440,-0.659931
0.726685,-0.739095
0.726929,-0.742046
0.727173,-0.672582
0.727417,-0.662304
0.727661,-0.731285
0.727905,-0.703320
0.728149,-0.616431
0.728394,-0.566232
0.728638,-0.590918
0.728882,-0.708425
0.729126,-0.747305
0.729370,-0.704036
0.729614,-0.745009
0.729858,-0.853573
0.730103,-0.993370
0.730347,-1.045636
0.730591,-0.971287
0.730835,-0.962232
0.731079,-0.998635
0.731323,-1.000510
0.731567,-0.949368
0.731812,-0.834553
0.732056,-0.845970
0.732300,-0.969679
0.732544,-1.039547
0.732788,-1.054916
0.733032,-1.016374
0.733276,-1.070505
0.733521,-1.215838
0.733765,-1.267959
0.734009,-1.264758
0.734253,-1.231142
0.734497,-1.255645
0.734741,-1.327915
0.734985,-1.261395
0.735229,-1.144529
0.735474,-1.064406
0.735718,-1.101386
0.735962,-1.236339
0.736206,-1.264053
0.736450,-1.261340
0.736694,-1.289859
0.736938,-1.378080
0.737183,-1.490901
0.737427,-1.456248
0.737671,-1.401666
0.737915,-1.391843
0.738159,-1.435468
0.738403,-1.471428
0.738647,-1.353473
0.738892,-1.251185
0.739136,-1.225299
0.739380,-1.295863
0.739624,-1.378477
0.739868,-1.343758
0.740112,-1.349859
0.740356,-1.398830
0.740601,-1.508795
0.740845,-1.564361
0.741089,-1.498323
0.741333,-1.470789
0.741577,-1.462760
0.741821,-1.503906
0.742065,-1.440161
0.742310,-1.295646
0.742554,-1.224791
0.742798,-1.240783
0.743042,-1.363270
0.743286,-1.380729
0.743530,-1.354248
0.743774,-1.348297
0.744019,-1.412887
0.744263,-1.511912
0.744507,-1.478483
0.744751,-1.436090
0.744995,-1.400092
0.745239,-1.455166
0.745483,-1.448547
0.745728,-1.321492
0.745972,-1.196102
0.746216,-1.141929
0.746460,-1.246664
0.746704,-1.295929
0.746948,-1.304556
0.747192,-1.266551
0.747437,-1.313776
0.747681,-1.422857
0.747925,-1.462558
0.748169,-1.444443
0.748413,-1.358004
0.748657,-1.377932
0.748901,-1.381043
0.749146,-1.357370
0.749390,-1.230952
0.749634,-1.155027
0.749878,-1.200216
0.750122,-1.277344
0.750366,-1.309602
0.750610,-1.232462
0.750854,-1.256416
0.751099,-1.345586
0.751343,-1.504572
0.751587,-1.523408
0.751831,-1.477339
0.752075,-1.409118
0.752319,-1.411614
0.752563,-1.426036
0.752808,-1.368441
0.753052,-1.301586
0.753296,-1.265080
0.753540,-1.361697
0.753784,-1.406772
0.754028,-1.416096
0.754272,-1.360137
0.754517,-1.452991
0.754761,-1.587380
0.755005,-1.708627
0.755249,-1.674786
0.755493,-1.613156
0.755737,-1.595903
0.755981,-1.653363
0.756226,-1.684349
0.756470,-1.607529
0.756714,-1.522298
0.756958,-1.509385
0.757202,-1.623739
0.757446,-1.684078
0.757690,-1.719580
0.757935,-1.716091
0.758179,-1.829149
0.758423,-1.921144
0.758667,-1.997918
0.758911,-1.948167
0.759155,-1.958282
0.759399,-1.987943
0.759644,-2.076049
0.759888,-2.021206
0.760132,-1.920646
0.760376,-1.834126
0.760620,-1.931960
0.760864,-2.043188
0.761108,-2.123782
0.761353,-2.093099
0.761597,-2.122830
0.761841,-2.217797
0.762085,-2.373561
0.762329,-2.414807
0.762573,-2.384440
0.762817,-2.337908
0.763062,-2.394562
0.763306,-2.423943
0.763550,-2.405992
0.763794,-2.316301
0.764038,-2.302410
0.764282,-2.345018
0.764526,-2.435742
0.764771,-2.447661
0.765015,-2.467049
0.765259,-2.532804
0.765503,-2.692760
0.765747,-2.763136
0.765991,-2.752495
0.766235,-2.667405
0.766479,-2.690771
0.766724,-2.744056
0.766968,-2.802511
0.767212,-2.694435
0.767456,-2.598928
0.767700,-2.560616
0.767944,-2.682044
0.768188,-2.736590
0.768433,-2.759751
0.768677,-2.708977
0.768921,-2.789817
0.769165,-2.906488
0.769409,-3.023763
0.769653,-2.970371
0.769897,-2.902073
0.770142,-2.864153
0.770386,-2.906014
0.770630,-2.907077
0.770874,-2.840383
0.771118,-2.752334
0.771362,-2.727453
0.771606,-2.792429
0.771851,-2.806537
0.772095,-2.812729
0.772339,-2.802790
0.772583,-2.908100
0.772827,-2.985259
0.773071,-3.036282
0.773315,-2.942991
0.773560,-2.899013
0.773804,-2.892940
0.774048,-2.928397
0.774292,-2.866388
0.774536,-2.749024
0.774780,-2.665935
0.775024,-2.686070
0.775269,-2.771302
0.775513,-2.746817
0.775757,-2.705591
0.776001,-2.672492
0.776245,-2.800394
0.776489,-2.905460
0.776733,-2.936351
0.776978,-2.809933
0.777222,-2.717168
0.777466,-2.730260
0.777710,-2.763189
0.777954,-2.736465
0.778198,-2.576055
0.778442,-2.487061
0.778687,-2.480720
0.778931,-2.585407
0.779175,-2.581650
0.779419,-2.533096
0.779663,-2.509926
0.779907,-2.584110
0.780151,-2.723185
0.780396,-2.718368
0.780640,-2.642229
0.780884,-2.526607
0.781128,-2.535439
0.781372,-2.552764
0.781616,-2.516232
0.781860,-2.403726
0.782104,-2.304242
0.782349,-2.332954
0.782593,-2.358326
0.782837,-2.401090
0.783081,-2.360885
0.783325,-2.375452
0.783569,-2.462990
0.783813,-2.531202
0.784058,-2.558317
0.784302,-2.469879
0.784546,-2.425579
0.784790,-2.409028
0.785034,-2.424710
0.785278,-2.381266
0.785522,-2.273303
0.785767,-2.233605
0.786011,-2.224637
0.786255,-2.297631
0.786499,-2.295256
0.786743,-2.289190
0.786987,-2.347184
0.787231,-2.417610
0.787476,-2.516368
0.787720,-2.485608
0.787964,-2.437527
0.788208,-2.420388
0.788452,-2.417518
0.788696,-2.449263
0.788940,-2.369774
0.789185,-2.293845
0.789429,-2.249871
0.789673,-2.275660
0.789917,-2.349751
0.790161,-2.344524
0.790405,-2.363310
0.790649,-2.414931
0.790894,-2.513654
0.791138,-2.593600
0.791382,-2.563657
0.791626,-2.538117
0.791870,-2.522156
0.792114,-2.551376
0.792358,-2.572602
0.792603,-2.488385
0.792847,-2.409717
0.793091,-2.367533
0.793335,-2.418012
0.793579,-2.496404
0.793823,-2.494851
0.794067,-2.519900
0.794312,-2.564442
0.794556,-2.646749
0.794800,-2.736182
0.795044,-2.723957
0.795288,-2.699462
0.795532,-2.688744
0.795776,-2.704592
0.796021,-2.724181
0.796265,-2.636809
0.796509,-2.550722
0.796753,-2.529717
0.796997,-2.552879
0.797241,-2.639210
0.797485,-2.662877
0.797729,-2.640890
0.797974,-2.682408
0.798218,-2.747015
0.798462,-2.839479
0.798706,-2.872446
0.798950,-2.817113
0.799194,-2.799527
0.799438,-2.780843
0.799683,-2.776774
0.799927,-2.748067
0.800171,-2.624015
0.800415,-2.586138
0.800659,-2.620757
0.800903,-2.664338
0.801147,-2.718665
0.801392,-2.671052
0.801636,-2.652399
0.801880,-2.752394
0.802124,-2.846792
0.802368,-2.885879
0.802612,-2.825416
0.802856,-2.718246
0.803101,-2.708673
0.803345,-2.743181
0.803589,-2.691186
0.803833,-2.586890
0.804077,-2.483296
0.804321,-2.484300
0.804565,-2.583643
0.804810,-2.580604
0.805054,-2.519707
0.805298,-2.507778
0.805542,-2.579744
0.805786,-2.715697
0.806030,-2.726056
0.806274,-2.593542
0.806519,-2.501167
0.806763,-2.519700
0.807007,-2.552330
0.807251,-2.507551
0.807495,-2.346050
0.807739,-2.212357
0.807983,-2.255633
0.808228,-2.318035
0.808472,-2.306981
0.808716,-2.255787
0.808960,-2.233496
0.809204,-2.312147
0.809448,-2.414179
0.809692,-2.388473
0.809937,-2.281353
0.810181,-2.250784
0.810425,-2.244280
0.810669,-2.238834
0.810913,-2.176384
0.811157,-2.017952
0.811401,-1.926097
0.811646,-1.943989
0.811890,-1.966875
0.812134,-1.977066
0.812378,-1.973890
0.812622,-1.919541
0.812866,-1.949069
0.813110,-2.038162
0.813354,-2.071598
0.813599,-2.047471
0.813843,-1.972497
0.814087,-1.900319
0.814331,-1.884552
0.814575,-1.897634
0.814819,-1.793797
0.815063,-1.655443
0.815308,-1.630508
0.815552,-1.686100
0.815796,-1.728474
0.816040,-1.713571
0.816284,-1.639094
0.816528,-1.661664
0.816772,-1.826708
0.817017,-1.901225
0.817261,-1.821618
0.817505,-1.709473
0.817749,-1.703721
0.817993,-1.736261
0.818237,-1.744679
0.818481,-1.651889
0.818726,-1.506853
0.818970,-1.484196
0.819214,-1.553215
0.819458,-1.582118
0.819702,-1.572093
0.819946,-1.589167
0.820190,-1.624585
0.820435,-1.685367
0.820679,-1.767725
0.820923,-1.796547
0.821167,-1.729925
0.821411,-1.704580
0.821655,-1.713504
0.821899,-1.728652
0.822144,-1.684185
0.822388,-1.595951
0.822632,-1.505353
0.822876,-1.537283
0.823120,-1.680560
0.823364,-1.718236
0.823608,-1.640590
0.823853,-1.630462
0.824097,-1.780225
0.824341,-1.919467
0.824585,-1.943578
0.824829,-1.887035
0.825073,-1.835753
0.825317,-1.855429
0.825562,-1.908825
0.825806,-1.885345
0.826050,-1.790734
0.826294,-1.734065
0.826538,-1.773506
0.826782,-1.814313
0.827026,-1.862252
0.827271,-1.893036
0.827515,-1.931566
0.827759,-1.960230
0.828003,-2.075689
0.828247,-2.185477
0.828491,-2.180904
0.828735,-2.079011
0.828979,-2.082567
0.829224,-2.177560
0.829468,-2.194244
0.829712,-2.078781
0.829956,-1.969768
0.830200,-1.990363
0.830444,-2.087739
0.830688,-2.160035
0.830933,-2.158583
0.831177,-2.136692
0.831421,-2.186260
0.831665,-2.312454
0.831909,-2.421085
0.832153,-2.432154
0.832397,-2.385252
0.832642,-2.346880
0.832886,-2.359761
0.833130,-2.380010
0.833374,-2.377284
0.833618,-2.287384
0.833862,-2.208757
0.834106,-2.215639
0.834351,-2.335709
0.834595,-2.379333
0.834839,-2.342005
0.835083,-2.325914
0.835327,-2.462507
0.835571,-2.584447
0.835815,-2.592631
0.836060,-2.510920
0.836304,-2.505467
0.836548,-2.531104
0.836792,-2.539346
0.837036,-2.481363
0.837280,-2.419085
0.837524,-2.335161
0.837769,-2.309577
0.838013,-2.364756
0.838257,-2.464417
0.838501,-2.450388
0.838745,-2.379427
0.838989,-2.401531
0.839233,-2.569798
0.839478,-2.673317
0.839722,-2.612321
0.839966,-2.496744
0.840210,-2.490536
0.840454,-2.536190
0.840698,-2.523343
0.840942,-2.434400
0.841187,-2.346201
0.841431,-2.292806
0.841675,-2.296138
0.841919,-2.349817
0.842163,-2.397878
0.842407,-2.377183
0.842651,-2.351152
0.842896,-2.415184
0.843140,-2.532094
0.843384,-2.560926
0.843628,-2.482151
0.843872,-2.419345
0.844116,-2.428365
0.844360,-2.440392
0.844604,-2.383471
0.844849,-2.285032
0.845093,-2.206199
0.845337,-2.188466
0.845581,-2.244113
0.845825,-2.299600
0.846069,-2.276540
0.846313,-2.218337
0.846558,-2.264891
0.846802,-2.423137
0.847046,-2.497952
0.847290,-2.413000
0.847534,-2.308391
0.847778,-2.326943
0.848022,-2.385529
0.848267,-2.356541
0.848511,-2.249123
0.848755,-2.160621
0.848999,-2.122785
0.849243,-2.144530
0.849487,-2.217499
0.849731,-2.256679
0.849976,-2.220882
0.850220,-2.195590
0.850464,-2.294395
0.850708,-2.433483
0.850952,-2.460411
0.851196,-2.386225
0.851440,-2.343744
0.851685,-2.356671
0.851929,-2.360477
0.852173,-2.341241
0.852417,-2.295782
0.852661,-2.217656
0.852905,-2.165892
0.853149,-2.222576
0.853394,-2.331140
0.853638,-2.352925
0.853882,-2.310680
0.854126,-2.355806
0.854370,-2.487865
0.854614,-2.575982
0.854858,-2.567709
0.855103,-2.540626
0.855347,-2.530305
0.855591,-2.527358
0.855835,-2.540126
0.856079,-2.533542
0.856323,-2.469008
0.856567,-2.385463
0.856812,-2.424632
0.857056,-2.541918
0.857300,-2.584912
0.857544,-2.559414
0.857788,-2.584288
0.858032,-2.715082
0.858276,-2.815764
0.858521,-2.860789
0.858765,-2.868196
0.859009,-2.836189
0.859253,-2.826434
0.859497,-2.860432
0.859741,-2.912898
0.859985,-2.842005
0.860229,-2.725038
0.860474,-2.742175
0.860718,-2.847827
0.860962,-2.923883
0.861206,-2.910599
0.861450,-2.930266
0.861694,-3.004071
0.861938,-3.094098
0.862183,-3.215532
0.862427,-3.268410
0.862671,-3.219176
0.862915,-3.161501
0.863159,-3.212229
0.863403,-3.300695
0.863647,-3.247820
0.863892,-3.132801
0.864136,-3.100004
0.864380,-3.148105
0.864624,-3.222922
0.864868,-3.279680
0.865112,-3.300045
0.865356,-3.276594
0.865601,-3.328483
0.865845,-3.497834
0.866089,-3.620997
0.866333,-3.569500
0.866577,-3.479878
0.866821,-3.494073
0.867065,-3.547861
0.867310,-3.566902
0.867554,-3.532327
0.867798,-3.434741
0.868042,-3.346561
0.868286,-3.366979
0.868530,-3.508037
0.868774,-3.573631
0.869019,-3.508821
0.869263,-3.509665
0.869507,-3.601301
0.869751,-3.698275
0.869995,-3.753240
0.870239,-3.750335
0.870483,-3.699376
0.870728,-3.640857
0.870972,-3.659039
0.871216,-3.694084
0.871460,-3.597943
0.871704,-3.472829
0.871948,-3.472426
0.872192,-3.534997
0.872437,-3.563079
0.872681,-3.563876
0.872925,-3.560981
0.873169,-3.551264
0.873413,-3.616347
0.873657,-3.751714
0.873901,-3.784423
0.874146,-3.689792
0.874390,-3.608838
0.874634,-3.617029
0.874878,-3.625195
0.875122,-3.565661
0.875366,-3.504402
0.875610,-3.425923
0.875854,-3.352530
0.876099,-3.400012
0.876343,-3.464791
0.876587,-3.418857
0.876831,-3.374858
0.877075,-3.436963
0.877319,-3.534853
0.877563,-3.572139
0.877808,-3.560821
0.878052,-3.506110
0.878296,-3.411693
0.878540,-3.391666
0.878784,-3.433576
0.879028,-3.377293
0.879272,-3.240322
0.879517,-3.164918
0.879761,-3.173435
0.880005,-3.188779
0.880249,-3.188645
0.880493,-3.191052
0.880737,-3.167722
0.880981,-3.180843
0.881226,-3.302262
0.881470,-3.375194
0.881714,-3.297119
0.881958,-3.212780
0.882202,-3.192189
0.882446,-3.172531
0.882690,-3.146313
0.882935,-3.107892
0.883179,-3.007428
0.883423,-2.903815
0.883667,-2.928764
0.883911,-3.006837
0.884155,-2.976709
0.884399,-2.923454
0.884644,-2.951755
0.884888,-2.995981
0.885132,-3.064402
0.885376,-3.152279
0.885620,-3.124624
0.885864,-3.015408
0.886108,-2.995216
0.886353,-3.031062
0.886597,-2.986116
0.886841,-2.886525
0.887085,-2.814875
0.887329,-2.762540
0.887573,-2.764625
0.887817,-2.857747
0.888062,-2.897975
0.888306,-2.828575
0.888550,-2.831436
0.888794,-2.934735
0.889038,-2.995712
0.889282,-3.019248
0.889526,-3.019920
0.889771,-2.951462
0.890015,-2.914917
0.890259,-2.973669
0.890503,-2.979705
0.890747,-2.874548
0.890991,-2.785111
0.891235,-2.764189
0.891479,-2.776358
0.891724,-2.826207
0.891968,-2.870998
0.892212,-2.842560
0.892456,-2.839016
0.892700,-2.958055
0.892944,-3.071414
0.893188,-3.086753
0.893433,-3.077888
0.893677,-3.044110
0.893921,-2.989014
0.894165,-3.017084
0.894409,-3.048125
0.894653,-2.939043
0.894897,-2.827727
0.895142,-2.839238
0.895386,-2.877056
0.895630,-2.921987
0.895874,-2.989496
0.896118,-2.984728
0.896362,-2.963940
0.896606,-3.069338
0.896851,-3.196231
0.897095,-3.209285
0.897339,-3.174186
0.897583,-3.132837
0.897827,-3.086779
0.898071,-3.110074
0.898315,-3.146651
0.898560,-3.059313
0.898804,-2.940439
0.899048,-2.939153
0.899292,-2.995620
0.899536,-3.043756
0.899780,-3.092045
0.900024,-3.082895
0.900269,-3.052404
0.900513,-3.138588
0.900757,-3.270443
0.901001,-3.287208
0.901245,-3.233296
0.901489,-3.182499
0.901733,-3.134428
0.901978,-3.152755
0.902222,-3.195320
0.902466,-3.103161
0.902710,-2.956358
0.902954,-2.939836
0.903198,-3.001982
0.903442,-3.053238
0.903687,-3.089471
0.903931,-3.054898
0.904175,-3.008742
0.904419,-3.104871
0.904663,-3.241273
0.904907,-3.239911
0.905151,-3.165782
0.905396,-3.100294
0.905640,-3.049903
0.905884,-3.071794
0.906128,-3.092492
0.906372,-2.967607
0.906616,-2.812869
0.906860,-2.792025
0.907104,-2.834480
0.907349,-2.875621
0.907593,-2.901872
0.907837,-2.841514
0.908081,-2.795473
0.908325,-2.904711
0.908569,-3.017942
0.908813,-3.006690
0.909058,-2.947774
0.909302,-2.863936
0.909546,-2.806294
0.909790,-2.847178
0.910034,-2.841818
0.910278,-2.688905
0.910522,-2.555415
0.910767,-2.522503
0.911011,-2.523179
0.911255,-2.571672
0.911499,-2.583298
0.911743,-2.484409
0.911987,-2.462086
0.912231,-2.564237
0.912476,-2.622033
0.912720,-2.620446
0.912964,-2.588179
0.913208,-2.478980
0.913452,-2.420696
0.913696,-2.470422
0.913940,-2.426903
0.914185,-2.296880
0.914429,-2.210319
0.914673,-2.139157
0.914917,-2.115511
0.915161,-2.191019
0.915405,-2.196517
0.915649,-2.119859
0.915894,-2.126247
0.916138,-2.175600
0.916382,-2.220850
0.916626,-2.285410
0.916870,-2.255374
0.917114,-2.133746
0.917358,-2.100658
0.917603,-2.105915
0.917847,-2.066924
0.918091,-2.020325
0.918335,-1.911992
0.918579,-1.777103
0.918823,-1.799784
0.919067,-1.877051
0.919312,-1.866511
0.919556,-1.848458
0.919800,-1.832104
0.920044,-1.822681
0.920288,-1.938946
0.920532,-2.040282
0.920776,-1.967470
0.921021,-1.876161
0.921265,-1.844968
0.921509,-1.834402
0.921753,-1.869672
0.921997,-1.834818
0.922241,-1.661150
0.922485,-1.575012
0.922729,-1.616813
0.922974,-1.665565
0.923218,-1.719185
0.923462,-1.707268
0.923706,-1.626244
0.923950,-1.684388
0.924194,-1.839731
0.924438,-1.884522
0.924683,-1.873978
0.924927,-1.828692
0.925171,-1.754076
0.925415,-1.788457
0.925659,-1.837985
0.925903,-1.758886
0.926147,-1.668911
0.926392,-1.617939
0.926636,-1.589174
0.926880,-1.670865
0.927124,-1.746548
0.927368,-1.701100
0.927612,-1.705281
0.927856,-1.772787
0.928101,-1.830318
0.928345,-1.947245
0.928589,-2.003485
0.928833,-1.925887
0.929077,-1.892946
0.929321,-1.902465
0.929565,-1.901808
0.929810,-1.937103
0.930054,-1.880544
0.930298,-1.742486
0.930542,-1.739724
0.930786,-1.816229
0.931030,-1.869293
0.931274,-1.926144
0.931519,-1.900480
0.931763,-1.869403
0.932007,-1.999315
0.932251,-2.135801
0.932495,-2.170931
0.932739,-2.162312
0.932983,-2.078920
0.933228,-2.045322
0.933472,-2.146047
0.933716,-2.156475
0.933960,-2.054226
0.934204,-1.980814
0.934448,-1.927747
0.934692,-1.981117
0.934937,-2.109982
0.935181,-2.106696
0.935425,-2.071915
0.935669,-2.124678
0.935913,-2.180512
0.936157,-2.292867
0.936401,-2.400695
0.936646,-2.357036
0.936890,-2.312256
0.937134,-2.323653
0.937378,-2.314143
0.937622,-2.352938
0.937866,-2.339470
0.938110,-2.207464
0.938354,-2.154167
0.938599,-2.173109
0.938843,-2.204611
0.939087,-2.295541
0.939331,-2.297927
0.939575,-2.232361
0.939819,-2.295819
0.940063,-2.395246
0.940308,-2.472665
0.940552,-2.530018
0.940796,-2.438300
0.941040,-2.346217
0.941284,-2.396933
0.941528,-2.420253
0.941772,-2.397623
0.942017,-2.329269
0.942261,-2.181277
0.942505,-2.170305
0.942749,-2.283061
0.942993,-2.311686
0.943237,-2.315424
0.943481,-2.292776
0.943726,-2.266739
0.943970,-2.388113
0.944214,-2.491325
0.944458,-2.468916
0.944702,-2.445969
0.944946,-2.373208
0.945190,-2.321794
0.945435,-2.372605
0.945679,-2.339900
0.945923,-2.253792
0.946167,-2.192070
0.946411,-2.094437
0.946655,-2.106972
0.946899,-2.209146
0.947144,-2.215751
0.947388,-2.206555
0.947632,-2.191274
0.947876,-2.181361
0.948120,-2.312289
0.948364,-2.402809
0.948608,-2.336793
0.948853,-2.267117
0.949097,-2.187973
0.949341,-2.179904
0.949585,-2.255195
0.949829,-2.175658
0.950073,-2.034584
0.950317,-1.973537
0.950562,-1.948169
0.950806,-2.031942
0.951050,-2.097013
0.951294,-2.025546
0.951538,-2.011349
0.951782,-2.047900
0.952026,-2.095142
0.952271,-2.209128
0.952515,-2.206210
0.952759,-2.124592
0.953003,-2.104257
0.953247,-2.059891
0.953491,-2.074121
0.953735,-2.108916
0.953979,-2.001508
0.954224,-1.903559
0.954468,-1.862651
0.954712,-1.852108
0.954956,-1.959425
0.955200,-1.983315
0.955444,-1.904875
0.955688,-1.914335
0.955933,-1.962211
0.956177,-2.074856
0.956421,-2.192165
0.956665,-2.124108
0.956909,-2.056585
0.957153,-2.059826
0.957397,-2.055400
0.957642,-2.097845
0.957886,-2.041945
0.958130,-1.896272
0.958374,-1.864641
0.958618,-1.855625
0.958862,-1.903951
0.959106,-2.001840
0.959351,-1.984371
0.959595,-1.987116
0.959839,-2.045502
0.960083,-2.094116
0.960327,-2.231279
0.960571,-2.278137
0.960815,-2.194686
0.961060,-2.162037
0.961304,-2.134946
0.961548,-2.184851
0.961792,-2.255827
0.962036,-2.153743
0.962280,-2.057792
0.962524,-2.044397
0.962769,-2.071456
0.963013,-2.195256
0.963257,-2.211734
0.963501,-2.155626
0.963745,-2.211439
0.963989,-2.280286
0.964233,-2.413496
0.964478,-2.529048
0.964722,-2.489032
0.964966,-2.470790
0.965210,-2.451401
0.965454,-2.431981
0.965698,-2.502344
0.965942,-2.474027
0.966187,-2.392712
0.966431,-2.360537
0.966675,-2.329172
0.966919,-2.436879
0.967163,-2.549190
0.967407,-2.522467
0.967651,-2.523651
0.967896,-2.534822
0.968140,-2.637751
0.968384,-2.824683
0.968628,-2.844636
0.968872,-2.812718
0.969116,-2.793060
0.969360,-2.767093
0.969604,-2.845369
0.969849,-2.837824
0.970093,-2.746725
0.970337,-2.714413
0.970581,-2.660172
0.970825,-2.714669
0.971069,-2.822799
0.971313,-2.832253
0.971558,-2.862392
0.971802,-2.842953
0.972046,-2.862704
0.972290,-3.028425
0.972534,-3.116411
0.972778,-3.144198
0.973022,-3.101468
0.973267,-3.005329
0.973511,-3.064411
0.973755,-3.106547
0.973999,-3.058659
0.974243,-2.997721
0.974487,-2.877862
0.974731,-2.898888
0.974976,-2.997865
0.975220,-3.011251
0.975464,-3.044869
0.975708,-3.006843
0.975952,-3.003181
0.976196,-3.129423
0.976440,-3.206350
0.976685,-3.292687
0.976929,-3.284884
0.977173,-3.158876
0.977417,-3.140006
0.977661,-3.140892
0.977905,-3.174732
0.978149,-3.177571
0.978394,-3.015247
0.978638,-2.938501
0.978882,-2.946125
0.979126,-2.982897
0.979370,-3.065542
0.979614,-3.013781
0.979858,-2.993828
0.980103,-3.063125
0.980347,-3.108258
0.980591,-3.209925
0.980835,-3.200183
0.981079,-3.123997
0.981323,-3.106865
0.981567,-3.047809
0.981812,-3.079490
0.982056,-3.082488
0.982300,-2.954991
0.982544,-2.856985
0.982788,-2.747589
0.983032,-2.780595
0.983276,-2.903776
0.983521,-2.883959
0.983765,-2.847844
0.984009,-2.782926
0.984253,-2.804352
0.984497,-2.960010
0.984741,-2.991583
0.984985,-2.979538
0.985229,-2.905470
0.985474,-2.797408
0.985718,-2.818471
0.985962,-2.795311
0.986206,-2.772798
0.986450,-2.714433
0.986694,-2.546426
0.986938,-2.506979
0.987183,-2.518962
0.987427,-2.572140
0.987671,-2.624878
0.987915,-2.523369
0.988159,-2.506844
0.988403,-2.559917
0.988647,-2.631126
0.988892,-2.723604
0.989136,-2.643042
0.989380,-2.574181
0.989624,-2.545123
0.989868,-2.497446
0.990112,-2.523358
0.990356,-2.440668
0.990601,-2.347686
0.990845,-2.282130
0.991089,-2.193409
0.991333,-2.260404
0.991577,-2.298704
0.991821,-2.288854
0.992065,-2.279843
0.992310,-2.222405
0.992554,-2.323798
0.992798,-2.419449
0.993042,-2.425555
0.993286,-2.404231
0.993530,-2.288926
0.993774,-2.291316
0.994019,-2.304843
0.994263,-2.257254
0.994507,-2.236875
0.994751,-2.107933
0.994995,-2.048924
0.995239,-2.042309
0.995483,-2.043383
0.995728,-2.141473
0.995972,-2.116201
0.996216,-2.087720
0.996460,-2.110856
0.996704,-2.156400
0.996948,-2.305403
0.997192,-2.306669
0.997437,-2.245638
0.997681,-2.202679
0.997925,-2.150656
0.998169,-2.212255
0.998413,-2.181112
0.998657,-2.116023
0.998901,-2.053446
0.999146,-1.942807
0.999390,-1.979497
0.999634,-2.026503
0.999878,-2.092154
