0.000488,0.158464
0.001465,0.017378
0.002441,0.002982
0.003418,0.128365
0.004395,0.377655
0.005371,0.744341
0.006348,0.702153
0.007324,0.711120
0.008301,0.735808
0.009277,0.655717
0.010254,0.543309
0.011230,0.783000
0.012207,0.967946
0.013184,1.097503
0.014160,1.258356
0.015137,1.586419
0.016113,1.829468
0.017090,1.848783
0.018066,1.612291
0.019043,1.736008
0.020020,1.839618
0.020996,1.827208
0.021973,1.677532
0.022949,1.418187
0.023926,1.266944
0.024902,1.321059
0.025879,1.441522
0.026855,1.626312
0.027832,1.665617
0.028809,1.611349
0.029785,1.674673
0.030762,1.718609
0.031738,1.888352
0.032715,2.301223
0.033691,2.273443
0.034668,2.221561
0.035645,2.176776
0.036621,1.931019
0.037598,1.870347
0.038574,1.830989
0.039551,1.924492
0.040527,1.934860
0.041504,1.678439
0.042480,1.423716
0.043457,1.019949
0.044434,0.964855
0.045410,1.024024
0.046387,1.085393
0.047363,1.347573
0.048340,1.383252
0.049316,1.313061
0.050293,1.330412
0.051270,1.240742
0.052246,1.271179
0.053223,1.435867
0.054199,1.501616
0.055176,1.746869
0.056152,1.943961
0.057129,1.947409
0.058105,1.885812
0.059082,1.843009
0.060059,1.649209
0.061035,1.506616
0.062012,1.503462
0.062988,1.488497
0.063965,1.477357
0.064941,1.614505
0.065918,1.528464
0.066895,1.226316
0.067871,1.007637
0.068848,0.785087
0.069824,0.536196
0.070801,0.391789
0.071777,0.463994
0.072754,0.580539
0.073730,0.626671
0.074707,0.863691
0.075684,0.816235
0.076660,0.691270
0.077637,0.702333
0.078613,0.581909
0.079590,0.649261
0.080566,0.649420
0.081543,0.870012
0.082520,0.808151
0.083496,0.948191
0.084473,1.035049
0.085449,1.388290
0.086426,1.469750
0.087402,1.355933
0.088379,1.214414
0.089355,1.029400
0.090332,0.956072
0.091309,0.874404
0.092285,0.760377
0.093262,0.705907
0.094238,0.661744
0.095215,0.703467
0.096191,0.770704
0.097168,0.613878
0.098145,0.354271
0.099121,0.368321
0.100098,0.269258
0.101074,-0.144719
0.102051,-0.500723
0.103027,-0.499539
0.104004,-0.507003
0.104980,-0.603567
0.105957,-0.598989
0.106934,-0.452280
0.107910,-0.374741
0.108887,-0.434153
0.109863,-0.275959
0.110840,-0.273972
0.111816,-0.484708
0.112793,-0.538131
0.113770,-0.517688
0.114746,-0.695175
0.115723,-0.742387
0.116699,-0.420850
0.117676,-0.306189
0.118652,-0.367611
0.119629,-0.053076
0.120605,0.179090
0.121582,0.067866
0.122559,0.070387
0.123535,0.125608
0.124512,-0.116222
0.125488,-0.151212
0.126465,-0.225256
0.127441,-0.585329
0.128418,-0.594701
0.129395,-0.529020
0.130371,-0.753063
0.131348,-0.747535
0.132324,-0.655407
0.133301,-0.824685
0.134277,-0.702356
0.135254,-0.813738
0.136230,-1.146047
0.137207,-1.175738
0.138184,-1.419700
0.139160,-1.752800
0.140137,-1.792660
0.141113,-2.088430
0.142090,-2.147127
0.143066,-1.984814
0.144043,-2.191183
0.145020,-2.115452
0.145996,-2.118997
0.146973,-2.145421
0.147949,-1.819358
0.148926,-1.911299
0.149902,-1.886156
0.150879,-1.786771
0.151855,-2.027120
0.152832,-1.931985
0.153809,-2.076395
0.154785,-2.164369
0.155762,-2.027494
0.156738,-2.152105
0.157715,-1.856202
0.158691,-1.830382
0.159668,-1.702563
0.160645,-1.376712
0.161621,-1.432556
0.162598,-1.117135
0.163574,-1.183054
0.164551,-1.146397
0.165527,-1.107580
0.166504,-1.354472
0.167480,-1.133737
0.168457,-1.425029
0.169434,-1.436042
0.170410,-1.717189
0.171387,-1.700954
0.172363,-1.536111
0.173340,-1.779378
0.174316,-1.608053
0.175293,-1.744621
0.176270,-1.578000
0.177246,-1.627324
0.178223,-1.554686
0.179199,-1.545922
0.180176,-1.928214
0.181152,-1.763406
0.182129,-2.086486
0.183105,-2.070625
0.184082,-2.316491
0.185059,-2.400739
0.186035,-2.671167
0.187012,-2.619318
0.187988,-2.520617
0.188965,-2.729435
0.189941,-2.447706
0.190918,-2.638790
0.191895,-2.286020
0.192871,-2.301083
0.193848,-1.972742
0.194824,-2.069391
0.195801,-1.930316
0.196777,-2.100356
0.197754,-1.911026
0.198730,-1.957193
0.199707,-1.949932
0.200684,-1.866995
0.201660,-2.124979
0.202637,-1.859282
0.203613,-2.054976
0.204590,-1.550631
0.205566,-1.732789
0.206543,-1.352399
0.207520,-1.466832
0.208496,-1.102632
0.209473,-1.027940
0.210449,-0.724292
0.211426,-0.715478
0.212402,-0.590075
0.213379,-0.702064
0.214355,-0.597134
0.215332,-0.748892
0.216309,-0.684160
0.217285,-0.906201
0.218262,-0.887636
0.219238,-1.138026
0.220215,-1.038754
0.221191,-1.102820
0.222168,-0.924369
0.223145,-1.064433
0.224121,-0.935321
0.225098,-1.090066
0.226074,-0.869897
0.227051,-0.925435
0.228027,-0.771266
0.229004,-0.921446
0.229980,-0.959273
0.230957,-1.159698
0.231934,-1.109680
0.232910,-1.353914
0.233887,-1.340622
0.234863,-1.556510
0.235840,-1.660045
0.236816,-1.925898
0.237793,-1.882348
0.238770,-1.970899
0.239746,-1.829183
0.240723,-1.881580
0.241699,-1.708396
0.242676,-1.793591
0.243652,-1.509286
0.244629,-1.606426
0.245605,-1.180023
0.246582,-1.403342
0.247559,-1.079754
0.248535,-1.380912
0.249512,-1.009928
0.250488,-1.222067
0.251465,-1.026491
0.252441,-1.113173
0.253418,-1.153833
0.254395,-1.114610
0.255371,-1.278159
0.256348,-1.096001
0.257324,-1.032467
0.258301,-0.806540
0.259277,-0.764628
0.260254,-0.537197
0.261230,-0.600447
0.262207,-0.115893
0.263184,-0.259429
0.264160,0.302286
0.265137,0.109201
0.266113,0.339769
0.267090,0.295283
0.268066,0.207079
0.269043,0.410412
0.270020,0.237510
0.270996,0.288422
0.271973,0.126174
0.272949,0.145987
0.273926,-0.232505
0.274902,0.046641
0.275879,-0.231545
0.276855,0.022048
0.277832,-0.059559
0.278809,-0.131168
0.279785,0.017538
0.280762,-0.066884
0.281738,0.090019
0.282715,0.035456
0.283691,0.359165
0.284668,0.051207
0.285645,0.262187
0.286621,0.011262
0.287598,-0.096451
0.288574,-0.091885
0.289551,-0.289641
0.290527,-0.275158
0.291504,-0.576353
0.292480,-0.427875
0.293457,-0.896209
0.294434,-0.758378
0.295410,-0.810065
0.296387,-0.923621
0.297363,-0.686592
0.298340,-0.728526
0.299316,-0.595628
0.300293,-0.823183
0.301270,-0.387885
0.302246,-0.428837
0.303223,-0.312308
0.304199,-0.014239
0.305176,-0.085346
0.306152,0.119401
0.307129,-0.150042
0.308105,0.202948
0.309082,0.063493
0.310059,0.065883
0.311035,0.250103
0.312012,0.094041
0.312988,0.236017
0.313965,-0.031207
0.314941,0.255423
0.315918,0.288947
0.316895,0.295755
0.317871,0.644255
0.318848,0.635664
0.319824,0.941462
0.320801,0.790357
0.321777,1.126307
0.322754,1.350520
0.323730,1.438103
0.324707,1.772397
0.325684,1.667667
0.326660,1.991127
0.327637,1.833574
0.328613,1.819210
0.329590,2.014332
0.330566,1.864578
0.331543,2.101995
0.332520,1.721663
0.333496,1.743768
0.334473,1.733193
0.335449,1.528740
0.336426,1.675690
0.337402,1.411374
0.338379,1.725169
0.339355,1.800350
0.340332,1.695455
0.341309,1.833742
0.342285,1.627209
0.343262,1.993225
0.344238,1.970536
0.345215,1.962009
0.346191,2.147278
0.347168,1.966686
0.348145,2.246711
0.349121,2.054110
0.350098,1.846343
0.351074,1.883871
0.352051,1.591978
0.353027,1.915899
0.354004,1.683759
0.354980,1.448109
0.355957,1.423289
0.356934,1.125517
0.357910,1.392778
0.358887,1.211679
0.359863,1.170476
0.360840,1.389739
0.361816,1.205402
0.362793,1.531921
0.363770,1.583380
0.364746,1.515595
0.365723,1.847891
0.366699,1.724465
0.367676,2.103089
0.368652,2.321547
0.369629,2.185712
0.370605,2.493481
0.371582,2.115356
0.372559,2.328499
0.373535,2.407961
0.374512,2.403460
0.375488,2.646256
0.376465,2.516943
0.377441,2.448742
0.378418,2.553108
0.379395,2.347307
0.380371,2.637907
0.381348,2.724695
0.382324,2.709696
0.383301,3.026379
0.384277,2.880938
0.385254,3.140835
0.386230,3.338117
0.387207,3.381084
0.388184,3.789972
0.389160,3.756291
0.390137,3.931079
0.391113,4.285544
0.392090,4.138380
0.393066,4.353823
0.394043,4.425458
0.395020,4.332295
0.395996,4.573367
0.396973,4.351860
0.397949,4.265383
0.398926,4.419421
0.399902,4.111901
0.400879,4.279845
0.401855,4.240747
0.402832,3.997892
0.403809,4.188491
0.404785,3.959354
0.405762,3.946254
0.406738,4.113372
0.407715,3.887015
0.408691,4.069546
0.409668,4.071795
0.410645,3.958208
0.411621,4.251565
0.412598,4.122754
0.413574,4.151967
0.414551,4.392490
0.415527,4.148823
0.416504,4.255873
0.417480,4.241096
0.418457,3.967272
0.419434,4.169633
0.420410,3.967673
0.421387,3.743956
0.422363,3.906848
0.423340,3.495260
0.424316,3.369995
0.425293,3.377381
0.426270,2.992855
0.427246,3.040713
0.428223,3.056514
0.429199,2.916128
0.430176,3.256402
0.431152,3.206447
0.432129,3.047179
0.433105,3.312603
0.434082,3.164238
0.435059,3.158533
0.436035,3.386141
0.437012,3.273087
0.437988,3.530422
0.438965,3.718434
0.439941,3.562035
0.440918,3.822427
0.441895,3.761039
0.442871,3.615199
0.443848,3.894979
0.444824,3.725363
0.445801,3.714411
0.446777,3.899708
0.447754,3.682091
0.448730,3.591247
0.449707,3.690781
0.450684,3.365033
0.451660,3.415174
0.452637,3.676322
0.453613,3.444271
0.454590,3.826424
0.455566,3.889455
0.456543,3.865522
0.457520,4.135754
0.458496,4.249978
0.459473,4.156199
0.460449,4.531879
0.461426,4.561498
0.462402,4.585039
0.463379,4.971242
0.464355,4.819944
0.465332,4.841210
0.466309,5.081851
0.467285,4.762777
0.468262,4.812706
0.469238,4.887913
0.470215,4.627008
0.471191,4.720196
0.472168,4.803730
0.473145,4.478061
0.474121,4.537823
0.475098,4.505644
0.476074,4.082612
0.477051,4.245166
0.478027,4.223149
0.479004,3.946771
0.479980,4.186774
0.480957,4.227688
0.481934,4.015092
0.482910,4.190793
0.483887,4.130149
0.484863,3.968621
0.485840,4.276402
0.486816,4.244663
0.487793,4.089069
0.488770,4.336258
0.489746,4.264807
0.490723,4.059101
0.491699,4.263635
0.492676,3.986413
0.493652,3.722435
0.494629,3.846615
0.495605,3.586691
0.496582,3.369967
0.497559,3.543871
0.498535,3.261898
0.499512,2.995849
0.500488,3.120531
0.501465,2.806593
0.502441,2.578064
0.503418,2.716232
0.504395,2.524353
0.505371,2.455284
0.506348,2.695191
0.507324,2.544890
0.508301,2.461240
0.509277,2.703166
0.510254,2.540081
0.511230,2.515348
0.512207,2.840651
0.513184,2.737032
0.514160,2.765447
0.515137,3.146529
0.516113,3.047959
0.517090,2.933976
0.518066,3.170960
0.519043,3.040011
0.520020,2.921964
0.520996,3.151046
0.521973,3.025196
0.522949,2.879997
0.523926,3.121221
0.524902,2.993732
0.525879,2.770802
0.526855,3.007568
0.527832,2.878798
0.528809,2.635401
0.529785,2.844904
0.530762,2.791261
0.531738,2.714100
0.532715,3.046398
0.533691,3.111317
0.534668,2.915795
0.535645,3.186845
0.536621,3.296575
0.537598,3.125742
0.538574,3.398130
0.539551,3.632649
0.540527,3.535131
0.541504,3.761892
0.542480,3.954562
0.543457,3.817828
0.544434,3.937928
0.545410,4.080804
0.546387,3.859011
0.547363,3.865945
0.548340,4.046893
0.549316,3.853900
0.550293,3.789227
0.551270,3.968032
0.552246,3.755707
0.553223,3.536298
0.554199,3.723377
0.555176,3.489521
0.556152,3.175662
0.557129,3.392961
0.558105,3.226372
0.559082,3.025889
0.560059,3.216081
0.561035,3.228059
0.562012,2.987125
0.562988,3.066546
0.563965,3.171250
0.564941,2.812027
0.565918,2.982683
0.566895,3.099904
0.567871,2.966075
0.568848,3.010415
0.569824,3.338500
0.570801,3.069126
0.571777,3.021961
0.572754,3.105908
0.573730,2.922379
0.574707,2.633694
0.575684,2.789018
0.576660,2.618674
0.577637,2.245119
0.578613,2.358832
0.579590,2.256073
0.580566,1.908631
0.581543,1.810851
0.582520,1.772426
0.583496,1.401736
0.584473,1.322853
0.585449,1.556652
0.586426,1.314255
0.587402,1.220927
0.588379,1.539894
0.589355,1.401676
0.590332,1.212788
0.591309,1.453183
0.592285,1.392131
0.593262,1.152315
0.594238,1.396719
0.595215,1.563591
0.596191,1.387793
0.597168,1.623148
0.598145,1.935009
0.599121,1.755503
0.600098,1.720965
0.601074,2.021210
0.602051,1.862157
0.603027,1.566212
0.604004,1.749414
0.604980,1.797870
0.605957,1.539714
0.606934,1.632539
0.607910,1.803651
0.608887,1.612610
0.609863,1.595336
0.610840,1.743807
0.611816,1.475023
0.612793,1.358568
0.613770,1.615296
0.614746,1.543631
0.615723,1.344056
0.616699,1.581907
0.617676,1.771469
0.618652,1.607283
0.619629,1.797091
0.620605,2.146831
0.621582,2.015410
0.622559,2.029016
0.623535,2.385227
0.624512,2.371711
0.625488,2.280151
0.626465,2.593683
0.627441,2.732539
0.628418,2.534155
0.629395,2.690962
0.630371,2.941460
0.631348,2.707444
0.632324,2.566052
0.633301,2.791686
0.634277,2.639922
0.635254,2.351830
0.636230,2.467653
0.637207,2.503819
0.638184,2.183430
0.639160,2.160161
0.640137,2.271462
0.641113,1.979614
0.642090,1.752513
0.643066,1.900735
0.644043,1.804244
0.645020,1.510131
0.645996,1.619409
0.646973,1.821108
0.647949,1.640292
0.648926,1.574088
0.649902,1.800895
0.650879,1.672412
0.651855,1.411448
0.652832,1.594670
0.653809,1.632158
0.654785,1.369470
0.655762,1.517625
0.656738,1.797216
0.657715,1.604579
0.658691,1.411076
0.659668,1.531630
0.660645,1.391984
0.661621,0.992133
0.662598,0.993501
0.663574,1.064777
0.664551,0.778038
0.665527,0.619200
0.666504,0.777344
0.667480,0.586823
0.668457,0.169963
0.669434,0.163153
0.670410,0.041676
0.671387,-0.283316
0.672363,-0.401350
0.673340,-0.179564
0.674316,-0.321440
0.675293,-0.632487
0.676270,-0.497785
0.677246,-0.460151
0.678223,-0.634718
0.679199,-0.528997
0.680176,-0.373932
0.681152,-0.524384
0.682129,-0.679321
0.683105,-0.475095
0.684082,-0.424051
0.685059,-0.584159
0.686035,-0.334184
0.687012,0.008142
0.687988,-0.101523
0.688965,-0.307192
0.689941,-0.130401
0.690918,-0.093941
0.691895,-0.425343
0.692871,-0.330095
0.693848,-0.059761
0.694824,-0.224304
0.695801,-0.485117
0.696777,-0.287849
0.697754,-0.318003
0.698730,-0.659413
0.699707,-0.543862
0.700684,-0.410014
0.701660,-0.589734
0.702637,-0.864886
0.703613,-0.786004
0.704590,-0.679109
0.705566,-0.803928
0.706543,-0.759941
0.707520,-0.328128
0.708496,-0.389366
0.709473,-0.648108
0.710449,-0.384530
0.711426,-0.283576
0.712402,-0.365495
0.713379,-0.314479
0.714355,0.058888
0.715332,0.063057
0.716309,-0.162839
0.717285,0.105783
0.718262,0.444863
0.719238,0.342340
0.720215,0.270681
0.721191,0.462473
0.722168,0.346181
0.723145,0.036305
0.724121,0.117375
0.725098,0.347062
0.726074,0.234460
0.727051,-0.113011
0.728027,0.081666
0.729004,-0.041842
0.729980,-0.242574
0.730957,-0.410369
0.731934,-0.167859
0.732910,-0.527109
0.733887,-0.885057
0.734863,-0.896226
0.735840,-0.725365
0.736816,-0.907622
0.737793,-1.017200
0.738770,-0.784586
0.739746,-0.889513
0.740723,-1.162190
0.741699,-1.095131
0.742676,-0.806301
0.743652,-1.020622
0.744629,-1.285527
0.745605,-1.137864
0.746582,-1.088774
0.747559,-1.157507
0.748535,-1.209576
0.749512,-0.849384
0.750488,-1.058500
0.751465,-1.385946
0.752441,-1.342332
0.753418,-1.200484
0.754395,-1.393067
0.755371,-1.716572
0.756348,-1.725337
0.757324,-1.696994
0.758301,-1.992490
0.759277,-2.092651
0.760254,-1.886771
0.761230,-2.170586
0.762207,-2.580616
0.763184,-2.589908
0.764160,-2.532752
0.765137,-2.758885
0.766113,-3.132420
0.767090,-3.107958
0.768066,-3.092128
0.769043,-3.198235
0.770020,-3.302830
0.770996,-3.054820
0.771973,-3.123269
0.772949,-3.394176
0.773926,-3.340724
0.774902,-3.014765
0.775879,-3.116268
0.776855,-3.406927
0.777832,-3.268449
0.778809,-2.958993
0.779785,-3.003611
0.780762,-3.020039
0.781738,-2.796604
0.782715,-2.720364
0.783691,-2.851488
0.784668,-2.816968
0.785645,-2.555638
0.786621,-2.749217
0.787598,-3.007478
0.788574,-2.947588
0.789551,-2.718312
0.790527,-2.759259
0.791504,-3.042584
0.792480,-2.844231
0.793457,-2.741554
0.794434,-2.924557
0.795410,-3.014828
0.796387,-2.919001
0.797363,-2.907347
0.798340,-3.263902
0.799316,-3.166042
0.800293,-2.944121
0.801270,-3.034293
0.802246,-3.220988
0.803223,-2.989267
0.804199,-2.627561
0.805176,-2.664842
0.806152,-2.923309
0.807129,-2.756691
0.808105,-2.429568
0.809082,-2.460960
0.810059,-2.491612
0.811035,-2.252821
0.812012,-2.077007
0.812988,-2.104748
0.813965,-1.963308
0.814941,-1.651101
0.815918,-1.614290
0.816895,-1.785963
0.817871,-1.657398
0.818848,-1.361594
0.819824,-1.500983
0.820801,-1.815097
0.821777,-1.702226
0.822754,-1.457497
0.823730,-1.602680
0.824707,-1.899932
0.825684,-1.843591
0.826660,-1.607722
0.827637,-1.794688
0.828613,-2.137329
0.829590,-2.104372
0.830566,-2.114712
0.831543,-2.364007
0.832520,-2.472507
0.833496,-2.387495
0.834473,-2.418465
0.835449,-2.568237
0.836426,-2.544067
0.837402,-2.335432
0.838379,-2.369567
0.839355,-2.647997
0.840332,-2.569516
0.841309,-2.272885
0.842285,-2.445320
0.843262,-2.794514
0.844238,-2.617256
0.845215,-2.296813
0.846191,-2.400515
0.847168,-2.609662
0.848145,-2.430639
0.849121,-2.087979
0.850098,-2.168318
0.851074,-2.481167
0.852051,-2.459622
0.853027,-2.233555
0.854004,-2.402118
0.854980,-2.772905
0.855957,-2.791694
0.856934,-2.678107
0.857910,-2.882159
0.858887,-3.107195
0.859863,-3.077020
0.860840,-3.057818
0.861816,-3.246074
0.862793,-3.456853
0.863770,-3.465010
0.864746,-3.510546
0.865723,-3.795721
0.866699,-3.952563
0.867676,-3.860231
0.868652,-3.920439
0.869629,-4.101863
0.870605,-4.008908
0.871582,-3.780000
0.872559,-3.772295
0.873535,-3.982336
0.874512,-3.961284
0.875488,-3.706966
0.876465,-3.795909
0.877441,-3.985332
0.878418,-3.801187
0.879395,-3.448466
0.880371,-3.552902
0.881348,-3.734139
0.882324,-3.494116
0.883301,-3.071428
0.884277,-3.132761
0.885254,-3.367965
0.886230,-3.213912
0.887207,-2.927926
0.888184,-3.061264
0.889160,-3.354919
0.890137,-3.177446
0.891113,-2.894346
0.892090,-3.069344
0.893066,-3.282272
0.894043,-3.080305
0.895020,-2.794791
0.895996,-2.966569
0.896973,-3.275058
0.897949,-3.121040
0.898926,-2.869232
0.899902,-3.101849
0.900879,-3.449654
0.901855,-3.294579
0.902832,-2.960643
0.903809,-3.047921
0.904785,-3.255149
0.905762,-2.985621
0.906738,-2.613939
0.907715,-2.694797
0.908691,-2.831688
0.909668,-2.574827
0.910645,-2.266970
0.911621,-2.350811
0.912598,-2.513239
0.913574,-2.275256
0.914551,-1.885362
0.915527,-1.857181
0.916504,-1.991239
0.917480,-1.728619
0.918457,-1.263107
0.919434,-1.271945
0.920410,-1.552455
0.921387,-1.390861
0.922363,-1.041009
0.923340,-1.195744
0.924316,-1.442691
0.925293,-1.301746
0.926270,-1.146541
0.927246,-1.210558
0.928223,-1.379518
0.929199,-1.381346
0.930176,-1.127092
0.931152,-1.187478
0.932129,-1.507103
0.933105,-1.513662
0.934082,-1.483752
0.935059,-1.598969
0.936035,-1.728004
0.937012,-1.876564
0.937988,-1.795451
0.938965,-1.782771
0.939941,-1.961871
0.940918,-1.952114
0.941895,-1.854043
0.942871,-1.686587
0.943848,-1.723655
0.944824,-1.966852
0.945801,-1.830865
0.946777,-1.673208
0.947754,-1.762013
0.948730,-1.985605
0.949707,-1.891098
0.950684,-1.491543
0.951660,-1.580176
0.952637,-1.807108
0.953613,-1.713031
0.954590,-1.305974
0.955566,-1.427141
0.956543,-1.769588
0.957520,-1.628401
0.958496,-1.484632
0.959473,-1.629930
0.960449,-2.115304
0.961426,-1.994964
0.962402,-1.794367
0.963379,-1.999663
0.964355,-2.336002
0.965332,-2.234662
0.966309,-2.097980
0.967285,-2.213394
0.968262,-2.558185
0.969238,-2.600093
0.970215,-2.598132
0.971191,-2.692626
0.972168,-2.952219
0.973145,-3.077370
0.974121,-3.084677
0.975098,-2.957203
0.976074,-3.096414
0.977051,-3.220896
0.978027,-3.129439
0.979004,-2.824696
0.979980,-2.917709
0.980957,-3.182393
0.981934,-3.116092
0.982910,-2.710511
0.983887,-2.867120
0.984863,-3.053458
0.985840,-2.940429
0.986816,-2.491538
0.987793,-2.547835
0.988770,-2.747406
0.989746,-2.447858
0.990723,-2.121720
0.991699,-2.089076
0.992676,-2.268675
0.993652,-2.148085
0.994629,-2.087160
0.995605,-2.046251
0.996582,-2.124833
0.997559,-2.275708
0.998535,-2.134963
0.999512,-1.986576
