0.000244,0.147975
0.000732,0.091567
0.001221,0.122373
0.001709,-0.068425
0.002197,-0.051702
0.002686,0.067816
0.003174,0.085364
0.003662,0.078576
0.004150,0.230227
0.004639,0.496690
0.005127,0.706741
0.005615,0.650478
0.006104,0.617801
0.006592,0.564932
0.007080,0.660025
0.007568,0.634489
0.008057,0.699433
0.008545,0.667228
0.009033,0.554076
0.009521,0.407147
0.010010,0.390263
0.010498,0.552788
0.010986,0.625172
0.011475,0.784188
0.011963,0.817325
0.012451,0.807074
0.012939,0.819908
0.013428,0.797835
0.013916,0.873077
0.014404,1.023140
0.014893,1.167673
0.015381,1.344150
0.015869,1.526151
0.016357,1.617720
0.016846,1.643837
0.017334,1.654844
0.017822,1.572366
0.018311,1.542890
0.018799,1.462594
0.019287,1.496174
0.019775,1.455288
0.020264,1.547403
0.020752,1.657762
0.021240,1.667025
0.021729,1.474778
0.022217,1.373852
0.022705,1.293082
0.023193,1.223589
0.023682,1.188440
0.024170,1.055131
0.024658,1.044904
0.025146,1.160578
0.025635,1.276910
0.026123,1.274044
0.026611,1.326801
0.027100,1.446552
0.027588,1.455264
0.028076,1.384240
0.028564,1.429199
0.029053,1.466756
0.029541,1.343314
0.030029,1.359110
0.030518,1.582957
0.031006,1.554224
0.031494,1.586429
0.031982,1.819836
0.032471,1.878766
0.032959,1.973305
0.033447,2.081014
0.033936,1.984269
0.034424,1.984525
0.034912,2.036457
0.035400,1.853104
0.035889,1.804293
0.036377,1.701890
0.036865,1.595078
0.037354,1.713948
0.037842,1.650441
0.038330,1.648968
0.038818,1.735631
0.039307,1.611197
0.039795,1.747755
0.040283,1.632955
0.040771,1.614647
0.041260,1.524000
0.041748,1.302591
0.042236,1.367235
0.042725,1.186196
0.043213,1.059537
0.043701,0.882894
0.044189,0.913795
0.044678,0.959849
0.045166,0.794354
0.045654,0.977819
0.046143,0.847633
0.046631,1.021937
0.047119,1.050134
0.047607,1.167606
0.048096,1.103749
0.048584,1.194594
0.049072,1.099936
0.049561,1.119116
0.050049,1.192024
0.050537,1.016449
0.051025,1.161684
0.051514,0.936817
0.052002,1.127560
0.052490,1.004502
0.052979,1.259832
0.053467,1.144115
0.053955,1.353838
0.054443,1.258957
0.054932,1.510902
0.055420,1.492378
0.055908,1.710496
0.056396,1.660861
0.056885,1.758169
0.057373,1.618733
0.057861,1.717263
0.058350,1.569171
0.058838,1.680058
0.059326,1.442244
0.059814,1.545892
0.060303,1.279976
0.060791,1.411126
0.061279,1.191351
0.061768,1.390891
0.062256,1.166191
0.062744,1.311442
0.063232,1.198859
0.063721,1.261997
0.064209,1.269853
0.064697,1.257146
0.065186,1.367483
0.065674,1.207088
0.066162,1.224387
0.066650,1.042499
0.067139,1.029308
0.067627,0.861661
0.068115,0.949153
0.068604,0.647319
0.069092,0.720853
0.069580,0.503048
0.070068,0.401753
0.070557,0.436559
0.071045,0.360524
0.071533,0.434332
0.072021,0.348235
0.072510,0.499867
0.072998,0.314877
0.073486,0.516704
0.073975,0.499802
0.074463,0.531614
0.074951,0.699171
0.075439,0.624249
0.075928,0.688964
0.076416,0.553864
0.076904,0.719741
0.077393,0.606305
0.077881,0.586948
0.078369,0.667561
0.078857,0.529499
0.079346,0.616760
0.079834,0.396664
0.080322,0.543361
0.080811,0.538027
0.081299,0.543506
0.081787,0.680852
0.082275,0.625987
0.082764,0.854841
0.083252,0.726230
0.083740,0.860094
0.084229,1.032348
0.084717,1.047205
0.085205,1.262983
0.085693,1.104546
0.086182,1.223599
0.086670,1.231379
0.087158,1.101644
0.087646,1.192953
0.088135,0.997405
0.088623,1.106514
0.089111,1.084026
0.089600,0.896475
0.090088,0.965750
0.090576,0.662225
0.091064,0.665683
0.091553,0.706415
0.092041,0.596375
0.092529,0.754593
0.093018,0.556958
0.093506,0.559912
0.093994,0.605384
0.094482,0.473851
0.094971,0.646354
0.095459,0.592455
0.095947,0.566233
0.096436,0.642579
0.096924,0.468799
0.097412,0.524090
0.097900,0.441213
0.098389,0.264990
0.098877,0.334979
0.099365,0.151085
0.099854,0.045723
0.100342,0.055095
0.100830,-0.235651
0.101318,-0.235951
0.101807,-0.324952
0.102295,-0.513429
0.102783,-0.427330
0.103271,-0.606421
0.103760,-0.646866
0.104248,-0.538578
0.104736,-0.703517
0.105225,-0.612071
0.105713,-0.559826
0.106201,-0.671600
0.106689,-0.505504
0.107178,-0.487351
0.107666,-0.495695
0.108154,-0.291393
0.108643,-0.403895
0.109131,-0.441850
0.109619,-0.339950
0.110107,-0.542773
0.110596,-0.534470
0.111084,-0.424202
0.111572,-0.605964
0.112061,-0.472116
0.112549,-0.458945
0.113037,-0.659392
0.113525,-0.485323
0.114014,-0.646560
0.114502,-0.719188
0.114990,-0.611956
0.115479,-0.676879
0.115967,-0.691630
0.116455,-0.479890
0.116943,-0.557062
0.117432,-0.543061
0.117920,-0.404682
0.118408,-0.495907
0.118896,-0.437417
0.119385,-0.280265
0.119873,-0.342496
0.120361,-0.204597
0.120850,-0.043361
0.121338,-0.201152
0.121826,-0.113043
0.122314,-0.025214
0.122803,-0.223676
0.123291,-0.171870
0.123779,-0.122197
0.124268,-0.344663
0.124756,-0.275196
0.125244,-0.260886
0.125732,-0.499306
0.126221,-0.476413
0.126709,-0.509871
0.127197,-0.768351
0.127686,-0.736922
0.128174,-0.731592
0.128662,-0.907096
0.129150,-0.796187
0.129639,-0.745065
0.130127,-0.925343
0.130615,-0.830244
0.131104,-0.807171
0.131592,-1.037266
0.132080,-0.968084
0.132568,-0.875658
0.133057,-0.993647
0.133545,-0.900560
0.134033,-0.829160
0.134521,-1.033107
0.135010,-1.011864
0.135498,-0.932285
0.135986,-1.178209
0.136475,-1.224393
0.136963,-1.140362
0.137451,-1.376539
0.137939,-1.454547
0.138428,-1.379032
0.138916,-1.577656
0.139404,-1.701963
0.139893,-1.681447
0.140381,-1.836840
0.140869,-2.073763
0.141357,-1.996716
0.141846,-2.080195
0.142334,-2.231763
0.142822,-2.131308
0.143311,-2.072880
0.143799,-2.267730
0.144287,-2.183625
0.144775,-2.114406
0.145264,-2.200143
0.145752,-2.164564
0.146240,-1.972731
0.146729,-2.012934
0.147217,-2.032790
0.147705,-1.788334
0.148193,-1.789945
0.148682,-1.950837
0.149170,-1.825081
0.149658,-1.805142
0.150146,-2.011668
0.150635,-1.980479
0.151123,-1.882285
0.151611,-1.989666
0.152100,-1.957477
0.152588,-1.833025
0.153076,-1.938085
0.153564,-2.025178
0.154053,-1.877095
0.154541,-1.996499
0.155029,-2.193184
0.155518,-2.122478
0.156006,-2.056972
0.156494,-2.166922
0.156982,-2.045557
0.157471,-1.805393
0.157959,-1.832188
0.158447,-1.825492
0.158936,-1.633320
0.159424,-1.664906
0.159912,-1.787920
0.160400,-1.612579
0.160889,-1.459600
0.161377,-1.492886
0.161865,-1.370706
0.162354,-1.134381
0.162842,-1.150937
0.163330,-1.249973
0.163818,-1.153121
0.164307,-1.160440
0.164795,-1.369618
0.165283,-1.310711
0.165771,-1.125837
0.166260,-1.253637
0.166748,-1.283466
0.167236,-1.159666
0.167725,-1.279080
0.168213,-1.529829
0.168701,-1.475616
0.169189,-1.410424
0.169678,-1.604601
0.170166,-1.700887
0.170654,-1.558002
0.171143,-1.642699
0.171631,-1.813804
0.172119,-1.727129
0.172607,-1.609668
0.173096,-1.693776
0.173584,-1.732660
0.174072,-1.585005
0.174561,-1.658184
0.175049,-1.844534
0.175537,-1.773391
0.176025,-1.588091
0.176514,-1.664700
0.177002,-1.664794
0.177490,-1.449380
0.177979,-1.557504
0.178467,-1.719417
0.178955,-1.702029
0.179443,-1.561231
0.179932,-1.743341
0.180420,-1.855235
0.180908,-1.813895
0.181396,-1.879342
0.181885,-2.078959
0.182373,-2.072816
0.182861,-1.900656
0.183350,-2.079719
0.183838,-2.285218
0.184326,-2.315814
0.184814,-2.323203
0.185303,-2.500182
0.185791,-2.580922
0.186279,-2.447748
0.186768,-2.564490
0.187256,-2.698607
0.187744,-2.637810
0.188232,-2.439331
0.188721,-2.479880
0.189209,-2.630835
0.189697,-2.502776
0.190186,-2.443594
0.190674,-2.563799
0.191162,-2.488575
0.191650,-2.256612
0.192139,-2.317977
0.192627,-2.397219
0.193115,-2.238089
0.193604,-1.996701
0.194092,-2.020852
0.194580,-2.109365
0.195068,-2.035490
0.195557,-1.973908
0.196045,-2.060502
0.196533,-2.043344
0.197021,-1.947652
0.197510,-1.963453
0.197998,-2.125921
0.198486,-2.036459
0.198975,-1.786758
0.199463,-1.905636
0.199951,-2.085053
0.200439,-2.084235
0.200928,-1.897575
0.201416,-1.984648
0.201904,-2.165224
0.202393,-2.028102
0.202881,-1.924053
0.203369,-1.957493
0.203857,-1.936995
0.204346,-1.827613
0.204834,-1.728677
0.205322,-1.761053
0.205811,-1.700489
0.206299,-1.475950
0.206787,-1.488616
0.207275,-1.621007
0.207764,-1.439552
0.208252,-1.174239
0.208740,-1.175011
0.209229,-1.241783
0.209717,-1.077753
0.210205,-0.809657
0.210693,-0.799485
0.211182,-0.973336
0.211670,-0.900136
0.212158,-0.676938
0.212646,-0.751545
0.213135,-0.951863
0.213623,-0.875930
0.214111,-0.730208
0.214600,-0.817150
0.215088,-0.910319
0.215576,-0.812408
0.216064,-0.750671
0.216553,-0.841723
0.217041,-0.956929
0.217529,-0.965732
0.218018,-0.988214
0.218506,-1.128444
0.218994,-1.173779
0.219482,-1.133147
0.219971,-1.108033
0.220459,-1.200689
0.220947,-1.207190
0.221436,-1.137517
0.221924,-1.076727
0.222412,-1.137387
0.222900,-1.142929
0.223389,-1.076749
0.223877,-1.102987
0.224365,-1.162052
0.224854,-1.130220
0.225342,-1.053527
0.225830,-1.041132
0.226318,-1.064502
0.226807,-1.017890
0.227295,-0.922239
0.227783,-0.890061
0.228271,-0.953203
0.228760,-1.025101
0.229248,-0.999296
0.229736,-0.979885
0.230225,-1.110682
0.230713,-1.223879
0.231201,-1.175656
0.231689,-1.202187
0.232178,-1.322873
0.232666,-1.360298
0.233154,-1.349919
0.233643,-1.349345
0.234131,-1.437860
0.234619,-1.636830
0.235107,-1.628733
0.235596,-1.596457
0.236084,-1.761345
0.236572,-1.919045
0.237061,-1.933267
0.237549,-1.776769
0.238037,-1.876053
0.238525,-2.044155
0.239014,-1.946310
0.239502,-1.749679
0.239990,-1.737061
0.240479,-1.987282
0.240967,-1.853552
0.241455,-1.680430
0.241943,-1.731387
0.242432,-1.936381
0.242920,-1.765932
0.243408,-1.551112
0.243896,-1.553519
0.244385,-1.685636
0.244873,-1.489378
0.245361,-1.314906
0.245850,-1.255924
0.246338,-1.377442
0.246826,-1.307787
0.247314,-1.242015
0.247803,-1.230835
0.248291,-1.269748
0.248779,-1.377933
0.249268,-1.277533
0.249756,-1.180713
0.250244,-1.178167
0.250732,-1.348413
0.251221,-1.289575
0.251709,-1.028855
0.252197,-1.155409
0.252686,-1.346219
0.253174,-1.245625
0.253662,-1.111223
0.254150,-1.190613
0.254639,-1.371040
0.255127,-1.336968
0.255615,-1.177469
0.256104,-1.170245
0.256592,-1.208849
0.257080,-1.161839
0.257568,-1.053999
0.258057,-0.892991
0.258545,-0.861655
0.259033,-0.995780
0.259521,-0.913654
0.260010,-0.633847
0.260498,-0.634517
0.260986,-0.795418
0.261475,-0.657946
0.261963,-0.398881
0.262451,-0.347996
0.262939,-0.373972
0.263428,-0.307875
0.263916,-0.152884
0.264404,0.038230
0.264893,0.028542
0.265381,-0.151733
0.265869,-0.050842
0.266357,0.195010
0.266846,0.093138
0.267334,-0.124424
0.267822,-0.066632
0.268311,0.112249
0.268799,0.074736
0.269287,0.003904
0.269775,-0.027920
0.270264,-0.006783
0.270752,0.107107
0.271240,0.042059
0.271729,-0.184012
0.272217,-0.132838
0.272705,0.006496
0.273193,-0.148649
0.273682,-0.408124
0.274170,-0.400717
0.274658,-0.316031
0.275146,-0.315774
0.275635,-0.343945
0.276123,-0.431379
0.276611,-0.361494
0.277100,-0.139648
0.277588,-0.211047
0.278076,-0.413726
0.278564,-0.334677
0.279053,-0.223902
0.279541,-0.277001
0.280029,-0.342328
0.280518,-0.390767
0.281006,-0.320285
0.281494,-0.098309
0.281982,-0.133000
0.282471,-0.316258
0.282959,-0.188137
0.283447,0.002052
0.283936,-0.040562
0.284424,-0.112116
0.284912,-0.164439
0.285400,-0.154030
0.285889,-0.018310
0.286377,-0.141285
0.286865,-0.428344
0.287354,-0.378495
0.287842,-0.248595
0.288330,-0.337559
0.288818,-0.435380
0.289307,-0.544869
0.289795,-0.551268
0.290283,-0.422868
0.290771,-0.547780
0.291260,-0.813485
0.291748,-0.750624
0.292236,-0.681751
0.292725,-0.799632
0.293213,-0.919029
0.293701,-1.073102
0.294189,-1.055314
0.294678,-0.880308
0.295166,-1.013352
0.295654,-1.197196
0.296143,-1.103750
0.296631,-0.980226
0.297119,-0.875190
0.297607,-0.905086
0.298096,-1.067291
0.298584,-0.969586
0.299072,-0.755575
0.299561,-0.832385
0.300049,-0.958026
0.300537,-0.889027
0.301025,-0.787905
0.301514,-0.540643
0.302002,-0.577193
0.302490,-0.746222
0.302979,-0.588703
0.303467,-0.329292
0.303955,-0.298927
0.304443,-0.303676
0.304932,-0.454132
0.305420,-0.377218
0.305908,-0.097100
0.306396,-0.199652
0.306885,-0.343350
0.307373,-0.309966
0.307861,-0.270516
0.308350,-0.086872
0.308838,-0.106428
0.309326,-0.344909
0.309814,-0.233275
0.310303,-0.047225
0.310791,-0.053504
0.311279,-0.117201
0.311768,-0.288801
0.312256,-0.209290
0.312744,0.022910
0.313232,-0.122604
0.313721,-0.253163
0.314209,-0.244612
0.314697,-0.201081
0.315186,0.002075
0.315674,-0.018429
0.316162,-0.162830
0.316650,-0.016642
0.317139,0.139766
0.317627,0.294642
0.318115,0.307352
0.318604,0.162127
0.319092,0.333973
0.319580,0.525050
0.320068,0.520493
0.320557,0.556293
0.321045,0.439723
0.321533,0.603174
0.322021,0.943876
0.322510,0.881055
0.322998,0.905537
0.323486,1.000517
0.323975,1.049625
0.324463,1.373719
0.324951,1.333717
0.325439,1.167227
0.325928,1.342468
0.326416,1.390974
0.326904,1.538726
0.327393,1.484569
0.327881,1.231684
0.328369,1.370952
0.328857,1.451145
0.329346,1.533492
0.329834,1.478720
0.330322,1.293803
0.330811,1.447177
0.331299,1.517681
0.331787,1.522458
0.332275,1.446533
0.332764,1.253901
0.333252,1.293793
0.333740,1.472831
0.334229,1.303644
0.334717,1.214416
0.335205,1.076209
0.335693,1.058790
0.336182,1.353262
0.336670,1.175094
0.337158,1.171608
0.337646,1.071473
0.338135,1.159931
0.338623,1.379143
0.339111,1.335349
0.339600,1.186948
0.340088,1.256443
0.340576,1.207346
0.341064,1.480815
0.341553,1.323865
0.342041,1.229105
0.342529,1.255516
0.343018,1.335229
0.343506,1.527522
0.343994,1.490261
0.344482,1.343971
0.344971,1.464310
0.345459,1.540734
0.345947,1.730264
0.346436,1.678368
0.346924,1.438280
0.347412,1.593096
0.347900,1.538552
0.348389,1.704352
0.348877,1.579210
0.349365,1.305861
0.349854,1.396009
0.350342,1.352536
0.350830,1.545523
0.351318,1.392488
0.351807,1.160437
0.352295,1.253374
0.352783,1.235558
0.353271,1.416941
0.353760,1.242862
0.354248,0.987894
0.354736,1.037003
0.355225,0.987657
0.355713,1.099264
0.356201,0.963698
0.356689,0.689290
0.357178,0.767295
0.357666,0.775712
0.358154,0.886541
0.358643,0.854782
0.359131,0.625040
0.359619,0.734479
0.360107,0.817988
0.360596,0.995541
0.361084,0.921669
0.361572,0.820713
0.362061,0.861222
0.362549,0.873606
0.363037,1.159142
0.363525,1.031469
0.364014,0.944722
0.364502,0.997269
0.364990,1.059709
0.365479,1.289341
0.365967,1.291821
0.366455,1.261344
0.366943,1.258422
0.367432,1.356262
0.367920,1.719839
0.368408,1.647364
0.368896,1.590804
0.369385,1.521035
0.369873,1.634157
0.370361,1.844307
0.370850,1.759256
0.371338,1.733620
0.371826,1.581357
0.372314,1.654112
0.372803,1.855421
0.373291,1.837763
0.373779,1.855414
0.374268,1.646067
0.374756,1.781703
0.375244,1.910839
0.375732,2.002033
0.376221,1.974220
0.376709,1.694748
0.377197,1.799083
0.377686,1.907274
0.378174,1.990946
0.378662,1.907740
0.379150,1.660436
0.379639,1.779374
0.380127,1.845356
0.380615,2.061548
0.381104,1.969283
0.381592,1.905627
0.382080,1.938679
0.382568,2.070042
0.383057,2.360664
0.383545,2.329775
0.384033,2.273326
0.384521,2.210234
0.385010,2.356391
0.385498,2.635222
0.385986,2.609240
0.386475,2.630511
0.386963,2.483346
0.387451,2.619842
0.387939,2.832079
0.388428,2.960669
0.388916,3.066367
0.389404,2.892614
0.389893,3.087214
0.390381,3.207786
0.390869,3.406292
0.391357,3.406562
0.391846,3.299038
0.392334,3.374833
0.392822,3.411128
0.393311,3.662184
0.393799,3.553593
0.394287,3.479504
0.394775,3.326482
0.395264,3.377593
0.395752,3.582729
0.396240,3.536183
0.396729,3.552888
0.397217,3.340419
0.397705,3.459795
0.398193,3.561777
0.398682,3.650660
0.399170,3.555798
0.399658,3.336268
0.400146,3.358606
0.400635,3.312351
0.401123,3.447855
0.401611,3.304379
0.402100,3.170241
0.402588,3.008327
0.403076,3.083550
0.403564,3.230520
0.404053,3.188427
0.404541,3.181911
0.405029,2.962278
0.405518,3.095702
0.406006,3.170860
0.406494,3.356829
0.406982,3.270224
0.407471,3.127614
0.407959,3.171303
0.408447,3.145995
0.408936,3.423732
0.409424,3.301669
0.409912,3.246905
0.410400,3.100934
0.410889,3.192300
0.411377,3.347247
0.411865,3.417489
0.412354,3.410548
0.412842,3.214818
0.413330,3.335895
0.413818,3.382517
0.414307,3.606608
0.414795,3.485079
0.415283,3.406146
0.415771,3.278158
0.416260,3.310279
0.416748,3.488358
0.417236,3.383497
0.417725,3.328228
0.418213,3.050416
0.418701,3.093717
0.419189,3.101295
0.419678,3.237658
0.420166,3.090622
0.420654,2.982204
0.421143,2.909308
0.421631,2.895814
0.422119,3.096029
0.422607,2.965673
0.423096,2.910666
0.423584,2.631709
0.424072,2.640072
0.424561,2.610264
0.425049,2.707999
0.425537,2.530701
0.426025,2.317699
0.426514,2.258084
0.427002,2.266479
0.427490,2.454744
0.427979,2.370637
0.428467,2.374251
0.428955,2.121057
0.429443,2.223385
0.429932,2.305984
0.430420,2.440928
0.430908,2.370909
0.431396,2.303817
0.431885,2.233004
0.432373,2.316656
0.432861,2.546907
0.433350,2.414376
0.433838,2.459432
0.434326,2.218286
0.434814,2.355179
0.435303,2.459090
0.435791,2.700622
0.436279,2.651956
0.436768,2.582288
0.437256,2.541050
0.437744,2.646634
0.438232,2.891576
0.438721,2.963974
0.439209,3.000745
0.439697,2.730609
0.440186,2.858652
0.440674,2.845801
0.441162,3.096372
0.441650,2.988987
0.442139,2.963766
0.442627,2.733959
0.443115,2.820361
0.443604,2.921352
0.444092,3.070618
0.444580,2.992962
0.445068,2.817952
0.445557,2.843513
0.446045,2.836820
0.446533,3.109765
0.447021,3.051089
0.447510,3.008924
0.447998,2.718455
0.448486,2.830102
0.448975,2.878141
0.449463,3.040521
0.449951,2.855836
0.450439,2.754684
0.450928,2.655087
0.451416,2.759361
0.451904,2.821126
0.452393,2.927472
0.452881,2.922103
0.453369,2.777158
0.453857,2.835725
0.454346,2.884897
0.454834,3.202783
0.455322,3.143390
0.455811,3.182352
0.456299,2.989546
0.456787,3.159122
0.457275,3.226867
0.457764,3.427108
0.458252,3.350026
0.458740,3.352588
0.459229,3.254171
0.459717,3.377881
0.460205,3.517993
0.460693,3.723906
0.461182,3.691606
0.461670,3.616965
0.462158,3.683996
0.462646,3.806900
0.463135,4.010232
0.463623,4.009296
0.464111,4.109488
0.464600,3.869873
0.465088,3.950338
0.465576,3.989446
0.466064,4.258229
0.466553,4.090868
0.467041,4.070309
0.467529,3.867098
0.468018,3.929129
0.468506,3.978303
0.468994,4.162419
0.469482,4.003006
0.469971,3.934857
0.470459,3.829480
0.470947,3.876272
0.471436,3.926854
0.471924,4.072716
0.472412,3.925682
0.472900,3.768393
0.473389,3.672671
0.473877,3.643831
0.474365,3.769357
0.474854,3.757669
0.475342,3.613304
0.475830,3.355013
0.476318,3.377927
0.476807,3.294255
0.477295,3.551950
0.477783,3.420883
0.478271,3.382924
0.478760,3.177509
0.479248,3.276606
0.479736,3.278982
0.480225,3.553289
0.480713,3.379847
0.481201,3.405506
0.481689,3.183967
0.482178,3.243790
0.482666,3.302319
0.483154,3.440198
0.483643,3.354831
0.484131,3.305682
0.484619,3.073304
0.485107,3.215879
0.485596,3.240458
0.486084,3.437114
0.486572,3.372684
0.487061,3.280214
0.487549,3.196732
0.488037,3.279641
0.488525,3.400198
0.489014,3.524093
0.489502,3.415248
0.489990,3.363152
0.490479,3.154923
0.490967,3.243138
0.491455,3.275603
0.491943,3.366369
0.492432,3.212781
0.492920,3.010251
0.493408,2.922942
0.493896,2.872121
0.494385,3.018529
0.494873,3.001059
0.495361,2.925995
0.495850,2.691150
0.496338,2.644114
0.496826,2.617811
0.497314,2.744902
0.497803,2.751599
0.498291,2.600862
0.498779,2.407881
0.499268,2.271823
0.499756,2.265531
0.500244,2.345408
0.500732,2.285483
0.501221,2.174975
0.501709,1.922037
0.502197,1.858053
0.502686,1.836719
0.503174,1.984132
0.503662,1.948470
0.504150,1.902124
0.504639,1.719383
0.505127,1.727155
0.505615,1.748999
0.506104,1.947434
0.506592,1.927992
0.507080,1.905098
0.507568,1.722235
0.508057,1.756298
0.508545,1.773959
0.509033,1.952473
0.509521,1.925453
0.510010,1.898059
0.510498,1.716506
0.510986,1.754897
0.511475,1.822900
0.511963,2.040971
0.512451,2.056725
0.512939,2.052932
0.513428,1.920618
0.513916,1.953615
0.514404,2.089152
0.514893,2.275341
0.515381,2.381156
0.515869,2.299812
0.516357,2.183658
0.516846,2.148626
0.517334,2.181805
0.517822,2.368679
0.518311,2.372740
0.518799,2.329721
0.519287,2.144417
0.519775,2.121970
0.520264,2.121240
0.520752,2.288039
0.521240,2.333652
0.521729,2.240532
0.522217,2.160233
0.522705,2.050726
0.523193,2.190023
0.523682,2.236359
0.524170,2.411041
0.524658,2.249609
0.525146,2.136202
0.525635,1.993930
0.526123,2.045785
0.526611,2.131357
0.527100,2.191611
0.527588,2.104799
0.528076,2.025279
0.528564,1.823457
0.529053,1.939918
0.529541,1.941516
0.530029,2.172983
0.530518,2.072225
0.531006,2.034316
0.531494,1.908818
0.531982,2.011470
0.532471,2.135025
0.532959,2.411174
0.533447,2.306792
0.533936,2.380874
0.534424,2.127379
0.534912,2.292902
0.535400,2.313174
0.535889,2.552176
0.536377,2.522204
0.536865,2.564543
0.537354,2.333057
0.537842,2.499344
0.538330,2.489732
0.538818,2.788066
0.539307,2.840207
0.539795,2.829345
0.540283,2.754393
0.540771,2.799533
0.541260,2.883805
0.541748,3.115978
0.542236,3.231819
0.542725,3.152337
0.543213,3.139069
0.543701,2.999946
0.544189,3.101739
0.544678,3.223669
0.545166,3.332532
0.545654,3.218460
0.546143,3.185825
0.546631,2.954570
0.547119,3.036522
0.547607,3.091480
0.548096,3.252045
0.548584,3.108061
0.549072,3.144538
0.549561,2.852457
0.550049,2.946973
0.550537,2.952109
0.551025,3.168865
0.551514,3.015604
0.552002,3.040343
0.552490,2.767319
0.552979,2.705259
0.553467,2.719436
0.553955,2.839119
0.554443,2.790092
0.554932,2.668114
0.555420,2.553241
0.555908,2.348128
0.556396,2.401685
0.556885,2.471785
0.557373,2.588578
0.557861,2.416964
0.558350,2.377333
0.558838,2.209180
0.559326,2.287129
0.559814,2.300510
0.560303,2.575257
0.560791,2.434425
0.561279,2.415172
0.561768,2.171151
0.562256,2.293200
0.562744,2.259146
0.563232,2.419666
0.563721,2.419783
0.564209,2.368192
0.564697,2.206707
0.565186,2.110064
0.565674,2.243487
0.566162,2.319955
0.566650,2.448943
0.567139,2.376006
0.567627,2.369845
0.568115,2.190491
0.568604,2.285532
0.569092,2.325096
0.569580,2.602985
0.570068,2.467202
0.570557,2.455863
0.571045,2.195544
0.571533,2.271242
0.572021,2.236052
0.572510,2.351663
0.572998,2.323532
0.573486,2.203404
0.573975,2.080232
0.574463,1.892630
0.574951,1.891294
0.575439,1.921817
0.575928,2.093942
0.576416,1.921800
0.576904,1.823182
0.577393,1.558605
0.577881,1.647315
0.578369,1.617561
0.578857,1.812708
0.579346,1.624000
0.579834,1.580047
0.580322,1.350762
0.580811,1.264984
0.581299,1.261678
0.581787,1.231028
0.582275,1.306718
0.582764,1.147290
0.583252,1.034291
0.583740,0.783061
0.584229,0.784106
0.584717,0.777196
0.585205,0.991082
0.585693,0.873851
0.586182,0.869997
0.586670,0.599323
0.587158,0.628235
0.587646,0.679122
0.588135,0.871498
0.588623,0.954664
0.589111,0.855220
0.589600,0.742082
0.590088,0.603623
0.590576,0.703567
0.591064,0.779225
0.591553,0.972817
0.592041,0.853879
0.592529,0.836687
0.593018,0.617101
0.593506,0.696279
0.593994,0.779321
0.594482,0.953591
0.594971,1.063290
0.595459,0.977018
0.595947,0.933062
0.596436,0.841399
0.596924,1.005569
0.597412,1.117297
0.597900,1.352857
0.598389,1.260237
0.598877,1.262167
0.599365,1.038885
0.599854,1.114834
0.600342,1.140266
0.600830,1.322266
0.601318,1.378078
0.601807,1.258217
0.602295,1.154388
0.602783,0.943561
0.603271,1.057154
0.603760,1.060013
0.604248,1.310608
0.604736,1.219955
0.605225,1.233772
0.605713,1.005776
0.606201,1.021507
0.606689,1.047550
0.607178,1.160399
0.607666,1.300667
0.608154,1.182612
0.608643,1.142324
0.609131,0.951676
0.609619,1.032493
0.610107,0.968820
0.610596,1.199558
0.611084,1.043157
0.611572,0.976713
0.612061,0.810463
0.612549,0.712571
0.613037,0.800674
0.613525,0.884588
0.614014,1.085376
0.614502,0.989627
0.614990,0.993892
0.615479,0.775730
0.615967,0.942623
0.616455,0.941482
0.616943,1.167941
0.617432,1.236916
0.617920,1.214764
0.618408,1.165493
0.618896,1.055802
0.619385,1.189974
0.619873,1.266257
0.620361,1.536000
0.620850,1.423421
0.621338,1.467475
0.621826,1.263134
0.622314,1.298997
0.622803,1.412352
0.623291,1.539284
0.623779,1.720106
0.624268,1.659108
0.624756,1.692490
0.625244,1.541714
0.625732,1.740402
0.626221,1.778774
0.626709,2.051197
0.627197,2.084594
0.627686,2.046630
0.628174,1.979150
0.628662,1.865799
0.629150,1.992413
0.629639,2.021134
0.630127,2.240425
0.630615,2.108354
0.631104,2.115828
0.631592,1.870141
0.632080,1.840819
0.632568,1.905644
0.633057,1.962322
0.633545,2.098208
0.634033,1.978158
0.634521,1.936119
0.635010,1.682214
0.635498,1.784600
0.635986,1.740217
0.636475,1.916021
0.636963,1.946214
0.637451,1.805297
0.637939,1.697497
0.638428,1.484035
0.638916,1.538307
0.639404,1.461860
0.639893,1.632407
0.640381,1.476219
0.640869,1.402069
0.641357,1.194934
0.641846,1.052072
0.642334,1.123299
0.642822,1.140146
0.643311,1.308413
0.643799,1.164069
0.644287,1.177648
0.644775,0.928318
0.645264,0.946043
0.645752,1.006081
0.646240,1.102732
0.646729,1.249882
0.647217,1.156458
0.647705,1.132222
0.648193,0.881369
0.648682,0.986208
0.649170,0.940652
0.649658,1.087978
0.650146,1.133631
0.650635,1.000642
0.651123,0.932264
0.651611,0.755294
0.652100,0.878901
0.652588,0.866061
0.653076,1.113998
0.653564,1.066804
0.654053,1.000037
0.654541,0.893889
0.655029,0.752148
0.655518,0.868856
0.656006,0.903192
0.656494,1.160930
0.656982,1.047118
0.657471,1.032791
0.657959,0.831882
0.658447,0.695127
0.658936,0.765607
0.659424,0.787772
0.659912,0.957187
0.660400,0.798862
0.660889,0.770905
0.661377,0.480816
0.661865,0.415148
0.662354,0.443970
0.662842,0.463686
0.663330,0.560296
0.663818,0.379877
0.664307,0.347338
0.664795,0.058145
0.665283,0.078727
0.665771,0.056837
0.666260,0.090542
0.666748,0.185396
0.667236,0.044423
0.667725,-0.025757
0.668213,-0.327157
0.668701,-0.276975
0.669189,-0.344837
0.669678,-0.302833
0.670166,-0.323607
0.670654,-0.516577
0.671143,-0.616916
0.671631,-0.911785
0.672119,-0.854391
0.672607,-0.901339
0.673096,-0.740499
0.673584,-0.725565
0.674072,-0.856190
0.674561,-0.898463
0.675049,-1.110365
0.675537,-1.023870
0.676025,-1.047453
0.676514,-0.850132
0.677002,-0.857195
0.677490,-0.925228
0.677979,-0.964997
0.678467,-1.138315
0.678955,-1.005230
0.679443,-1.043190
0.679932,-0.864769
0.680420,-0.899330
0.680908,-0.991366
0.681396,-1.074306
0.681885,-1.191461
0.682373,-1.042642
0.682861,-1.059278
0.683350,-0.781266
0.683838,-0.830022
0.684326,-0.883916
0.684814,-0.907212
0.685303,-1.043330
0.685791,-0.847387
0.686279,-0.828841
0.686768,-0.547104
0.687256,-0.559789
0.687744,-0.636518
0.688232,-0.696058
0.688721,-0.868724
0.689209,-0.748039
0.689697,-0.755996
0.690186,-0.517008
0.690674,-0.563829
0.691162,-0.671496
0.691650,-0.775199
0.692139,-0.988726
0.692627,-0.874812
0.693115,-0.897267
0.693604,-0.635424
0.694092,-0.680694
0.694580,-0.782315
0.695068,-0.875627
0.695557,-1.070536
0.696045,-0.918145
0.696533,-0.932304
0.697021,-0.664406
0.697510,-0.750782
0.697998,-0.851380
0.698486,-0.986160
0.698975,-1.136383
0.699463,-1.038190
0.699951,-1.069415
0.700439,-0.916238
0.700928,-0.983411
0.701416,-1.120037
0.701904,-1.170296
0.702393,-1.351130
0.702881,-1.240804
0.703369,-1.335263
0.703857,-1.144501
0.704346,-1.085759
0.704834,-1.140429
0.705322,-1.134835
0.705811,-1.357224
0.706299,-1.220858
0.706787,-1.235622
0.707275,-0.962955
0.707764,-0.836379
0.708252,-0.930960
0.708740,-0.958386
0.709229,-1.196697
0.709717,-1.004136
0.710205,-0.966356
0.710693,-0.809745
0.711182,-0.699976
0.711670,-0.830648
0.712158,-0.780825
0.712646,-0.971670
0.713135,-0.862948
0.713623,-0.810490
0.714111,-0.702380
0.714600,-0.479601
0.715088,-0.511362
0.715576,-0.481176
0.716064,-0.673233
0.716553,-0.596701
0.717041,-0.464795
0.717529,-0.305254
0.718018,-0.135291
0.718506,-0.240219
0.718994,-0.153340
0.719482,-0.355337
0.719971,-0.399562
0.720459,-0.301847
0.720947,-0.254693
0.721436,-0.068155
0.721924,-0.195812
0.722412,-0.230197
0.722900,-0.430971
0.723389,-0.494235
0.723877,-0.413420
0.724365,-0.480178
0.724854,-0.261495
0.725342,-0.320053
0.725830,-0.350312
0.726318,-0.518546
0.726807,-0.705903
0.727295,-0.560650
0.727783,-0.584346
0.728271,-0.403873
0.728760,-0.473204
0.729248,-0.580905
0.729736,-0.646448
0.730225,-0.903400
0.730713,-0.869505
0.731201,-0.942055
0.731689,-0.803461
0.732178,-0.788615
0.732666,-0.976731
0.733154,-1.043243
0.733643,-1.326461
0.734131,-1.310935
0.734619,-1.332476
0.735107,-1.243632
0.735596,-1.109895
0.736084,-1.298650
0.736572,-1.297450
0.737061,-1.486182
0.737549,-1.513632
0.738037,-1.469848
0.738525,-1.422537
0.739014,-1.172526
0.739502,-1.333575
0.739990,-1.367473
0.740479,-1.480367
0.740967,-1.586351
0.741455,-1.541615
0.741943,-1.608550
0.742432,-1.333571
0.742920,-1.387079
0.743408,-1.499140
0.743896,-1.585097
0.744385,-1.761565
0.744873,-1.680490
0.745361,-1.720778
0.745850,-1.502815
0.746338,-1.418267
0.746826,-1.553707
0.747314,-1.510060
0.747803,-1.725227
0.748291,-1.691410
0.748779,-1.659084
0.749268,-1.505571
0.749756,-1.363631
0.750244,-1.532377
0.750732,-1.477370
0.751221,-1.680844
0.751709,-1.805847
0.752197,-1.722830
0.752686,-1.724089
0.753174,-1.570695
0.753662,-1.714709
0.754150,-1.784703
0.754639,-1.988717
0.755127,-2.208561
0.755615,-2.077558
0.756104,-2.206926
0.756592,-2.077973
0.757080,-2.022199
0.757568,-2.164276
0.758057,-2.280865
0.758545,-2.531989
0.759033,-2.453109
0.759521,-2.506565
0.760010,-2.424148
0.760498,-2.322271
0.760986,-2.541525
0.761475,-2.513219
0.761963,-2.795120
0.762451,-2.978832
0.762939,-2.907934
0.763428,-2.926630
0.763916,-2.820286
0.764404,-2.984990
0.764893,-3.059475
0.765381,-3.248655
0.765869,-3.467819
0.766357,-3.398938
0.766846,-3.514693
0.767334,-3.308148
0.767822,-3.282649
0.768311,-3.469057
0.768799,-3.434361
0.769287,-3.695083
0.769775,-3.687595
0.770264,-3.593051
0.770752,-3.525114
0.771240,-3.361935
0.771729,-3.452968
0.772217,-3.462065
0.772705,-3.610500
0.773193,-3.674383
0.773682,-3.635051
0.774170,-3.625458
0.774658,-3.342285
0.775146,-3.429169
0.775635,-3.503040
0.776123,-3.536249
0.776611,-3.775538
0.777100,-3.625728
0.777588,-3.631606
0.778076,-3.489247
0.778564,-3.254875
0.779053,-3.402211
0.779541,-3.308841
0.780029,-3.446707
0.780518,-3.528022
0.781006,-3.355904
0.781494,-3.307563
0.781982,-3.042201
0.782471,-3.045464
0.782959,-3.119933
0.783447,-3.131588
0.783936,-3.288575
0.784424,-3.244328
0.784912,-3.209222
0.785400,-3.093779
0.785889,-2.979802
0.786377,-3.079632
0.786865,-3.103314
0.787354,-3.323424
0.787842,-3.395084
0.788330,-3.335836
0.788818,-3.228477
0.789307,-3.053452
0.789795,-3.146665
0.790283,-3.174998
0.790771,-3.281913
0.791260,-3.411290
0.791748,-3.334136
0.792236,-3.307111
0.792725,-3.164325
0.793213,-3.114991
0.793701,-3.155233
0.794189,-3.188435
0.794678,-3.430537
0.795166,-3.494810
0.795654,-3.430984
0.796143,-3.367753
0.796631,-3.244723
0.797119,-3.308183
0.797607,-3.400874
0.798096,-3.514611
0.798584,-3.666614
0.799072,-3.613121
0.799561,-3.595146
0.800049,-3.491962
0.800537,-3.302726
0.801025,-3.398699
0.801514,-3.420126
0.802002,-3.536114
0.802490,-3.579388
0.802979,-3.424372
0.803467,-3.408517
0.803955,-3.075034
0.804443,-3.094079
0.804932,-3.205882
0.805420,-3.132894
0.805908,-3.344829
0.806396,-3.187958
0.806885,-3.181081
0.807373,-2.994172
0.807861,-2.840988
0.808350,-2.989913
0.808838,-2.833766
0.809326,-3.056469
0.809814,-3.091570
0.810303,-2.949190
0.810791,-2.873291
0.811279,-2.641652
0.811768,-2.558273
0.812256,-2.558433
0.812744,-2.609807
0.813232,-2.705913
0.813721,-2.612515
0.814209,-2.474651
0.814697,-2.394429
0.815186,-2.091140
0.815674,-2.212220
0.816162,-2.167123
0.816650,-2.239328
0.817139,-2.399321
0.817627,-2.223418
0.818115,-2.314974
0.818604,-2.050805
0.819092,-2.046035
0.819580,-2.116069
0.820068,-2.123727
0.820557,-2.363684
0.821045,-2.429941
0.821533,-2.294106
0.822021,-2.333950
0.822510,-2.092285
0.822998,-2.133382
0.823486,-2.240064
0.823975,-2.265676
0.824463,-2.522857
0.824951,-2.354285
0.825439,-2.437745
0.825928,-2.275993
0.826416,-2.179227
0.826904,-2.298064
0.827393,-2.328121
0.827881,-2.460963
0.828369,-2.685863
0.828857,-2.571944
0.829346,-2.668862
0.829834,-2.519413
0.830322,-2.505887
0.830811,-2.623446
0.831299,-2.721902
0.831787,-2.958149
0.832275,-3.036383
0.832764,-2.962377
0.833252,-2.994631
0.833740,-2.732880
0.834229,-2.846201
0.834717,-2.904487
0.835205,-2.951595
0.835693,-3.174730
0.836182,-3.079299
0.836670,-3.005622
0.837158,-2.960643
0.837646,-2.748483
0.838135,-2.864563
0.838623,-2.861408
0.839111,-2.988872
0.839600,-3.111026
0.840088,-3.036165
0.840576,-3.048451
0.841064,-2.905938
0.841553,-2.793500
0.842041,-2.943943
0.842529,-2.878601
0.843018,-3.141059
0.843506,-3.184910
0.843994,-3.086320
0.844482,-3.086330
0.844971,-2.860361
0.845459,-2.776811
0.845947,-2.905440
0.846436,-2.853899
0.846924,-3.086124
0.847412,-3.023692
0.847900,-2.937091
0.848389,-2.838052
0.848877,-2.673858
0.849365,-2.669984
0.849854,-2.794387
0.850342,-2.803233
0.850830,-3.078830
0.851318,-2.917826
0.851807,-2.993592
0.852295,-2.886644
0.852783,-2.760307
0.853271,-2.955155
0.853760,-2.945571
0.854248,-3.149191
0.854736,-3.326954
0.855225,-3.243482
0.855713,-3.300816
0.856201,-3.220769
0.856689,-3.066551
0.857178,-3.301781
0.857666,-3.228017
0.858154,-3.487072
0.858643,-3.591787
0.859131,-3.518126
0.859619,-3.578140
0.860107,-3.409652
0.860596,-3.379445
0.861084,-3.513393
0.861572,-3.582642
0.862061,-3.808210
0.862549,-3.969460
0.863037,-3.857447
0.863525,-3.964869
0.864014,-3.773887
0.864502,-3.835186
0.864990,-3.998364
0.865479,-4.057069
0.865967,-4.356702
0.866455,-4.347893
0.866943,-4.375367
0.867432,-4.283230
0.867920,-4.142270
0.868408,-4.205945
0.868896,-4.249693
0.869385,-4.344704
0.869873,-4.535146
0.870361,-4.454027
0.870850,-4.360778
0.871338,-4.350899
0.871826,-4.071328
0.872314,-4.199021
0.872803,-4.217059
0.873291,-4.251907
0.873779,-4.493235
0.874268,-4.292623
0.874756,-4.360559
0.875244,-4.208467
0.875732,-4.010815
0.876221,-4.178917
0.876709,-4.127438
0.877197,-4.240028
0.877686,-4.351887
0.878174,-4.260463
0.878662,-4.221001
0.879150,-4.058780
0.879639,-3.866496
0.880127,-3.943842
0.880615,-3.919788
0.881104,-3.927981
0.881592,-4.065135
0.882080,-3.893127
0.882568,-3.853421
0.883057,-3.697536
0.883545,-3.436607
0.884033,-3.594662
0.884521,-3.525078
0.885010,-3.615052
0.885498,-3.783750
0.885986,-3.567131
0.886475,-3.662527
0.886963,-3.484066
0.887451,-3.319918
0.887939,-3.501267
0.888428,-3.397955
0.888916,-3.644460
0.889404,-3.770020
0.889893,-3.593085
0.890381,-3.679319
0.890869,-3.427720
0.891357,-3.354493
0.891846,-3.490979
0.892334,-3.397541
0.892822,-3.631017
0.893311,-3.645390
0.893799,-3.540914
0.894287,-3.596053
0.894775,-3.346273
0.895264,-3.307061
0.895752,-3.384573
0.896240,-3.324370
0.896729,-3.587094
0.897217,-3.630279
0.897705,-3.585045
0.898193,-3.639446
0.898682,-3.410666
0.899170,-3.392809
0.899658,-3.467083
0.900146,-3.457853
0.900635,-3.719877
0.901123,-3.750624
0.901611,-3.711774
0.902100,-3.704779
0.902588,-3.456775
0.903076,-3.409505
0.903564,-3.419573
0.904053,-3.387983
0.904541,-3.570693
0.905029,-3.557274
0.905518,-3.472795
0.906006,-3.425920
0.906494,-3.170392
0.906982,-3.078591
0.907471,-3.088084
0.907959,-3.027165
0.908447,-3.193293
0.908936,-3.207109
0.909424,-3.074869
0.909912,-3.075757
0.910400,-2.829344
0.910889,-2.723995
0.911377,-2.818316
0.911865,-2.720513
0.912354,-2.890051
0.912842,-2.966147
0.913330,-2.746712
0.913818,-2.796990
0.914307,-2.523990
0.914795,-2.317836
0.915283,-2.445924
0.915771,-2.269511
0.916260,-2.390167
0.916748,-2.479112
0.917236,-2.224104
0.917725,-2.231213
0.918213,-2.030698
0.918701,-1.793439
0.919189,-1.900686
0.919678,-1.843204
0.920166,-1.914932
0.920654,-2.051732
0.921143,-1.939826
0.921631,-1.880697
0.922119,-1.790483
0.922607,-1.659320
0.923096,-1.703088
0.923584,-1.763466
0.924072,-1.874413
0.924561,-2.006160
0.925049,-1.931267
0.925537,-1.928679
0.926025,-1.816597
0.926514,-1.639784
0.927002,-1.794181
0.927490,-1.751309
0.927979,-1.846806
0.928467,-2.080551
0.928955,-1.892355
0.929443,-1.918579
0.929932,-1.876933
0.930420,-1.628511
0.930908,-1.770392
0.931396,-1.853033
0.931885,-1.915884
0.932373,-2.136546
0.932861,-2.161584
0.933350,-2.093982
0.933838,-2.090760
0.934326,-1.967865
0.934814,-2.021740
0.935303,-2.123580
0.935791,-2.224159
0.936279,-2.489406
0.936768,-2.448666
0.937256,-2.391803
0.937744,-2.454393
0.938232,-2.148540
0.938721,-2.215556
0.939209,-2.334943
0.939697,-2.303863
0.940186,-2.520453
0.940674,-2.586034
0.941162,-2.469160
0.941650,-2.414018
0.942139,-2.252927
0.942627,-2.145413
0.943115,-2.208636
0.943604,-2.195645
0.944092,-2.411742
0.944580,-2.494395
0.945068,-2.359209
0.945557,-2.462379
0.946045,-2.267664
0.946533,-2.103633
0.947021,-2.265239
0.947510,-2.234007
0.947998,-2.348463
0.948486,-2.493562
0.948975,-2.442032
0.949463,-2.396750
0.949951,-2.265163
0.950439,-2.088214
0.950928,-2.181445
0.951416,-2.137610
0.951904,-2.180147
0.952393,-2.434995
0.952881,-2.253144
0.953369,-2.173935
0.953857,-2.115370
0.954346,-1.893714
0.954834,-1.920733
0.955322,-1.974689
0.955811,-2.085422
0.956299,-2.274989
0.956787,-2.228154
0.957275,-2.169288
0.957764,-2.234170
0.958252,-2.014507
0.958740,-2.001350
0.959229,-2.202680
0.959717,-2.190019
0.960205,-2.428830
0.960693,-2.526226
0.961182,-2.524255
0.961670,-2.542597
0.962158,-2.350942
0.962646,-2.285680
0.963135,-2.484307
0.963623,-2.486493
0.964111,-2.583855
0.964600,-2.809741
0.965088,-2.714419
0.965576,-2.751166
0.966064,-2.643762
0.966553,-2.533178
0.967041,-2.686583
0.967529,-2.718910
0.968018,-2.841365
0.968506,-3.104919
0.968994,-3.089323
0.969482,-3.032662
0.969971,-3.080852
0.970459,-2.934163
0.970947,-3.038217
0.971436,-3.128557
0.971924,-3.207559
0.972412,-3.534737
0.972900,-3.554957
0.973389,-3.483917
0.973877,-3.507285
0.974365,-3.380533
0.974854,-3.291250
0.975342,-3.417500
0.975830,-3.362579
0.976318,-3.577930
0.976807,-3.690035
0.977295,-3.536505
0.977783,-3.533377
0.978271,-3.402308
0.978760,-3.273434
0.979248,-3.340623
0.979736,-3.316855
0.980225,-3.371533
0.980713,-3.637610
0.981201,-3.486528
0.981689,-3.402553
0.982178,-3.363289
0.982666,-3.193089
0.983154,-3.207739
0.983643,-3.236132
0.984131,-3.246697
0.984619,-3.467305
0.985107,-3.500596
0.985596,-3.331898
0.986084,-3.303729
0.986572,-3.049547
0.987061,-3.006551
0.987549,-3.041365
0.988037,-2.923644
0.988525,-3.048223
0.989014,-3.178711
0.989502,-2.985684
0.989990,-2.928434
0.990479,-2.761098
0.990967,-2.534836
0.991455,-2.683191
0.991943,-2.615815
0.992432,-2.629075
0.992920,-2.817959
0.993408,-2.784135
0.993896,-2.683203
0.994385,-2.680260
0.994873,-2.370626
0.995361,-2.424300
0.995850,-2.543449
0.996338,-2.529603
0.996826,-2.721922
0.997314,-2.780826
0.997803,-2.663852
0.998291,-2.743558
0.998779,-2.561648
0.999268,-2.386938
0.999756,-2.503009
