0.000244,0.129680
0.000732,0.081981
0.001221,0.152447
0.001709,0.002821
0.002197,0.023837
0.002686,0.141039
0.003174,0.166660
0.003662,0.148059
0.004150,0.234989
0.004639,0.489450
0.005127,0.658585
0.005615,0.600096
0.006104,0.542919
0.006592,0.496120
0.007080,0.573526
0.007568,0.578282
0.008057,0.623263
0.008545,0.613793
0.009033,0.472306
0.009521,0.369047
0.010010,0.315027
0.010498,0.459874
0.010986,0.539114
0.011475,0.647160
0.011963,0.701051
0.012451,0.659783
0.012939,0.621768
0.013428,0.606589
0.013916,0.638891
0.014404,0.733502
0.014893,0.886644
0.015381,1.029859
0.015869,1.154964
0.016357,1.264483
0.016846,1.262633
0.017334,1.212444
0.017822,1.147662
0.018311,1.136548
0.018799,1.031965
0.019287,1.080856
0.019775,1.083489
0.020264,1.170098
0.020752,1.233751
0.021240,1.275868
0.021729,1.132586
0.022217,1.033038
0.022705,0.930790
0.023193,0.888859
0.023682,0.876003
0.024170,0.736698
0.024658,0.721083
0.025146,0.867186
0.025635,0.995671
0.026123,0.968586
0.026611,1.013055
0.027100,1.131650
0.027588,1.162139
0.028076,1.074405
0.028564,1.083125
0.029053,1.117550
0.029541,1.029333
0.030029,1.022156
0.030518,1.172206
0.031006,1.172674
0.031494,1.245255
0.031982,1.447699
0.032471,1.484391
0.032959,1.558991
0.033447,1.666834
0.033936,1.622357
0.034424,1.614374
0.034912,1.616042
0.035400,1.461145
0.035889,1.439927
0.036377,1.368125
0.036865,1.254375
0.037354,1.337409
0.037842,1.310050
0.038330,1.368896
0.038818,1.455917
0.039307,1.357311
0.039795,1.450968
0.040283,1.382519
0.040771,1.416191
0.041260,1.349212
0.041748,1.139377
0.042236,1.155524
0.042725,1.025691
0.043213,0.934403
0.043701,0.806170
0.044189,0.824431
0.044678,0.834302
0.045166,0.697205
0.045654,0.881504
0.046143,0.825026
0.046631,0.960813
0.047119,0.987794
0.047607,1.062809
0.048096,1.023584
0.048584,1.132344
0.049072,1.046202
0.049561,1.044483
0.050049,1.066754
0.050537,0.904946
0.051025,1.021479
0.051514,0.848016
0.052002,1.007351
0.052490,0.875281
0.052979,1.046568
0.053467,0.968383
0.053955,1.148593
0.054443,1.119766
0.054932,1.312711
0.055420,1.293487
0.055908,1.439587
0.056396,1.412658
0.056885,1.503322
0.057373,1.417436
0.057861,1.468824
0.058350,1.331068
0.058838,1.365546
0.059326,1.174959
0.059814,1.250898
0.060303,1.053734
0.060791,1.157522
0.061279,0.939091
0.061768,1.080511
0.062256,0.895030
0.062744,1.035865
0.063232,0.975103
0.063721,1.039950
0.064209,1.056951
0.064697,1.010908
0.065186,1.092926
0.065674,0.970914
0.066162,1.004005
0.066650,0.892480
0.067139,0.847122
0.067627,0.691253
0.068115,0.715833
0.068604,0.451799
0.069092,0.513173
0.069580,0.352250
0.070068,0.255070
0.070557,0.274212
0.071045,0.181228
0.071533,0.207394
0.072021,0.160354
0.072510,0.293282
0.072998,0.174936
0.073486,0.350963
0.073975,0.334415
0.074463,0.325071
0.074951,0.452824
0.075439,0.410004
0.075928,0.457332
0.076416,0.366452
0.076904,0.490974
0.077393,0.362171
0.077881,0.301326
0.078369,0.341324
0.078857,0.229702
0.079346,0.279607
0.079834,0.112564
0.080322,0.229687
0.080811,0.207652
0.081299,0.161248
0.081787,0.237066
0.082275,0.220353
0.082764,0.426550
0.083252,0.335287
0.083740,0.447720
0.084229,0.596187
0.084717,0.592102
0.085205,0.727241
0.085693,0.606031
0.086182,0.703001
0.086670,0.739442
0.087158,0.658529
0.087646,0.688311
0.088135,0.510378
0.088623,0.553578
0.089111,0.512222
0.089600,0.371524
0.090088,0.411212
0.090576,0.189391
0.091064,0.175173
0.091553,0.206103
0.092041,0.095501
0.092529,0.196273
0.093018,0.030308
0.093506,0.050446
0.093994,0.111260
0.094482,0.056323
0.094971,0.194862
0.095459,0.161620
0.095947,0.111375
0.096436,0.159182
0.096924,0.020357
0.097412,0.088724
0.097900,0.053000
0.098389,-0.066817
0.098877,-0.018094
0.099365,-0.199629
0.099854,-0.314377
0.100342,-0.340703
0.100830,-0.580421
0.101318,-0.566483
0.101807,-0.619081
0.102295,-0.752308
0.102783,-0.688956
0.103271,-0.852956
0.103760,-0.920004
0.104248,-0.847254
0.104736,-0.968415
0.105225,-0.888205
0.105713,-0.804748
0.106201,-0.847053
0.106689,-0.711993
0.107178,-0.697489
0.107666,-0.702730
0.108154,-0.562583
0.108643,-0.657068
0.109131,-0.674414
0.109619,-0.573983
0.110107,-0.704085
0.110596,-0.706252
0.111084,-0.641149
0.111572,-0.802724
0.112061,-0.720076
0.112549,-0.730814
0.113037,-0.888199
0.113525,-0.753447
0.114014,-0.864896
0.114502,-0.904144
0.114990,-0.825192
0.115479,-0.891929
0.115967,-0.925919
0.116455,-0.786368
0.116943,-0.846820
0.117432,-0.822241
0.117920,-0.685264
0.118408,-0.719117
0.118896,-0.647377
0.119385,-0.523327
0.119873,-0.573016
0.120361,-0.484464
0.120850,-0.363783
0.121338,-0.481030
0.121826,-0.397722
0.122314,-0.307372
0.122803,-0.440257
0.123291,-0.399372
0.123779,-0.372325
0.124268,-0.567148
0.124756,-0.549152
0.125244,-0.556288
0.125732,-0.744906
0.126221,-0.721395
0.126709,-0.732239
0.127197,-0.916901
0.127686,-0.892434
0.128174,-0.904324
0.128662,-1.054460
0.129150,-0.990091
0.129639,-0.956907
0.130127,-1.083765
0.130615,-0.988283
0.131104,-0.932338
0.131592,-1.077542
0.132080,-0.999417
0.132568,-0.920195
0.133057,-1.013527
0.133545,-0.943793
0.134033,-0.898301
0.134521,-1.046310
0.135010,-1.013909
0.135498,-0.930835
0.135986,-1.094156
0.136475,-1.119824
0.136963,-1.062258
0.137451,-1.255641
0.137939,-1.340319
0.138428,-1.308398
0.138916,-1.474751
0.139404,-1.573655
0.139893,-1.552200
0.140381,-1.664064
0.140869,-1.832259
0.141357,-1.773138
0.141846,-1.851957
0.142334,-1.992120
0.142822,-1.942830
0.143311,-1.914485
0.143799,-2.046896
0.144287,-1.956536
0.144775,-1.874102
0.145264,-1.907859
0.145752,-1.857188
0.146240,-1.697496
0.146729,-1.721801
0.147217,-1.742938
0.147705,-1.577433
0.148193,-1.583245
0.148682,-1.687326
0.149170,-1.575184
0.149658,-1.551789
0.150146,-1.699793
0.150635,-1.672662
0.151123,-1.607580
0.151611,-1.712972
0.152100,-1.721284
0.152588,-1.648086
0.153076,-1.729710
0.153564,-1.811240
0.154053,-1.698477
0.154541,-1.776510
0.155029,-1.921220
0.155518,-1.891055
0.156006,-1.850924
0.156494,-1.944212
0.156982,-1.879437
0.157471,-1.710210
0.157959,-1.711745
0.158447,-1.696698
0.158936,-1.534905
0.159424,-1.529498
0.159912,-1.608512
0.160400,-1.470969
0.160889,-1.341682
0.161377,-1.376025
0.161865,-1.291786
0.162354,-1.105546
0.162842,-1.129849
0.163330,-1.202076
0.163818,-1.108080
0.164307,-1.113089
0.164795,-1.259962
0.165283,-1.207104
0.165771,-1.080524
0.166260,-1.188747
0.166748,-1.243755
0.167236,-1.189181
0.167725,-1.297251
0.168213,-1.522627
0.168701,-1.472845
0.169189,-1.419596
0.169678,-1.553915
0.170166,-1.604115
0.170654,-1.521664
0.171143,-1.603125
0.171631,-1.766890
0.172119,-1.723286
0.172607,-1.642223
0.173096,-1.710676
0.173584,-1.706829
0.174072,-1.585176
0.174561,-1.611323
0.175049,-1.746325
0.175537,-1.679295
0.176025,-1.533368
0.176514,-1.586514
0.177002,-1.589490
0.177490,-1.452057
0.177979,-1.541824
0.178467,-1.679962
0.178955,-1.635223
0.179443,-1.519112
0.179932,-1.624490
0.180420,-1.712948
0.180908,-1.684906
0.181396,-1.776008
0.181885,-1.944319
0.182373,-1.980660
0.182861,-1.854899
0.183350,-2.026399
0.183838,-2.183998
0.184326,-2.232282
0.184814,-2.221872
0.185303,-2.353256
0.185791,-2.390288
0.186279,-2.317801
0.186768,-2.418197
0.187256,-2.561027
0.187744,-2.528587
0.188232,-2.393238
0.188721,-2.418548
0.189209,-2.526278
0.189697,-2.428030
0.190186,-2.354455
0.190674,-2.424841
0.191162,-2.325330
0.191650,-2.158379
0.192139,-2.206338
0.192627,-2.296310
0.193115,-2.181245
0.193604,-1.995933
0.194092,-2.021248
0.194580,-2.076084
0.195068,-2.036813
0.195557,-1.959778
0.196045,-2.003724
0.196533,-1.979791
0.197021,-1.922950
0.197510,-1.975771
0.197998,-2.113018
0.198486,-2.077579
0.198975,-1.904201
0.199463,-2.024585
0.199951,-2.192755
0.200439,-2.187445
0.200928,-2.030098
0.201416,-2.088493
0.201904,-2.222138
0.202393,-2.143866
0.202881,-2.073634
0.203369,-2.099168
0.203857,-2.112928
0.204346,-2.057990
0.204834,-2.006616
0.205322,-2.024015
0.205811,-1.941193
0.206299,-1.762523
0.206787,-1.765803
0.207275,-1.835246
0.207764,-1.677492
0.208252,-1.463639
0.208740,-1.468771
0.209229,-1.549349
0.209717,-1.430336
0.210205,-1.214633
0.210693,-1.220656
0.211182,-1.361499
0.211670,-1.287865
0.212158,-1.096328
0.212646,-1.130673
0.213135,-1.273743
0.213623,-1.235443
0.214111,-1.137457
0.214600,-1.202183
0.215088,-1.305787
0.215576,-1.286421
0.216064,-1.258549
0.216553,-1.319455
0.217041,-1.422708
0.217529,-1.444234
0.218018,-1.443173
0.218506,-1.535908
0.218994,-1.566343
0.219482,-1.549381
0.219971,-1.541784
0.220459,-1.626911
0.220947,-1.641225
0.221436,-1.613510
0.221924,-1.583143
0.222412,-1.626574
0.222900,-1.602050
0.223389,-1.529917
0.223877,-1.544805
0.224365,-1.558969
0.224854,-1.490898
0.225342,-1.427343
0.225830,-1.436321
0.226318,-1.451420
0.226807,-1.406989
0.227295,-1.345966
0.227783,-1.340645
0.228271,-1.382701
0.228760,-1.412450
0.229248,-1.382545
0.229736,-1.355698
0.230225,-1.431553
0.230713,-1.503450
0.231201,-1.478940
0.231689,-1.513675
0.232178,-1.613588
0.232666,-1.672212
0.233154,-1.704415
0.233643,-1.716079
0.234131,-1.774978
0.234619,-1.936419
0.235107,-1.949595
0.235596,-1.904797
0.236084,-1.995606
0.236572,-2.111483
0.237061,-2.143211
0.237549,-2.029867
0.238037,-2.105140
0.238525,-2.254432
0.239014,-2.199429
0.239502,-2.051025
0.239990,-2.043077
0.240479,-2.241547
0.240967,-2.109974
0.241455,-1.929065
0.241943,-1.949649
0.242432,-2.093478
0.242920,-1.941780
0.243408,-1.753518
0.243896,-1.765541
0.244385,-1.863255
0.244873,-1.705065
0.245361,-1.587788
0.245850,-1.563924
0.246338,-1.643214
0.246826,-1.557314
0.247314,-1.496485
0.247803,-1.473446
0.248291,-1.464433
0.248779,-1.540022
0.249268,-1.487788
0.249756,-1.416688
0.250244,-1.409752
0.250732,-1.568024
0.251221,-1.549597
0.251709,-1.357484
0.252197,-1.476714
0.252686,-1.647992
0.253174,-1.556683
0.253662,-1.433823
0.254150,-1.493790
0.254639,-1.611414
0.255127,-1.556081
0.255615,-1.446591
0.256104,-1.465972
0.256592,-1.493734
0.257080,-1.473944
0.257568,-1.427544
0.258057,-1.303305
0.258545,-1.260009
0.259033,-1.360633
0.259521,-1.275383
0.260010,-1.013031
0.260498,-0.989125
0.260986,-1.097153
0.261475,-0.958622
0.261963,-0.753756
0.262451,-0.730999
0.262939,-0.738405
0.263428,-0.681195
0.263916,-0.589626
0.264404,-0.438436
0.264893,-0.415714
0.265381,-0.554245
0.265869,-0.462549
0.266357,-0.234377
0.266846,-0.302245
0.267334,-0.462902
0.267822,-0.399245
0.268311,-0.264345
0.268799,-0.325562
0.269287,-0.383354
0.269775,-0.421120
0.270264,-0.450031
0.270752,-0.372259
0.271240,-0.414223
0.271729,-0.603849
0.272217,-0.553315
0.272705,-0.422771
0.273193,-0.536299
0.273682,-0.723562
0.274170,-0.690506
0.274658,-0.636811
0.275146,-0.655807
0.275635,-0.665082
0.276123,-0.749804
0.276611,-0.725169
0.277100,-0.545381
0.277588,-0.601078
0.278076,-0.757082
0.278564,-0.658103
0.279053,-0.553484
0.279541,-0.583233
0.280029,-0.581587
0.280518,-0.588737
0.281006,-0.537480
0.281494,-0.341265
0.281982,-0.364581
0.282471,-0.527439
0.282959,-0.420196
0.283447,-0.280645
0.283936,-0.330213
0.284424,-0.359861
0.284912,-0.379321
0.285400,-0.371125
0.285889,-0.232490
0.286377,-0.298461
0.286865,-0.522009
0.287354,-0.457639
0.287842,-0.356822
0.288330,-0.450349
0.288818,-0.520623
0.289307,-0.621830
0.289795,-0.668387
0.290283,-0.573511
0.290771,-0.680141
0.291260,-0.899971
0.291748,-0.824560
0.292236,-0.765346
0.292725,-0.863282
0.293213,-0.919527
0.293701,-1.032128
0.294189,-1.024968
0.294678,-0.880015
0.295166,-1.001132
0.295654,-1.160281
0.296143,-1.084457
0.296631,-1.017078
0.297119,-0.946183
0.297607,-0.949266
0.298096,-1.078105
0.298584,-0.983197
0.299072,-0.779716
0.299561,-0.828704
0.300049,-0.894387
0.300537,-0.802954
0.301025,-0.738661
0.301514,-0.523186
0.302002,-0.546109
0.302490,-0.694160
0.302979,-0.562051
0.303467,-0.364315
0.303955,-0.362275
0.304443,-0.333131
0.304932,-0.446502
0.305420,-0.381926
0.305908,-0.128226
0.306396,-0.211754
0.306885,-0.304703
0.307373,-0.255069
0.307861,-0.254054
0.308350,-0.111344
0.308838,-0.129725
0.309326,-0.353678
0.309814,-0.270679
0.310303,-0.148005
0.310791,-0.183759
0.311279,-0.220906
0.311768,-0.369619
0.312256,-0.314391
0.312744,-0.112805
0.313232,-0.237129
0.313721,-0.322626
0.314209,-0.303722
0.314697,-0.290234
0.315186,-0.116842
0.315674,-0.141752
0.316162,-0.276934
0.316650,-0.156634
0.317139,-0.073865
0.317627,0.025752
0.318115,0.049577
0.318604,-0.075492
0.319092,0.083157
0.319580,0.262056
0.320068,0.272186
0.320557,0.353131
0.321045,0.277437
0.321533,0.408191
0.322021,0.687681
0.322510,0.612674
0.322998,0.634750
0.323486,0.709463
0.323975,0.717753
0.324463,0.983270
0.324951,0.947536
0.325439,0.816433
0.325928,0.980810
0.326416,1.006904
0.326904,1.139177
0.327393,1.124076
0.327881,0.929885
0.328369,1.067942
0.328857,1.116967
0.329346,1.155131
0.329834,1.105302
0.330322,0.919948
0.330811,1.027936
0.331299,1.058186
0.331787,1.030970
0.332275,0.990668
0.332764,0.812748
0.333252,0.841210
0.333740,0.998210
0.334229,0.853022
0.334717,0.825841
0.335205,0.722247
0.335693,0.690826
0.336182,0.924242
0.336670,0.741111
0.337158,0.743411
0.337646,0.659463
0.338135,0.698634
0.338623,0.877761
0.339111,0.812777
0.339600,0.700460
0.340088,0.776905
0.340576,0.739565
0.341064,1.002662
0.341553,0.893746
0.342041,0.839218
0.342529,0.885777
0.343018,0.933620
0.343506,1.110007
0.343994,1.077577
0.344482,0.950437
0.344971,1.043281
0.345459,1.063333
0.345947,1.225506
0.346436,1.187745
0.346924,0.999850
0.347412,1.143653
0.347900,1.079620
0.348389,1.241405
0.348877,1.176283
0.349365,0.967074
0.349854,1.053561
0.350342,0.985864
0.350830,1.137058
0.351318,1.008807
0.351807,0.798665
0.352295,0.862450
0.352783,0.792876
0.353271,0.922649
0.353760,0.782421
0.354248,0.569240
0.354736,0.614729
0.355225,0.550856
0.355713,0.659914
0.356201,0.574647
0.356689,0.364782
0.357178,0.437640
0.357666,0.407375
0.358154,0.501273
0.358643,0.471530
0.359131,0.264108
0.359619,0.342658
0.360107,0.360213
0.360596,0.508980
0.361084,0.447167
0.361572,0.359583
0.362061,0.415440
0.362549,0.422151
0.363037,0.693385
0.363525,0.601589
0.364014,0.549097
0.364502,0.616855
0.364990,0.665735
0.365479,0.868301
0.365967,0.838155
0.366455,0.808985
0.366943,0.812395
0.367432,0.863589
0.367920,1.149324
0.368408,1.060456
0.368896,1.044159
0.369385,0.998074
0.369873,1.077613
0.370361,1.263513
0.370850,1.197054
0.371338,1.224692
0.371826,1.090068
0.372314,1.143663
0.372803,1.301625
0.373291,1.262559
0.373779,1.269963
0.374268,1.059050
0.374756,1.160733
0.375244,1.229985
0.375732,1.262136
0.376221,1.238470
0.376709,1.000606
0.377197,1.110164
0.377686,1.170472
0.378174,1.232763
0.378662,1.197611
0.379150,0.999972
0.379639,1.105145
0.380127,1.124774
0.380615,1.310138
0.381104,1.212098
0.381592,1.134844
0.382080,1.155590
0.382568,1.230917
0.383057,1.453743
0.383545,1.394333
0.384033,1.375153
0.384521,1.338024
0.385010,1.445108
0.385498,1.693561
0.385986,1.685298
0.386475,1.744478
0.386963,1.619215
0.387451,1.760446
0.387939,1.932628
0.388428,2.012405
0.388916,2.105636
0.389404,1.949402
0.389893,2.112724
0.390381,2.160797
0.390869,2.327151
0.391357,2.331543
0.391846,2.233678
0.392334,2.310947
0.392822,2.345410
0.393311,2.568212
0.393799,2.465810
0.394287,2.459171
0.394775,2.339353
0.395264,2.361644
0.395752,2.532473
0.396240,2.475888
0.396729,2.478246
0.397217,2.265143
0.397705,2.367745
0.398193,2.398138
0.398682,2.444126
0.399170,2.370179
0.399658,2.180300
0.400146,2.207324
0.400635,2.163380
0.401123,2.294783
0.401611,2.157376
0.402100,2.088888
0.402588,1.969933
0.403076,2.015527
0.403564,2.134848
0.404053,2.082901
0.404541,2.072038
0.405029,1.864379
0.405518,1.986592
0.406006,1.995860
0.406494,2.141478
0.406982,2.082621
0.407471,1.963764
0.407959,2.025447
0.408447,2.014805
0.408936,2.265049
0.409424,2.162621
0.409912,2.183666
0.410400,2.070329
0.410889,2.160072
0.411377,2.299476
0.411865,2.336991
0.412354,2.338960
0.412842,2.179597
0.413330,2.278919
0.413818,2.276469
0.414307,2.477527
0.414795,2.350164
0.415283,2.310779
0.415771,2.233608
0.416260,2.251165
0.416748,2.417415
0.417236,2.348433
0.417725,2.334985
0.418213,2.117328
0.418701,2.185220
0.419189,2.148374
0.419678,2.273373
0.420166,2.141703
0.420654,2.034063
0.421143,1.972459
0.421631,1.920160
0.422119,2.060570
0.422607,1.938783
0.423096,1.904883
0.423584,1.657210
0.424072,1.700825
0.424561,1.651222
0.425049,1.756064
0.425537,1.630859
0.426025,1.458269
0.426514,1.442796
0.427002,1.440567
0.427490,1.579408
0.427979,1.496801
0.428467,1.510579
0.428955,1.272679
0.429443,1.373807
0.429932,1.391143
0.430420,1.503167
0.430908,1.447620
0.431396,1.397709
0.431885,1.368615
0.432373,1.435559
0.432861,1.648287
0.433350,1.560739
0.433838,1.639122
0.434326,1.454237
0.434814,1.608335
0.435303,1.663441
0.435791,1.889425
0.436279,1.828597
0.436768,1.777549
0.437256,1.755839
0.437744,1.806871
0.438232,2.008132
0.438721,2.042931
0.439209,2.088980
0.439697,1.883898
0.440186,2.010572
0.440674,1.990635
0.441162,2.231274
0.441650,2.126030
0.442139,2.169910
0.442627,1.967375
0.443115,2.060490
0.443604,2.132604
0.444092,2.230578
0.444580,2.173941
0.445068,2.000325
0.445557,2.022811
0.446045,1.980149
0.446533,2.172465
0.447021,2.107886
0.447510,2.079834
0.447998,1.837260
0.448486,1.956101
0.448975,1.954544
0.449463,2.130497
0.449951,1.967033
0.450439,1.924692
0.450928,1.849863
0.451416,1.927003
0.451904,1.979967
0.452393,2.040757
0.452881,2.046189
0.453369,1.904477
0.453857,1.948600
0.454346,1.969832
0.454834,2.206774
0.455322,2.144187
0.455811,2.197424
0.456299,2.043813
0.456787,2.218328
0.457275,2.248021
0.457764,2.467475
0.458252,2.399066
0.458740,2.457786
0.459229,2.383417
0.459717,2.509883
0.460205,2.625996
0.460693,2.773421
0.461182,2.767388
0.461670,2.698520
0.462158,2.764864
0.462646,2.829850
0.463135,2.989401
0.463623,2.981457
0.464111,3.069101
0.464600,2.887399
0.465088,2.972856
0.465576,3.008674
0.466064,3.251453
0.466553,3.116573
0.467041,3.151403
0.467529,2.973557
0.468018,3.070004
0.468506,3.065559
0.468994,3.234202
0.469482,3.069247
0.469971,3.030899
0.470459,2.911917
0.470947,2.934893
0.471436,2.955001
0.471924,3.041473
0.472412,2.931372
0.472900,2.794723
0.473389,2.741423
0.473877,2.703413
0.474365,2.826565
0.474854,2.813420
0.475342,2.730905
0.475830,2.533134
0.476318,2.562136
0.476807,2.496469
0.477295,2.695924
0.477783,2.576358
0.478271,2.547006
0.478760,2.369588
0.479248,2.449642
0.479736,2.421781
0.480225,2.643481
0.480713,2.486014
0.481201,2.540852
0.481689,2.345396
0.482178,2.448578
0.482666,2.472456
0.483154,2.645148
0.483643,2.565195
0.484131,2.597173
0.484619,2.405577
0.485107,2.562379
0.485596,2.563861
0.486084,2.751381
0.486572,2.681895
0.487061,2.625410
0.487549,2.544116
0.488037,2.617776
0.488525,2.693824
0.489014,2.783884
0.489502,2.708730
0.489990,2.679018
0.490479,2.535147
0.490967,2.602642
0.491455,2.661712
0.491943,2.738164
0.492432,2.649239
0.492920,2.495820
0.493408,2.463176
0.493896,2.403236
0.494385,2.528963
0.494873,2.495775
0.495361,2.443170
0.495850,2.226113
0.496338,2.193160
0.496826,2.129795
0.497314,2.226046
0.497803,2.199181
0.498291,2.088636
0.498779,1.929017
0.499268,1.834638
0.499756,1.818994
0.500244,1.905259
0.500732,1.853670
0.501221,1.795073
0.501709,1.599808
0.502197,1.570617
0.502686,1.542264
0.503174,1.657406
0.503662,1.618639
0.504150,1.580294
0.504639,1.421885
0.505127,1.420388
0.505615,1.418197
0.506104,1.563642
0.506592,1.535673
0.507080,1.530360
0.507568,1.394482
0.508057,1.438094
0.508545,1.464126
0.509033,1.627033
0.509521,1.623295
0.510010,1.632596
0.510498,1.513171
0.510986,1.572756
0.511475,1.622013
0.511963,1.814208
0.512451,1.810746
0.512939,1.825071
0.513428,1.699556
0.513916,1.737772
0.514404,1.820714
0.514893,1.965325
0.515381,2.034782
0.515869,1.987954
0.516357,1.887112
0.516846,1.890205
0.517334,1.907597
0.517822,2.085775
0.518311,2.085136
0.518799,2.086012
0.519287,1.944579
0.519775,1.953804
0.520264,1.931040
0.520752,2.077065
0.521240,2.081078
0.521729,2.006193
0.522217,1.917517
0.522705,1.832387
0.523193,1.893169
0.523682,1.919677
0.524170,2.032485
0.524658,1.893953
0.525146,1.795408
0.525635,1.686471
0.526123,1.734275
0.526611,1.786061
0.527100,1.858117
0.527588,1.779937
0.528076,1.753615
0.528564,1.578995
0.529053,1.700113
0.529541,1.654212
0.530029,1.863738
0.530518,1.739756
0.531006,1.736135
0.531494,1.576732
0.531982,1.685242
0.532471,1.727749
0.532959,1.963436
0.533447,1.846305
0.533936,1.934399
0.534424,1.719232
0.534912,1.876483
0.535400,1.892258
0.535889,2.107589
0.536377,2.095544
0.536865,2.161457
0.537354,1.998256
0.537842,2.144285
0.538330,2.141208
0.538818,2.380895
0.539307,2.406914
0.539795,2.413691
0.540283,2.337451
0.540771,2.378023
0.541260,2.412158
0.541748,2.603764
0.542236,2.666965
0.542725,2.618503
0.543213,2.603821
0.543701,2.509087
0.544189,2.599198
0.544678,2.693900
0.545166,2.810303
0.545654,2.705995
0.546143,2.730131
0.546631,2.526317
0.547119,2.631017
0.547607,2.623703
0.548096,2.777081
0.548584,2.614587
0.549072,2.653872
0.549561,2.389995
0.550049,2.453963
0.550537,2.417862
0.551025,2.569789
0.551514,2.427383
0.552002,2.439148
0.552490,2.215963
0.552979,2.178336
0.553467,2.167606
0.553955,2.280923
0.554443,2.229898
0.554932,2.161890
0.555420,2.070540
0.555908,1.927172
0.556396,1.968798
0.556885,1.997383
0.557373,2.101540
0.557861,1.918466
0.558350,1.912074
0.558838,1.729349
0.559326,1.813216
0.559814,1.771973
0.560303,1.998354
0.560791,1.858350
0.561279,1.852344
0.561768,1.666269
0.562256,1.777082
0.562744,1.757235
0.563232,1.910512
0.563721,1.909909
0.564209,1.907748
0.564697,1.792160
0.565186,1.753293
0.565674,1.851335
0.566162,1.911135
0.566650,2.026723
0.567139,1.942131
0.567627,1.969220
0.568115,1.779476
0.568604,1.881982
0.569092,1.869015
0.569580,2.101041
0.570068,1.966852
0.570557,1.972714
0.571045,1.777160
0.571533,1.843382
0.572021,1.811533
0.572510,1.932130
0.572998,1.900772
0.573486,1.836719
0.573975,1.743945
0.574463,1.610395
0.574951,1.614158
0.575439,1.609512
0.575928,1.764313
0.576416,1.570676
0.576904,1.521454
0.577393,1.262656
0.577881,1.325180
0.578369,1.266747
0.578857,1.399591
0.579346,1.223882
0.579834,1.193910
0.580322,0.989461
0.580811,0.938023
0.581299,0.921579
0.581787,0.903189
0.582275,0.968940
0.582764,0.836702
0.583252,0.784418
0.583740,0.558387
0.584229,0.597221
0.584717,0.552838
0.585205,0.725586
0.585693,0.612989
0.586182,0.599502
0.586670,0.369893
0.587158,0.389118
0.587646,0.386774
0.588135,0.541879
0.588623,0.574886
0.589111,0.502154
0.589600,0.423963
0.590088,0.305623
0.590576,0.422302
0.591064,0.456454
0.591553,0.654766
0.592041,0.559564
0.592529,0.577241
0.593018,0.427277
0.593506,0.500891
0.593994,0.563777
0.594482,0.715643
0.594971,0.779054
0.595459,0.719192
0.595947,0.685733
0.596436,0.579593
0.596924,0.729643
0.597412,0.764298
0.597900,0.963685
0.598389,0.869029
0.598877,0.879837
0.599365,0.705764
0.599854,0.782734
0.600342,0.789416
0.600830,0.959632
0.601318,0.993090
0.601807,0.918547
0.602295,0.862785
0.602783,0.674339
0.603271,0.807432
0.603760,0.758028
0.604248,0.969578
0.604736,0.870332
0.605225,0.865343
0.605713,0.663709
0.606201,0.667634
0.606689,0.634918
0.607178,0.717314
0.607666,0.800636
0.608154,0.672058
0.608643,0.669715
0.609131,0.475051
0.609619,0.565222
0.610107,0.493001
0.610596,0.682690
0.611084,0.558920
0.611572,0.523939
0.612061,0.386470
0.612549,0.332270
0.613037,0.384594
0.613525,0.422496
0.614014,0.604271
0.614502,0.471915
0.614990,0.494397
0.615479,0.291169
0.615967,0.414379
0.616455,0.383042
0.616943,0.553706
0.617432,0.575108
0.617920,0.577647
0.618408,0.539610
0.618896,0.437176
0.619385,0.584744
0.619873,0.618396
0.620361,0.873475
0.620850,0.787672
0.621338,0.846204
0.621826,0.693561
0.622314,0.757328
0.622803,0.835498
0.623291,0.944894
0.623779,1.094023
0.624268,1.006795
0.624756,1.068637
0.625244,0.916535
0.625732,1.077960
0.626221,1.087059
0.626709,1.290797
0.627197,1.287885
0.627686,1.278608
0.628174,1.219372
0.628662,1.124768
0.629150,1.266707
0.629639,1.256614
0.630127,1.467934
0.630615,1.362665
0.631104,1.383693
0.631592,1.195472
0.632080,1.199113
0.632568,1.225339
0.633057,1.265039
0.633545,1.379260
0.634033,1.233829
0.634521,1.224863
0.635010,0.981337
0.635498,1.048207
0.635986,0.984711
0.636475,1.107340
0.636963,1.090500
0.637451,0.982415
0.637939,0.899618
0.638428,0.698365
0.638916,0.779700
0.639404,0.686955
0.639893,0.837121
0.640381,0.711877
0.640869,0.674711
0.641357,0.507615
0.641846,0.411637
0.642334,0.474045
0.642822,0.452564
0.643311,0.610703
0.643799,0.455632
0.644287,0.471518
0.644775,0.256647
0.645264,0.268872
0.645752,0.278684
0.646240,0.347913
0.646729,0.466695
0.647217,0.352422
0.647705,0.378719
0.648193,0.167960
0.648682,0.264937
0.649170,0.236863
0.649658,0.380228
0.650146,0.410424
0.650635,0.335990
0.651123,0.327450
0.651611,0.170788
0.652100,0.322070
0.652588,0.300444
0.653076,0.503636
0.653564,0.455887
0.654053,0.417469
0.654541,0.319590
0.655029,0.189804
0.655518,0.306791
0.656006,0.286765
0.656494,0.503906
0.656982,0.405599
0.657471,0.404382
0.657959,0.235031
0.658447,0.153204
0.658936,0.221067
0.659424,0.221190
0.659912,0.408704
0.660400,0.270732
0.660889,0.277095
0.661377,0.053637
0.661865,0.025701
0.662354,0.038707
0.662842,0.041792
0.663330,0.136446
0.663818,-0.056043
0.664307,-0.069426
0.664795,-0.313849
0.665283,-0.308086
0.665771,-0.368902
0.666260,-0.351710
0.666748,-0.290495
0.667236,-0.442270
0.667725,-0.462931
0.668213,-0.727446
0.668701,-0.676842
0.669189,-0.733660
0.669678,-0.683552
0.670166,-0.707018
0.670654,-0.858682
0.671143,-0.885301
0.671631,-1.140527
0.672119,-1.077509
0.672607,-1.122032
0.673096,-0.986886
0.673584,-1.011579
0.674072,-1.117782
0.674561,-1.130662
0.675049,-1.348190
0.675537,-1.264847
0.676025,-1.310059
0.676514,-1.156483
0.677002,-1.194287
0.677490,-1.233017
0.677979,-1.238822
0.678467,-1.406785
0.678955,-1.248676
0.679443,-1.279469
0.679932,-1.122368
0.680420,-1.139096
0.680908,-1.168414
0.681396,-1.211809
0.681885,-1.304316
0.682373,-1.140343
0.682861,-1.169351
0.683350,-0.937456
0.683838,-0.994157
0.684326,-1.010865
0.684814,-1.033909
0.685303,-1.171296
0.685791,-0.982869
0.686279,-1.010987
0.686768,-0.790835
0.687256,-0.810707
0.687744,-0.857269
0.688232,-0.889904
0.688721,-1.046267
0.689209,-0.897198
0.689697,-0.923603
0.690186,-0.718427
0.690674,-0.743201
0.691162,-0.797230
0.691650,-0.861369
0.692139,-1.041841
0.692627,-0.911925
0.693115,-0.958043
0.693604,-0.754894
0.694092,-0.807171
0.694580,-0.881094
0.695068,-0.968947
0.695557,-1.167867
0.696045,-1.027300
0.696533,-1.092254
0.697021,-0.884570
0.697510,-0.989814
0.697998,-1.050473
0.698486,-1.166067
0.698975,-1.309364
0.699463,-1.197260
0.699951,-1.233651
0.700439,-1.106243
0.700928,-1.159726
0.701416,-1.249869
0.701904,-1.257317
0.702393,-1.431249
0.702881,-1.303792
0.703369,-1.393691
0.703857,-1.248085
0.704346,-1.221668
0.704834,-1.273138
0.705322,-1.245753
0.705811,-1.474428
0.706299,-1.352856
0.706787,-1.391174
0.707275,-1.177242
0.707764,-1.103742
0.708252,-1.183326
0.708740,-1.159690
0.709229,-1.374032
0.709717,-1.192370
0.710205,-1.162686
0.710693,-1.001062
0.711182,-0.903082
0.711670,-1.009338
0.712158,-0.903551
0.712646,-1.056390
0.713135,-0.940456
0.713623,-0.903997
0.714111,-0.802100
0.714600,-0.614323
0.715088,-0.675460
0.715576,-0.618589
0.716064,-0.781167
0.716553,-0.714215
0.717041,-0.643361
0.717529,-0.525630
0.718018,-0.364319
0.718506,-0.488358
0.718994,-0.390881
0.719482,-0.554758
0.719971,-0.562636
0.720459,-0.468167
0.720947,-0.453986
0.721436,-0.258393
0.721924,-0.358980
0.722412,-0.359844
0.722900,-0.513258
0.723389,-0.544031
0.723877,-0.451445
0.724365,-0.550168
0.724854,-0.363996
0.725342,-0.419385
0.725830,-0.446320
0.726318,-0.600435
0.726807,-0.776819
0.727295,-0.644901
0.727783,-0.709205
0.728271,-0.582469
0.728760,-0.660882
0.729248,-0.742357
0.729736,-0.781899
0.730225,-1.015952
0.730713,-0.959549
0.731201,-1.021250
0.731689,-0.900792
0.732178,-0.888188
0.732666,-1.036380
0.733154,-1.039633
0.733643,-1.271377
0.734131,-1.249293
0.734619,-1.274715
0.735107,-1.196493
0.735596,-1.084295
0.736084,-1.273601
0.736572,-1.260286
0.737061,-1.423458
0.737549,-1.437011
0.738037,-1.421438
0.738525,-1.423971
0.739014,-1.206079
0.739502,-1.349043
0.739990,-1.360465
0.740479,-1.453009
0.740967,-1.517311
0.741455,-1.443916
0.741943,-1.515176
0.742432,-1.266843
0.742920,-1.295718
0.743408,-1.335650
0.743896,-1.374110
0.744385,-1.524003
0.744873,-1.418621
0.745361,-1.447266
0.745850,-1.258419
0.746338,-1.204087
0.746826,-1.316732
0.747314,-1.243668
0.747803,-1.437633
0.748291,-1.407941
0.748779,-1.408255
0.749268,-1.288065
0.749756,-1.159869
0.750244,-1.321258
0.750732,-1.257178
0.751221,-1.414641
0.751709,-1.479558
0.752197,-1.397244
0.752686,-1.419474
0.753174,-1.259987
0.753662,-1.364897
0.754150,-1.388218
0.754639,-1.542696
0.755127,-1.720087
0.755615,-1.576086
0.756104,-1.693111
0.756592,-1.589938
0.757080,-1.573597
0.757568,-1.691673
0.758057,-1.760148
0.758545,-1.999617
0.759033,-1.944022
0.759521,-2.015583
0.760010,-1.962086
0.760498,-1.882464
0.760986,-2.095530
0.761475,-2.060440
0.761963,-2.290238
0.762451,-2.416613
0.762939,-2.352365
0.763428,-2.394100
0.763916,-2.279764
0.764404,-2.410483
0.764893,-2.442886
0.765381,-2.576926
0.765869,-2.767064
0.766357,-2.679068
0.766846,-2.780570
0.767334,-2.616425
0.767822,-2.614173
0.768311,-2.786317
0.768799,-2.731974
0.769287,-2.962721
0.769775,-2.960091
0.770264,-2.913444
0.770752,-2.881591
0.771240,-2.727725
0.771729,-2.830454
0.772217,-2.821456
0.772705,-2.937314
0.773193,-2.976397
0.773682,-2.898852
0.774170,-2.909836
0.774658,-2.656082
0.775146,-2.715311
0.775635,-2.748323
0.776123,-2.723313
0.776611,-2.926006
0.777100,-2.777457
0.777588,-2.784157
0.778076,-2.654321
0.778564,-2.451489
0.779053,-2.603265
0.779541,-2.504692
0.780029,-2.627851
0.780518,-2.681199
0.781006,-2.551092
0.781494,-2.561322
0.781982,-2.334473
0.782471,-2.354702
0.782959,-2.387038
0.783447,-2.385383
0.783936,-2.533775
0.784424,-2.466423
0.784912,-2.442198
0.785400,-2.320362
0.785889,-2.216905
0.786377,-2.311421
0.786865,-2.286522
0.787354,-2.458728
0.787842,-2.492532
0.788330,-2.444122
0.788818,-2.391462
0.789307,-2.236731
0.789795,-2.333836
0.790283,-2.356816
0.790771,-2.451720
0.791260,-2.601056
0.791748,-2.530253
0.792236,-2.539500
0.792725,-2.443451
0.793213,-2.423647
0.793701,-2.500708
0.794189,-2.497881
0.794678,-2.702563
0.795166,-2.742702
0.795654,-2.685805
0.796143,-2.670484
0.796631,-2.540064
0.797119,-2.600209
0.797607,-2.646400
0.798096,-2.718934
0.798584,-2.863670
0.799072,-2.790617
0.799561,-2.799026
0.800049,-2.704860
0.800537,-2.561832
0.801025,-2.684264
0.801514,-2.690632
0.802002,-2.801872
0.802490,-2.826790
0.802979,-2.720927
0.803467,-2.756000
0.803955,-2.485272
0.804443,-2.521219
0.804932,-2.601741
0.805420,-2.521603
0.805908,-2.707596
0.806396,-2.566965
0.806885,-2.556854
0.807373,-2.384322
0.807861,-2.229437
0.808350,-2.362870
0.808838,-2.199122
0.809326,-2.365132
0.809814,-2.378611
0.810303,-2.218731
0.810791,-2.190465
0.811279,-1.999053
0.811768,-1.947241
0.812256,-1.948590
0.812744,-1.961978
0.813232,-2.066187
0.813721,-1.983822
0.814209,-1.911803
0.814697,-1.861862
0.815186,-1.603357
0.815674,-1.722930
0.816162,-1.671604
0.816650,-1.737481
0.817139,-1.871977
0.817627,-1.694441
0.818115,-1.772539
0.818604,-1.544149
0.819092,-1.531140
0.819580,-1.607689
0.820068,-1.560533
0.820557,-1.753404
0.821045,-1.782386
0.821533,-1.663289
0.822021,-1.744334
0.822510,-1.535339
0.822998,-1.597737
0.823486,-1.678674
0.823975,-1.695229
0.824463,-1.948989
0.824951,-1.818111
0.825439,-1.928915
0.825928,-1.817189
0.826416,-1.735153
0.826904,-1.872214
0.827393,-1.888977
0.827881,-2.015190
0.828369,-2.198302
0.828857,-2.082414
0.829346,-2.168899
0.829834,-2.047032
0.830322,-2.032589
0.830811,-2.145786
0.831299,-2.181249
0.831787,-2.369640
0.832275,-2.412698
0.832764,-2.348034
0.833252,-2.419667
0.833740,-2.194287
0.834229,-2.316632
0.834717,-2.352758
0.835205,-2.385070
0.835693,-2.596761
0.836182,-2.530120
0.836670,-2.496057
0.837158,-2.486838
0.837646,-2.296263
0.838135,-2.417150
0.838623,-2.401186
0.839111,-2.506643
0.839600,-2.611446
0.840088,-2.514577
0.840576,-2.523269
0.841064,-2.388420
0.841553,-2.275944
0.842041,-2.414725
0.842529,-2.311219
0.843018,-2.518427
0.843506,-2.519206
0.843994,-2.413061
0.844482,-2.436924
0.844971,-2.248245
0.845459,-2.197563
0.845947,-2.306195
0.846436,-2.238909
0.846924,-2.434778
0.847412,-2.392188
0.847900,-2.329586
0.848389,-2.301882
0.848877,-2.150402
0.849365,-2.169030
0.849854,-2.250762
0.850342,-2.237336
0.850830,-2.480590
0.851318,-2.324293
0.851807,-2.395861
0.852295,-2.299549
0.852783,-2.159911
0.853271,-2.325481
0.853760,-2.286429
0.854248,-2.444169
0.854736,-2.598956
0.855225,-2.495557
0.855713,-2.563895
0.856201,-2.491438
0.856689,-2.373229
0.857178,-2.607393
0.857666,-2.541283
0.858154,-2.778840
0.858643,-2.875643
0.859131,-2.808363
0.859619,-2.904554
0.860107,-2.780117
0.860596,-2.785142
0.861084,-2.928394
0.861572,-2.957508
0.862061,-3.151776
0.862549,-3.267977
0.863037,-3.161562
0.863525,-3.285030
0.864014,-3.117405
0.864502,-3.173348
0.864990,-3.300619
0.865479,-3.303367
0.865967,-3.545420
0.866455,-3.526425
0.866943,-3.554881
0.867432,-3.512680
0.867920,-3.394021
0.868408,-3.465898
0.868896,-3.499181
0.869385,-3.564438
0.869873,-3.760682
0.870361,-3.690476
0.870850,-3.652454
0.871338,-3.678646
0.871826,-3.436672
0.872314,-3.561493
0.872803,-3.560701
0.873291,-3.580429
0.873779,-3.787320
0.874268,-3.609043
0.874756,-3.666900
0.875244,-3.537553
0.875732,-3.332679
0.876221,-3.474712
0.876709,-3.401805
0.877197,-3.465168
0.877686,-3.568717
0.878174,-3.458353
0.878662,-3.441129
0.879150,-3.297934
0.879639,-3.127519
0.880127,-3.224214
0.880615,-3.194005
0.881104,-3.210781
0.881592,-3.344344
0.882080,-3.191890
0.882568,-3.191475
0.883057,-3.066649
0.883545,-2.854821
0.884033,-3.021308
0.884521,-2.948023
0.885010,-3.027702
0.885498,-3.156020
0.885986,-2.950992
0.886475,-3.037150
0.886963,-2.882314
0.887451,-2.734681
0.887939,-2.894486
0.888428,-2.781840
0.888916,-2.976041
0.889404,-3.077061
0.889893,-2.899359
0.890381,-2.995096
0.890869,-2.792750
0.891357,-2.751528
0.891846,-2.903385
0.892334,-2.825659
0.892822,-3.032843
0.893311,-3.064187
0.893799,-2.974161
0.894287,-3.068146
0.894775,-2.885475
0.895264,-2.873457
0.895752,-2.982062
0.896240,-2.912743
0.896729,-3.142818
0.897217,-3.174271
0.897705,-3.114534
0.898193,-3.181495
0.898682,-2.990512
0.899170,-2.972725
0.899658,-3.057103
0.900146,-3.012689
0.900635,-3.226067
0.901123,-3.243755
0.901611,-3.186569
0.902100,-3.216436
0.902588,-3.015691
0.903076,-2.994664
0.903564,-3.036637
0.904053,-3.002755
0.904541,-3.168563
0.905029,-3.176757
0.905518,-3.096344
0.906006,-3.102521
0.906494,-2.905325
0.906982,-2.847404
0.907471,-2.889374
0.907959,-2.818660
0.908447,-2.951891
0.908936,-2.952773
0.909424,-2.811605
0.909912,-2.821234
0.910400,-2.611101
0.910889,-2.506323
0.911377,-2.598485
0.911865,-2.480673
0.912354,-2.610124
0.912842,-2.657036
0.913330,-2.443256
0.913818,-2.494089
0.914307,-2.269931
0.914795,-2.103459
0.915283,-2.237210
0.915771,-2.081318
0.916260,-2.192742
0.916748,-2.279649
0.917236,-2.057137
0.917725,-2.094897
0.918213,-1.930551
0.918701,-1.747782
0.919189,-1.863860
0.919678,-1.803355
0.920166,-1.862068
0.920654,-1.980321
0.921143,-1.854497
0.921631,-1.820584
0.922119,-1.728474
0.922607,-1.595277
0.923096,-1.645219
0.923584,-1.665606
0.924072,-1.743519
0.924561,-1.861853
0.925049,-1.777577
0.925537,-1.788953
0.926025,-1.713372
0.926514,-1.547535
0.927002,-1.708601
0.927490,-1.672887
0.927979,-1.760559
0.928467,-1.985793
0.928955,-1.843548
0.929443,-1.899079
0.929932,-1.898571
0.930420,-1.690583
0.930908,-1.838691
0.931396,-1.899585
0.931885,-1.941318
0.932373,-2.142470
0.932861,-2.147759
0.933350,-2.107856
0.933838,-2.125218
0.934326,-1.999609
0.934814,-2.047252
0.935303,-2.118837
0.935791,-2.150488
0.936279,-2.375299
0.936768,-2.324623
0.937256,-2.278182
0.937744,-2.359505
0.938232,-2.110581
0.938721,-2.186642
0.939209,-2.298405
0.939697,-2.252568
0.940186,-2.453128
0.940674,-2.504281
0.941162,-2.409669
0.941650,-2.408712
0.942139,-2.281583
0.942627,-2.209432
0.943115,-2.284379
0.943604,-2.246634
0.944092,-2.419132
0.944580,-2.479279
0.945068,-2.329384
0.945557,-2.425036
0.946045,-2.239838
0.946533,-2.086192
0.947021,-2.216894
0.947510,-2.154554
0.947998,-2.229737
0.948486,-2.347901
0.948975,-2.265709
0.949463,-2.238498
0.949951,-2.126285
0.950439,-1.958627
0.950928,-2.049559
0.951416,-2.002334
0.951904,-2.032092
0.952393,-2.268455
0.952881,-2.112175
0.953369,-2.072575
0.953857,-2.049149
0.954346,-1.847987
0.954834,-1.894009
0.955322,-1.927874
0.955811,-1.985972
0.956299,-2.141975
0.956787,-2.086737
0.957275,-2.018331
0.957764,-2.093900
0.958252,-1.894483
0.958740,-1.884300
0.959229,-2.033418
0.959717,-1.978166
0.960205,-2.165161
0.960693,-2.228265
0.961182,-2.198073
0.961670,-2.237382
0.962158,-2.076106
0.962646,-2.032501
0.963135,-2.226553
0.963623,-2.223211
0.964111,-2.319689
0.964600,-2.525695
0.965088,-2.437464
0.965576,-2.508916
0.966064,-2.440555
0.966553,-2.338023
0.967041,-2.495049
0.967529,-2.513965
0.968018,-2.608397
0.968506,-2.836401
0.968994,-2.804931
0.969482,-2.765778
0.969971,-2.831209
0.970459,-2.673432
0.970947,-2.762875
0.971436,-2.821826
0.971924,-2.847833
0.972412,-3.108449
0.972900,-3.103058
0.973389,-3.030998
0.973877,-3.089458
0.974365,-2.973475
0.974854,-2.911718
0.975342,-3.049246
0.975830,-2.991059
0.976318,-3.174641
0.976807,-3.280362
0.977295,-3.142530
0.977783,-3.176975
0.978271,-3.070996
0.978760,-2.956855
0.979248,-3.042756
0.979736,-3.005135
0.980225,-3.030562
0.980713,-3.261965
0.981201,-3.108038
0.981689,-3.039202
0.982178,-3.014990
0.982666,-2.835880
0.983154,-2.841924
0.983643,-2.838718
0.984131,-2.802231
0.984619,-2.964593
0.985107,-2.961850
0.985596,-2.804547
0.986084,-2.805553
0.986572,-2.577381
0.987061,-2.553859
0.987549,-2.598390
0.988037,-2.488414
0.988525,-2.596680
0.989014,-2.716262
0.989502,-2.535761
0.989990,-2.522804
0.990479,-2.395907
0.990967,-2.195698
0.991455,-2.335666
0.991943,-2.268138
0.992432,-2.252070
0.992920,-2.426720
0.993408,-2.365137
0.993896,-2.278227
0.994385,-2.296598
0.994873,-2.014371
0.995361,-2.058609
0.995850,-2.147643
0.996338,-2.083933
0.996826,-2.243714
0.997314,-2.271832
0.997803,-2.150385
0.998291,-2.234305
0.998779,-2.083856
0.999268,-1.943008
0.999756,-2.074218
